CUSTOMER_ID;ESTADO_CIVIL;SEXO;EDAD;NACIONALIDAD;PROFESION;GENERACION_CLIENTE;COMUNA_CLIENTE;CIUDAD_CLIENTE;SUMA_INGRESOS_12;CANTIDAD_PRODUCTOS_12;SUMA_BOLETAS_12;CANTIDAD_UNIDADES_ECOMMERCE_12;SUMA_BOLETAS_ECOMMERCE_12;SUMA_INGRESOS_ECOMMERCE_12;CANTIDAD_UNIDADES_TIENDA_12;SUMA_BOLETAS_TIENDA_12;SUMA_INGRESOS_TIENDA_12;ULTIMO_PRODUCTO_COMPRADO;LINEA_ULTIMO_PRODUCTO_COMPRDO
15701776;;F;38;CHILENO;;X;LA FLORIDA;METROPOLITANA;339980;2;1;2;1;339980;0;0;0;Cocina MCG-5QI30NS 5P;LINEA BLANCA
10594691;;M;56;CHILENO;;Boomers;RENCA                         ;METROPOLITANA;154640;2;1;0;0;0;2;1;154640;Centrifuga Primma 5B 5,5Kilos;LINEA BLANCA
8719355;;F;66;CHILENO;;Boomers;PUENTE ALTO                   ;METROPOLITANA;639960;6;2;2;1;309980;4;1;329980;Cocina 5Q ANDES7650FX0 Acero Inox;LINEA BLANCA
14533760;;M;46;CHILENO;;X;TALCA                         ;MAULE;1227730;7;3;2;1;398980;5;2;828750;REFRIGERADOR SIDE BY SIDE RC-56WS 428L;LINEA BLANCA
7721788;;F;67;CHILENO;;Boomers;SAN JAVIER                    ;MAULE;845250;6;2;0;0;0;6;2;845250;Cocina CH-7400 4P;LINEA BLANCA
17717422;;F;31;CHILENO;;Millenial;PARRAL                        ;MAULE;249980;2;2;0;0;0;2;2;249980;Lavadora MLS-160BSC03T 16Kg Blanca;LINEA BLANCA
18591973;;F;28;CHILENO;;Millenial;PROVIDENCIA                   ;METROPOLITANA;201980;2;1;2;1;201980;0;0;0;Lavadora 9,5Kg BZG Blanca;LINEA BLANCA
8306649;;F;63;CHILENO;;Boomers;LEBU                          ;BIO BIO;636230;7;6;0;0;0;7;6;636230;Refrigerador 241Lts BF Frio Directo Nordik 415;LINEA BLANCA
13501770;;M;44;CHILENO;;X;SANTIAGO;METROPOLITANA;277960;5;1;5;1;277960;0;0;0;Lavadora Efficace SZG 17,5Kg Silver;LINEA BLANCA
16463398;;M;34;CHILENO;;Millenial;PARRAL                        ;MAULE;348360;3;2;0;0;0;3;2;348360;Calefon 11Lts GL Master;LINEA BLANCA
8258415;;F;66;CHILENO;;Boomers;CALAMA                        ;ANTOFAGASTA;424460;4;2;4;2;424460;0;0;0;Encimera Gas MCE 435E T 4P;LINEA BLANCA
9247706;;F;62;CHILENO;;Boomers;LINARES                       ;MAULE;1145980;10;10;1;1;89990;9;9;1055990;Freezer Horizontal M 150 142Lts;LINEA BLANCA
16565363;;F;35;CHILENO;;Millenial;OVALLE                        ;COQUIMBO;450420;10;6;0;0;0;10;6;450420;Lavadora MLS-090GE04N 9Kg Gris;LINEA BLANCA
18624736;;F;32;CHILENO;;Millenial;PROVIDENCIA                   ;METROPOLITANA;909970;5;2;5;2;909970;0;0;0;Lavadora WA80H4200SW1ZS 8Kg Blanca;LINEA BLANCA
12815722;;M;47;CHILENO;;X;ANTOFAGASTA                   ;ANTOFAGASTA;338270;3;2;0;0;0;3;2;338270;REFRIGERADOR BOTTOM FREEZER FD RD-35DCD 262L;LINEA BLANCA
7586647;;F;73;CHILENO;;Silencioso;MELIPILLA                     ;METROPOLITANA;170980;2;1;0;0;0;2;1;170980;FRIGOBAR 93 LTS MFB-930S121LN;LINEA BLANCA
12734346;;F;50;CHILENO;;X;N/D;N/D;242960;4;3;2;1;203980;2;2;38980;Lavadora 9,5Kg BZG Blanca;LINEA BLANCA
13352200;;M;43;CHILENO;;X;PROVIDENCIA                   ;METROPOLITANA;396980;2;1;2;1;396980;0;0;0;Freezer Vertical MFV-2400S312FW 227Lts;LINEA BLANCA
14215085;;M;41;CHILENO;;X;TRAIGUEN                      ;ARAUCANIA;189980;2;1;2;1;189980;0;0;0;Refrigerador 167Lts Frio Directo 1700-S;LINEA BLANCA
10637150;;F;55;CHILENO;;Boomers;LA LIGUA                      ;VALPARAISO;493060;5;5;0;0;0;5;5;493060;Lavadora MLS-190GC03N 19Kg Gris;LINEA BLANCA
7765337;Soltero;F;60;CHILENO;;Boomers;PROVIDENCIA                   ;METROPOLITANA;947920;8;5;0;0;0;8;5;947920;Lavadora Premium Care 20SZ 20Kg Silver;LINEA BLANCA
8491422;;F;63;CHILENO;;Boomers;CALAMA                        ;ANTOFAGASTA;977170;3;2;0;0;0;3;2;977170;Refrigerador 260Lts BF Frio Direc MRFI2660SR346W;LINEA BLANCA
12677601;;M;48;CHILENO;;X;LA GRANJA;METROPOLITANA;303970;3;2;2;1;143980;1;1;159990;Lavadora Semiautomatica Twister 5100 4Kg;LINEA BLANCA
11366699;;F;54;CHILENO;;X;TALAGANTE                     ;METROPOLITANA;232130;3;1;0;0;0;3;1;232130;Lavadora WA80H4200SW1ZS 8Kg Blanca;LINEA BLANCA
12603919;;F;48;CHILENO;;X;SAN BERNARDO                  ;METROPOLITANA;202130;3;1;0;0;0;3;1;202130;Lavadora MLS-090GE04N 9Kg Gris;LINEA BLANCA
9316915;;F;58;CHILENO;;Boomers;PROVIDENCIA                   ;METROPOLITANA;422970;3;2;0;0;0;3;2;422970;Cocina CH-8700IN 5P;LINEA BLANCA
7558328;;F;68;CHILENO;;Boomers;TOCOPILLA                     ;ANTOFAGASTA;3021580;22;13;9;4;422550;13;9;2599030;Cocina CH-9955NG 5P;LINEA BLANCA
6990790;;M;69;CHILENO;;Silencioso;COQUIMBO                      ;COQUIMBO;397130;4;2;0;0;0;4;2;397130;Lavadora Semiautomatica LC-6550 6,5Kg;LINEA BLANCA
9558630;;F;60;CHILENO;;Boomers;PIRQUE                        ;METROPOLITANA;863820;12;6;0;0;0;12;6;863820;Calefont 10Lts GL Essenetial ECO;LINEA BLANCA
13683423;;F;42;CHILENO;;X;PROVIDENCIA                   ;METROPOLITANA;216970;3;2;2;1;163980;1;1;52990;Freezer 145 Lts FDHM150BY0 Horizontal;LINEA BLANCA
18363152;;M;29;CHILENO;;Millenial;TALCAHUANO                    ;BIO BIO;341960;4;2;4;2;341960;0;0;0;Lavadora WA80H4200SW1ZS 8Kg Blanca;LINEA BLANCA
8075377;;M;63;CHILENO;;Boomers;PUNTA ARENAS                  ;MAGALLANES;154990;1;1;0;0;0;1;1;154990;Secadora Ropa MSV-90 9K Blanca Ventilacion;LINEA BLANCA
6596722;Divorciado;M;64;CHILENO;;Boomers;PROVIDENCIA                   ;METROPOLITANA;358950;5;2;5;2;358950;0;0;0;Lavadora MLS-090GE04N 9Kg Gris;LINEA BLANCA
11532445;;F;52;CHILENO;;X;CAUQUENES                     ;MAULE;417918;10;2;0;0;0;10;2;417918;Lavadora Efficace SZG 17,5Kg Silver;LINEA BLANCA
10398035;;M;55;CHILENO;;Boomers;RENCA                         ;METROPOLITANA;224970;3;2;2;1;211980;1;1;12990;Lavadora LMA0920WGCL0 9,5Kg Gris;LINEA BLANCA
11506605;;F;52;CHILENO;;X;PROVIDENCIA                   ;METROPOLITANA;403980;2;1;2;1;403980;0;0;0;Lavadora Secadora Perfect Care 8Kg/5Kg Blanca;LINEA BLANCA
16506721;;F;36;CHILENO;;Millenial;PUERTO MONTT                  ;LOS LAGOS;1027120;9;3;0;0;0;9;3;1027120;Lavadora MLS-090GE04N 9Kg Gris;LINEA BLANCA
17670115;;F;31;CHILENO;;Millenial;PROVIDENCIA                   ;METROPOLITANA;395570;4;3;0;0;0;4;3;395570;Lavadora WT19DSBP 19Kg Silver;LINEA BLANCA
12320939;;M;49;CHILENO;;X;TOME                          ;BIO BIO;149990;1;1;0;0;0;1;1;149990;Calefont 10Lts GL Essenetial ECO;LINEA BLANCA
19441843;;M;25;CHILENO;;Z;BUIN                          ;METROPOLITANA;249990;1;1;0;0;0;1;1;249990;Lavadora MLS-160BSC03T 16Kg Blanca;LINEA BLANCA
27120651;;M;42;VENEZOLANO;;Extranjero;MACHALI                       ;L.G.B.OÂ´HIGGINS;159990;1;1;0;0;0;1;1;159990;Freezer 145 Lts FDHM150BY0 Horizontal;LINEA BLANCA
18552164;;F;29;CHILENO;;Millenial;VILLA ALEMANA                 ;VALPARAISO;551420;5;1;0;0;0;5;1;551420;Lavadora MLS-160BSC03T 16Kg Blanca;LINEA BLANCA
12411456;;F;49;CHILENO;;X;MELIPILLA                     ;METROPOLITANA;1451220;6;3;0;0;0;6;3;1451220;Refrigerador 626Lt Side by Side GS65MPP1 APZPECL;LINEA BLANCA
27128211;;F;25;VENEZOLANO;;Extranjero;DONIHUE;O HIGGINS;178980;2;1;2;1;178980;0;0;0;Lavadora MLS-090GE04N 9Kg Gris;LINEA BLANCA
12922046;;M;48;CHILENO;;X;PUENTE ALTO                   ;METROPOLITANA;340370;2;1;0;0;0;2;1;340370;Refrigerador 303Lts BF Frio Directo Nordik 480;LINEA BLANCA
10334522;;F;57;CHILENO;;Boomers;BUIN                          ;METROPOLITANA;386970;3;2;0;0;0;3;2;386970;Refrigerador 255Lts No Frost RT25FARADS8/ZS;LINEA BLANCA
10308893;;F;55;CHILENO;;Boomers;NEGRETE                       ;BIO BIO;527110;5;2;0;0;0;5;2;527110;Lavadora 9,5Kg BZG Blanca;LINEA BLANCA
18016499;;F;30;CHILENO;;Millenial;ANCUD                         ;LOS LAGOS;1672330;15;10;0;0;0;15;10;1672330;Producto Segunda Seleccion Banda 3;LINEA BLANCA
13044547;;F;46;CHILENO;;X;SAN RAMON                     ;METROPOLITANA;1322670;15;8;0;0;0;15;8;1322670;Lavadora WT19DSBP 19Kg Silver;LINEA BLANCA
13906828;;M;48;CHILENO;;X;MAIPU                         ;METROPOLITANA;2664310;18;12;15;9;2344340;3;3;319970;Lavadora Secadora 11/8Kg MF100D110B/W Blanca;LINEA BLANCA
8650584;;F;62;CHILENO;;Boomers;PROVIDENCIA                   ;METROPOLITANA;276980;5;1;0;0;0;5;1;276980;Lavadora Efficace SZG 17,5Kg Silver;LINEA BLANCA
13778090;Casado;M;42;CHILENO;TECNICO EN ELECTRICIDAD;X;PROVIDENCIA                   ;METROPOLITANA;279980;2;1;2;1;279980;0;0;0;Lavadora Secadora MF100D110B/T 11Kg/8KG Gris;LINEA BLANCA
9785743;;F;58;CHILENO;;Boomers;PAPUDO                        ;VALPARAISO;386960;4;4;0;0;0;4;4;386960;Calefon ionizado 7 litros GL AS0;LINEA BLANCA
18646578;;F;28;CHILENO;;Millenial;N/D;N/D;653620;6;3;5;2;503630;1;1;149990;Calefont 10Lts GL Essenetial ECO;LINEA BLANCA
6758365;;F;71;CHILENO;;Silencioso;LAS CONDES                    ;METROPOLITANA;192870;2;1;0;0;0;2;1;192870;Calefon ionizado 7 litros GL AS0;LINEA BLANCA
6553680;;F;72;CHILENO;;Silencioso;SAN FELIPE                    ;VALPARAISO;314840;5;2;0;0;0;5;2;314840;Freezer 142Lts EFC14A5MNW Horizontal;LINEA BLANCA
17351250;;F;32;CHILENO;;Millenial;PINTO;BIO-BIO;271980;2;1;2;1;271980;0;0;0;Lavadora Efficace SZG 17,5Kg Silver;LINEA BLANCA
18751794;;F;28;CHILENO;;Millenial;VALLENAR;ATACAMA;399980;2;1;2;1;399980;0;0;0;Lavadora Secadora 11/8Kg MF100D110B/W Blanca;LINEA BLANCA
16880685;;M;34;CHILENO;;Millenial;ALTO HOSPICIO;TARAPACA;411980;2;1;2;1;411980;0;0;0;Lavadora Secadora MLSF-13510SC01I 13,5Kg/10Kg Gr;LINEA BLANCA
17822015;;F;31;CHILENO;;Millenial;TALCA                         ;MAULE;185970;3;1;0;0;0;3;1;185970;Secadora Ropa MD100A90/W 9Kg Ventilacion Blanca;LINEA BLANCA
14524133;Soltero;F;47;CHILENO;;X;RENCA                         ;METROPOLITANA;378370;3;3;0;0;0;3;3;378370;Refrigerador 3560-S 337Lts No Frost;LINEA BLANCA
13858031;;F;41;CHILENO;;X;"";"";360970;3;2;0;0;0;3;2;360970;Lavadora MLS-160BSC03T 16Kg Blanca;LINEA BLANCA
8679068;;M;63;CHILENO;;Boomers;MAFIL                         ;LOS LAGOS;381980;3;2;0;0;0;3;2;381980;Lavadora WA90H4400SW1ZS 9Kg Blanca;LINEA BLANCA
10847344;;M;53;CHILENO;;X;LEBU                          ;BIO BIO;203980;2;1;0;0;0;2;1;203980;Secadora Ropa MD100A90/W 9Kg Ventilacion Blanca;LINEA BLANCA
10061209;;F;41;CHILENO;;X;N/D;N/D;1315910;9;7;0;0;0;9;7;1315910;Lavadora WT13WSBP 13Kg Blanca;LINEA BLANCA
15527463;;M;36;CHILENO;;Millenial;PROVIDENCIA                   ;METROPOLITANA;219990;1;1;0;0;0;1;1;219990;Cocina CH-9400 4P SILVER;LINEA BLANCA
6943148;;M;70;CHILENO;;Boomers;PROVIDENCIA                   ;METROPOLITANA;191980;2;1;2;1;191980;0;0;0;Lavadora Secadora MF100D110B/T 11Kg/8KG Gris;LINEA BLANCA
4539218;;M;81;CHILENO;;Silencioso;ILLAPEL                       ;COQUIMBO;499360;5;4;0;0;0;5;4;499360;Calefont 8Lts GL Essenetial ECO;LINEA BLANCA
25645821;;F;30;VENEZOLANO;;Extranjero;ESTACION CENTRAL;METROPOLITANA;169980;2;1;2;1;169980;0;0;0;Refrigerador 180Lts BF Frio Directo MDRB275FGF42;LINEA BLANCA
19680851;;M;25;CHILENO;;Z;PROVIDENCIA                   ;METROPOLITANA;169980;2;1;2;1;169980;0;0;0;Refrigerador 180Lts BF Frio Directo MDRB275FGF42;LINEA BLANCA
10476019;;F;57;CHILENO;;Boomers;PUNTA ARENAS                  ;MAGALLANES;341810;3;2;0;0;0;3;2;341810;Lavadora WA90H4400SW1ZS 9Kg Blanca;LINEA BLANCA
13790330;;M;41;CHILENO;;X;COLBUN                        ;MAULE;471970;3;2;0;0;0;3;2;471970;Lavadora Efficace SZG 19,5Kg Silver;LINEA BLANCA
20201719;;F;23;CHILENO;;Z;"";"";753960;4;2;4;2;753960;0;0;0;Refrigerador 180Lts BF Frio Directo MDRB275FGF42;LINEA BLANCA
14368148;;F;47;CHILENO;;X;"";"";975880;10;4;10;4;975880;0;0;0;CALEFON VIVACE 7 ECO GL MADEMSA;LINEA BLANCA
6473946;;F;72;CHILENO;;Silencioso;CASTRO                        ;LOS LAGOS;1389149;13;4;0;0;0;13;4;1389149;Lavadora MLS-090GE04N 9Kg Gris;LINEA BLANCA
8747666;;F;62;CHILENO;;Boomers;RENGO                         ;L.G.B.OÂ´HIGGINS;866750;7;2;0;0;0;7;2;866750;Refrigerador 260Lts BF Frio Direc MRFI2660SR346W;LINEA BLANCA
10374904;;F;59;CHILENO;;Boomers;BUIN                          ;METROPOLITANA;159980;2;1;0;0;0;2;1;159980;Secadora Ropa MD100A90/W 9Kg Ventilacion Blanca;LINEA BLANCA
7496250;;M;65;CHILENO;;Boomers;NATALES                       ;MAGALLANES;269870;2;1;0;0;0;2;1;269870;Lavadora MLS-160BSC03T 16Kg Blanca;LINEA BLANCA
7276329;;M;67;CHILENO;;Boomers;SAN VICENTE                   ;L.G.B.OÂ´HIGGINS;149990;1;1;0;0;0;1;1;149990;Calefont 10Lts GL Essenetial ECO;LINEA BLANCA
19047037;;M;27;CHILENO;;Z;QUILLOTA                      ;VALPARAISO;231970;3;2;2;1;196980;1;1;34990;Refrigerador 180Lts BF Frio Directo MDRB275FGF42;LINEA BLANCA
12770315;;M;47;CHILENO;;X;RENCA                         ;METROPOLITANA;300940;3;1;0;0;0;3;1;300940;Lavadora MLS-160BSC03T 16Kg Blanca;LINEA BLANCA
8756103;;M;61;CHILENO;;Boomers;LOS ANGELES                   ;BIO BIO;751470;3;2;0;0;0;3;2;751470;Lavadora Efficace SZG 17,5Kg Silver;LINEA BLANCA
16051626;;M;36;CHILENO;;Millenial;RENCA                         ;METROPOLITANA;239980;2;2;0;0;0;2;2;239980;Lavadora WA80H4200SW1ZS 8Kg Blanca;LINEA BLANCA
6653361;;F;69;CHILENO;;Silencioso;N/D;N/D;432960;4;2;4;2;432960;0;0;0;Lavadora WA90H4400SW1ZS 9Kg Blanca;LINEA BLANCA
8932784;;F;58;CHILENO;;Boomers;ARICA                         ;ARICA Y PARINACOTA;628501;8;4;0;0;0;8;4;628501;Refrigerador 250 Lts No Frost RMA250PHUG1;LINEA BLANCA
16162985;;F;37;CHILENO;;Millenial;PROVIDENCIA                   ;METROPOLITANA;439980;2;1;2;1;439980;0;0;0;Lavadora Secadora Perfect Care 8Kg/5Kg Blanca;LINEA BLANCA
11225069;;F;53;CHILENO;;X;CARTAGENA                     ;VALPARAISO;586960;4;3;1;1;379990;3;2;206970;Secadora Ropa MD100A90/W 9Kg Ventilacion Blanca;LINEA BLANCA
12537574;;M;48;CHILENO;;X;"";"";267970;3;1;0;0;0;3;1;267970;Lavadora WA90H4400SW1ZS 9Kg Blanca;LINEA BLANCA
6456413;;M;71;CHILENO;;Silencioso;RENCA                         ;METROPOLITANA;319360;3;1;0;0;0;3;1;319360;Lavadora Efficace SZG 15,5Kg Silver;LINEA BLANCA
7748361;;F;66;CHILENO;;Boomers;PROVIDENCIA                   ;METROPOLITANA;694342;6;3;0;0;0;6;3;694342;Refrigerador 527Lts Side by Side MRSBS5300G689WE;LINEA BLANCA
7032698;;F;67;CHILENO;;Boomers;SAN ANTONIO                   ;VALPARAISO;515060;2;3;0;0;0;2;3;515060;Lavadora WT16DSBP 16Kg Silver;LINEA BLANCA
23183388;;M;52;CHILENO;;Extranjero;ARICA                         ;TARAPACA;528938;7;2;0;0;0;7;2;528938;Lavadora Semiautomatica Twister 5100 4Kg;LINEA BLANCA
14335435;;F;44;CHILENO;;X;"";"";589980;2;1;2;1;589980;0;0;0;COCINA LENA ENLOZADA 72x56;LINEA BLANCA
8438416;;M;63;CHILENO;;Boomers;VICTORIA                      ;ARAUCANIA;271210;4;2;0;0;0;4;2;271210;Calefont 10Lts GL Essenetial ECO;LINEA BLANCA
12141334;;F;58;CHILENO;;Boomers;ANCUD                         ;LOS LAGOS;491940;6;3;0;0;0;6;3;491940;Lavadora MLS-090GE04N 9Kg Gris;LINEA BLANCA
6667212;;F;71;CHILENO;;Silencioso;LINARES                       ;MAULE;338820;4;3;0;0;0;4;3;338820;Lavadora Efficace SZG 17,5Kg Silver;LINEA BLANCA
9308983;;F;59;CHILENO;;Boomers;RENCA                         ;METROPOLITANA;434980;3;2;2;1;399990;1;1;34990;Refrigerador Side by side Multidoor DM64S;LINEA BLANCA
5346435;;M;77;CHILENO;;Silencioso;SAN JAVIER                    ;MAULE;149990;1;1;0;0;0;1;1;149990;Calefont 10Lts GL Essenetial ECO;LINEA BLANCA
19956942;;F;24;CHILENO;;Z;PROVIDENCIA                   ;METROPOLITANA;391980;2;1;2;1;391980;0;0;0;Refrigerador 432Lts Side by Side MDRS619FGE46;LINEA BLANCA
7582378;Casado;M;67;CHILENO;;Boomers;N/D;N/D;288810;2;1;0;0;0;2;1;288810;Refrigerador 260Lts BF Frio Direc MRFI2660SR346W;LINEA BLANCA
15291077;;F;40;CHILENO;;X;GUAITECAS                     ;AYSEN;899980;2;2;0;0;0;2;2;899980;Refrigerador RB27N4020S8/ZS BF 257Lts;LINEA BLANCA
5680805;;M;72;CHILENO;;Silencioso;CANETE                        ;BIO BIO;979663;15;10;0;0;0;15;10;979663;Calefon ionizado 7 litros GL AS0;LINEA BLANCA
10150026;;M;57;CHILENO;;Boomers;CONSTITUCION                  ;MAULE;281470;5;3;0;0;0;5;3;281470;Lavadora Semiautomatica Twister 5300 4Kg;LINEA BLANCA
6072546;;F;76;CHILENO;;Silencioso;PROVIDENCIA                   ;METROPOLITANA;454960;4;1;0;0;0;4;1;454960;Lavadora Brilliant SG 11,5Kg Silver;LINEA BLANCA
15875922;;F;38;CHILENO;;Millenial;PROVIDENCIA                   ;METROPOLITANA;1081920;8;4;8;4;1081920;0;0;0;Calefon ionizado 7 litros GL AS0;LINEA BLANCA
16721168;;M;34;CHILENO;;Millenial;NATALES                       ;MAGALLANES;1075920;5;4;0;0;0;5;4;1075920;Lavadora Efficace SZG 15,5Kg Silver;LINEA BLANCA
18760821;;F;27;CHILENO;;Millenial;SAN ANTONIO                   ;VALPARAISO;790900;10;6;4;2;645960;6;4;144940;Secadora Ropa MD100A90/W 9Kg Ventilacion Blanca;LINEA BLANCA
25873433;;F;36;ECUATORIANO;;Extranjero;SAN IGNACIO                   ;BIO BIO;218960;4;3;0;0;0;4;3;218960;Lavadora MLS-090GE04N 9Kg Gris;LINEA BLANCA
26072418;;F;44;VENEZOLANO;;Extranjero;PROVIDENCIA                   ;METROPOLITANA;193960;4;3;4;3;193960;0;0;0;ENCIMERA STROM 2 PLATOS ALBIN TROTTER;LINEA BLANCA
7632337;;F;70;CHILENO;;Boomers;NUEVA IMPERIAL                ;ARAUCANIA;535060;2;1;0;0;0;2;1;535060;Lavadora WT19DSBP 19Kg Silver;LINEA BLANCA
10509617;;F;55;CHILENO;;Boomers;LAS CABRAS                    ;L.G.B.OÂ´HIGGINS;449360;5;2;0;0;0;5;2;449360;Calefont 8Lts GL Essenetial ECO;LINEA BLANCA
16507407;;M;35;CHILENO;;Silencioso;PROVIDENCIA                   ;METROPOLITANA;301980;2;1;2;1;301980;0;0;0;Refrigerador 250 Lts No Frost RMA255PYUU;LINEA BLANCA
26879759;;M;28;EXTRANJERO - NO INFORMA NACIONALIDAD;;Extranjero;PROVIDENCIA                   ;METROPOLITANA;163980;2;1;2;1;163980;0;0;0;FRIGOBAR 93 LTS MFB-930S121LN;LINEA BLANCA
19822222;;M;24;CHILENO;;Z;TOCOPILLA;ANTOFAGASTA;503970;3;2;2;1;253980;1;1;249990;Lavadora Efficace SZG 17,5Kg Silver;LINEA BLANCA
11527595;;M;52;CHILENO;;X;MAIPU                         ;METROPOLITANA;179980;2;1;0;0;0;2;1;179980;Lavadora MLS-090GE04N 9Kg Gris;LINEA BLANCA
7719760;;M;67;CHILENO;;Boomers;CALBUCO                       ;LOS LAGOS;1091920;8;4;0;0;0;8;4;1091920;Secadora Ropa MD100A90/W 9Kg Ventilacion Blanca;LINEA BLANCA
8995104;;F;62;CHILENO;;Boomers;RENCA                         ;METROPOLITANA;441380;2;1;0;0;0;2;1;441380;KIT - TRIO HE KURZ-BREIT4P-REIN60;LINEA BLANCA
12823867;;F;47;CHILENO;;X;PROVIDENCIA                   ;METROPOLITANA;611960;4;2;2;1;154980;2;1;456980;Lavadora Secadora WD95T4046CE/ZS 9,5Kg/6Kg Blanc;LINEA BLANCA
7423692;Casado;M;66;CHILENO;;Boomers;LOS ANGELES                   ;BIO BIO;354980;2;2;0;0;0;2;2;354980;Lavadora WT13WSBP 13Kg Blanca;LINEA BLANCA
10644379;;F;55;CHILENO;;Boomers;N/D;N/D;737010;10;5;2;1;83980;8;4;653030;Calefont 10Lts GL Essenetial ECO;LINEA BLANCA
25249725;Soltero;F;35;PERUANO;;Extranjero;PROVIDENCIA                   ;METROPOLITANA;173980;2;1;2;1;173980;0;0;0;Cocina CMC20AXX-1 4P Inox;LINEA BLANCA
26288616;;F;23;VENEZOLANO;;Extranjero;PROVIDENCIA                   ;METROPOLITANA;203960;4;2;4;2;203960;0;0;0;Refrigerador 167Lts Frio Directo 1700-S;LINEA BLANCA
11169849;;M;55;CHILENO;;Boomers;MELIPILLA                     ;METROPOLITANA;335950;2;1;0;0;0;2;1;335950;Lavadora MLS-160BSC03T 16Kg Blanca;LINEA BLANCA
6653176;;M;67;CHILENO;;Boomers;LA CISTERNA                   ;METROPOLITANA;500860;3;1;0;0;0;3;1;500860;Refrigerador 341Lts BF No Frost GB37MPD;LINEA BLANCA
17856251;;M;30;CHILENO;;Millenial;COIHAIQUE                     ;AYSEN;324570;4;3;0;0;0;4;3;324570;Calefon ionizado 5 litros GL AS0;LINEA BLANCA
7575126;;F;68;CHILENO;;Boomers;LA CISTERNA                   ;METROPOLITANA;169990;1;1;0;0;0;1;1;169990;Lavadora MLS-090GE04N 9Kg Gris;LINEA BLANCA
6299146;;M;71;CHILENO;;Silencioso;NUEVA IMPERIAL                ;ARAUCANIA;331240;3;1;0;0;0;3;1;331240;Lavadora Premium Care Pro 16Kg Silver;LINEA BLANCA
9906995;;F;59;CHILENO;;Boomers;RECOLETA                      ;METROPOLITANA;482470;4;2;0;0;0;4;2;482470;Secadora 7Kg 7D BZG Ventilacion Blanca;LINEA BLANCA
14459454;;M;50;CHILENO;;X;RENCA                         ;METROPOLITANA;341980;2;1;2;1;341980;0;0;0;Lavadora Efficace SZG 17,5Kg Blanca;LINEA BLANCA
19146147;Soltero;F;26;CHILENO;;Z;PROVIDENCIA                   ;METROPOLITANA;425970;3;1;3;1;425970;0;0;0;Lavadora Secadora MLSF-13510SC01I 13,5Kg/10Kg Gr;LINEA BLANCA
19434637;;M;25;CHILENO;;Z;IQUIQUE                       ;TARAPACA;189980;2;1;2;1;189980;0;0;0;Secadora 7Kg 7D BZG Ventilacion Blanca;LINEA BLANCA
12402660;;F;48;CHILENO;;X;CALERA                        ;VALPARAISO;443520;3;2;0;0;0;3;2;443520;Calefont 8Lts GL Essenetial ECO;LINEA BLANCA
26787155;;M;29;NO INFORMA NACIONALIDAD;;Extranjero;PROVIDENCIA                   ;METROPOLITANA;279980;2;1;2;1;279980;0;0;0;Lavadora MA200W160/G 16 kg Gris;LINEA BLANCA
19499571;;F;25;CHILENO;;Z;N/D;N/D;256970;4;2;0;0;0;4;2;256970;Secadora 9 Kg 9D BZG Ventilacion Blanca;LINEA BLANCA
11663553;;M;52;CHILENO;;X;NATALES                       ;MAGALLANES;271980;3;1;0;0;0;3;1;271980;Lavadora Efficace SZG 17,5Kg Silver;LINEA BLANCA
15902215;;F;37;CHILENO;;Millenial;N/D;N/D;184970;3;2;2;1;179980;1;1;4990;Secadora Ropa MD100A90/W 9Kg Ventilacion Blanca;LINEA BLANCA
14591449;;F;46;CHILENO;;X;CONSTITUCION                  ;MAULE;414980;3;2;0;0;0;3;2;414980;Centrifuga Primma 5B 5,5Kilos;LINEA BLANCA
5950710;;M;71;CHILENO;;Silencioso;PEUMO                         ;L.G.B.OÂ´HIGGINS;506850;4;2;0;0;0;4;2;506850;Lavadora WT19DSBP 19Kg Silver;LINEA BLANCA
15420103;;M;40;CHILENO;;Millenial;"";"";272980;2;2;0;0;0;2;2;272980;Lavadora MLS-160BSC03T 16Kg Blanca;LINEA BLANCA
16577567;;F;33;CHILENO;;Millenial;MELIPILLA                     ;METROPOLITANA;290980;2;1;0;0;0;2;1;290980;Lavadora WT16DSBP 16Kg Silver;LINEA BLANCA
15219679;Soltero;M;40;CHILENO;PROFESOR;X;PROVIDENCIA                   ;METROPOLITANA;417980;2;1;2;1;417980;0;0;0;Lavadora 19 Kg Carga Superior Negro;LINEA BLANCA
11761364;;M;51;CHILENO;;X;CHIMBARONGO                   ;L.G.B.OÂ´HIGGINS;234980;2;1;0;0;0;2;1;234980;Cocina CH-9400 4P SILVER;LINEA BLANCA
12938448;;F;46;CHILENO;;X;RENCA                         ;METROPOLITANA;199980;2;1;2;1;199980;0;0;0;Secadora Ropa MD100A90/W 9Kg Ventilacion Blanca;LINEA BLANCA
8171334;Viudo;F;65;CHILENO;;Boomers;RENCA                         ;METROPOLITANA;349990;1;1;0;0;0;1;1;349990;Refrigerador 300Lts No Frost RT29K500JS8/ZS;LINEA BLANCA
10946431;;F;53;CHILENO;;X;LOS ANDES                     ;VALPARAISO;309990;1;1;0;0;0;1;1;309990;Lavadora Efficace SZG 17,5Kg Silver;LINEA BLANCA
10252374;;F;59;CHILENO;;Boomers;GRANEROS                      ;L.G.B.OÂ´HIGGINS;503970;4;1;0;0;0;4;1;503970;Cocina F 2608 T 4P Reflex Silver;LINEA BLANCA
9887891;Soltero;M;58;CHILENO;INGENIERO AGRICOLA;Boomers;RENCA                         ;METROPOLITANA;131430;2;1;0;0;0;2;1;131430;Calefon ionizado 5 litros GL AS0;LINEA BLANCA
13410432;;M;44;CHILENO;;X;COIHAIQUE                     ;AYSEN;467580;4;2;0;0;0;4;2;467580;Lavadora WT13WSBP 13Kg Blanca;LINEA BLANCA
12310778;;M;50;CHILENO;;X;COIHAIQUE                     ;AYSEN;871930;7;4;0;0;0;7;4;871930;Secadora 9 Kg 9D BZG Ventilacion Blanca;LINEA BLANCA
17398021;;F;32;CHILENO;;Millenial;TALAGANTE                     ;METROPOLITANA;671900;10;7;12;6;785880;-2;1;-113980;Lavadora Efficace SZG 19,5Kg Silver;LINEA BLANCA
12312837;;M;48;CHILENO;;X;EL QUISCO                     ;VALPARAISO;171980;2;1;0;0;0;2;1;171980;Lavadora MLS-080BE04N 8Kg Blanca;LINEA BLANCA
18447296;Soltero;F;29;CHILENO;;Millenial;PROVIDENCIA                   ;METROPOLITANA;281980;2;2;0;0;0;2;2;281980;Refrigerador 260Lts BF Frio Direc MRFI2660SR346W;LINEA BLANCA
17036203;;F;34;CHILENO;;Millenial;CANETE                        ;BIO BIO;476730;3;2;0;0;0;3;2;476730;Lavadora WT19DSBP 19Kg Silver;LINEA BLANCA
10952268;;M;53;CHILENO;;X;ANTOFAGASTA                   ;ANTOFAGASTA;117980;2;1;0;0;0;2;1;117980;Calefont 5Lts GL Essenetial ECO;LINEA BLANCA
5289361;;F;81;CHILENO;;Silencioso;VILLARICA                     ;ARAUCANIA;674950;5;5;0;0;0;5;5;674950;Lavadora MLS-090GE04N 9Kg Gris;LINEA BLANCA
17871397;;F;31;CHILENO;;Millenial;N/D;N/D;343960;4;2;4;2;343960;0;0;0;Lavadora Semiautomatica Twister 5300 4Kg;LINEA BLANCA
26997354;;F;42;NO INFORMA NACIONALIDAD;;Extranjero;PROVIDENCIA                   ;METROPOLITANA;239980;2;1;2;1;239980;0;0;0;Refrigerador 244Lts Frio Directo Progress 3100;LINEA BLANCA
11883973;;F;51;CHILENO;;X;TALCA                         ;MAULE;319980;2;1;0;0;0;2;1;319980;Cocina F 2608 T 4P Reflex Silver;LINEA BLANCA
7274526;;M;68;CHILENO;;Boomers;LINARES                       ;MAULE;534200;6;3;0;0;0;6;3;534200;Lavadora Efficace SZG 17,5Kg Silver;LINEA BLANCA
8983548;;M;45;CHILENO;;X;CONCEPCION                    ;BIO BIO;137990;1;2;0;0;0;1;2;137990;Lavadora Secadora WD10WVC4S6 10,5/6Kg Blanca;LINEA BLANCA
9366156;;M;59;CHILENO;;Boomers;RENGO                         ;L.G.B.OÂ´HIGGINS;309990;1;1;0;0;0;1;1;309990;Lavadora Efficace SZG 19,5Kg Silver;LINEA BLANCA
7109791;;F;68;CHILENO;;Silencioso;SAN MIGUEL                    ;METROPOLITANA;301750;3;1;0;0;0;3;1;301750;Secadora 7Kg 7D BZG Ventilacion Blanca;LINEA BLANCA
7405316;;F;68;CHILENO;;Silencioso;VICTORIA                      ;ARAUCANIA;221430;2;1;0;0;0;2;1;221430;Freezer Horizontal M 150 142Lts;LINEA BLANCA
6674506;;M;66;CHILENO;;Boomers;VALDIVIA                      ;LOS LAGOS;674960;4;2;0;0;0;4;2;674960;Secadora Ropa MD100A90/W 9Kg Ventilacion Blanca;LINEA BLANCA
9946714;;F;57;CHILENO;;Boomers;CURICO                        ;MAULE;469090;4;2;0;0;0;4;2;469090;Secadora Ropa MSV-90 9K Blanca Ventilacion;LINEA BLANCA
8274250;;M;63;CHILENO;;Boomers;QUILLOTA                      ;VALPARAISO;169990;1;1;0;0;0;1;1;169990;Lavadora Semiautomatica Twister 5300 4Kg;LINEA BLANCA
20023786;;M;23;CHILENO;;Z;PENAFLOR;METROPOLITANA;409980;2;2;2;2;409980;0;0;0;Centrifuga Primma 5B 5,5Kilos;LINEA BLANCA
6813789;;F;71;CHILENO;;Silencioso;CATEMU                        ;VALPARAISO;698680;9;4;0;0;0;9;4;698680;Lavadora Premium Care 20SZ 20Kg Silver;LINEA BLANCA
4386408;;M;83;CHILENO;;Silencioso;PARRAL                        ;MAULE;442990;6;2;0;0;0;6;2;442990;Cocina F 2608 T 4P Reflex Silver;LINEA BLANCA
10516018;;M;56;CHILENO;;Boomers;CALAMA                        ;ANTOFAGASTA;279990;1;1;0;0;0;1;1;279990;Refrigerador 252Lts No Frost MRFS-2700G333FW;LINEA BLANCA
17895597;;M;33;CHILENO;;Millenial;N/D;N/D;144090;2;1;0;0;0;2;1;144090;Calefont 5Lts GL Essenetial ECO;LINEA BLANCA
16288116;;F;36;CHILENO;;Millenial;PROVIDENCIA                   ;METROPOLITANA;116980;2;1;2;1;116980;0;0;0;CALEFON 5 LTS GAS NATURAL SILVER SINDELEN;LINEA BLANCA
5701359;;M;75;CHILENO;;Silencioso;SAN FELIPE                    ;VALPARAISO;328540;5;3;0;0;0;5;3;328540;Cocina M 775 ST 4P Silver;LINEA BLANCA
18813110;;M;29;CHILENO;;Millenial;LEBU                          ;BIO BIO;294460;4;2;0;0;0;4;2;294460;Lavadora MLS-160BSC03T 16Kg Blanca;LINEA BLANCA
15196569;;F;39;CHILENO;;X;ARAUCO                        ;BIO BIO;1090820;7;6;0;0;0;7;6;1090820;Lavadora Efficace SZG 17,5Kg Silver;LINEA BLANCA
7925032;;F;69;CHILENO;;Silencioso;MELIPEUCO                     ;ARAUCANIA;256980;2;1;2;1;256980;0;0;0;Refrigerador 241Lts BF Frio Directo Nordik 415;LINEA BLANCA
18525625;;F;28;CHILENO;;Millenial;LOS ANGELES                   ;BIO BIO;896872;10;7;3;2;491970;7;5;404902;Lavadora Efficace SZG 19,5Kg Silver;LINEA BLANCA
18470184;;F;29;CHILENO;;Millenial;N/D;N/D;229980;2;1;2;1;229980;0;0;0;Refrigerador 241Lts BF Frio Directo Nordik 415;LINEA BLANCA
19094000;;F;27;CHILENO;;Z;PROVIDENCIA                   ;METROPOLITANA;279980;2;1;2;1;279980;0;0;0;Lavadora Premium Care Pro 16Kg Silver;LINEA BLANCA
5386653;;F;78;CHILENO;;Silencioso;PUNTA ARENAS                  ;MAGALLANES;410950;8;2;0;0;0;8;2;410950;Lavadora Efficace SZG 19,5Kg Silver;LINEA BLANCA
22716338;;F;42;PERUANO;;Extranjero;SALAMANCA                     ;COQUIMBO;349980;2;4;0;0;0;2;4;349980;Lavadora MLS-090GE04N 9Kg Gris;LINEA BLANCA
18354740;;F;30;CHILENO;;Millenial;PROVIDENCIA                   ;METROPOLITANA;279980;2;1;2;1;279980;0;0;0;Cocina CH-6900IN 4P;LINEA BLANCA
8002248;;M;62;CHILENO;;Boomers;RENCA                         ;METROPOLITANA;219990;1;1;0;0;0;1;1;219990;Cocina CH-7400 4P;LINEA BLANCA
8106250;;F;62;CHILENO;;Boomers;MELIPILLA                     ;METROPOLITANA;1162320;9;4;0;0;0;9;4;1162320;Secadora Electrica SEM101BDBY Blanca 10 KG;LINEA BLANCA
9083538;;M;62;CHILENO;;Boomers;CORONEL                       ;BIO BIO;499970;3;1;0;0;0;3;1;499970;Lavadora WT19DSBP 19Kg Silver;LINEA BLANCA
10917956;;F;54;CHILENO;;X;LINARES                       ;MAULE;684450;7;3;0;0;0;7;3;684450;Secadora Ropa MD100A90/W 9Kg Ventilacion Blanca;LINEA BLANCA
16261698;;F;36;CHILENO;;Millenial;N/D;N/D;171980;2;1;2;1;171980;0;0;0;Secadora Ropa MSV-90 9K Blanca Ventilacion;LINEA BLANCA
15163311;;F;36;CHILENO;;Millenial;CHILLAN VIEJO                 ;BIO BIO;917460;10;4;0;0;0;10;4;917460;Lavadora Premium Care 20SZ 20Kg Silver;LINEA BLANCA
5642718;;M;75;CHILENO;;Silencioso;RENCA                         ;METROPOLITANA;125910;2;1;0;0;0;2;1;125910;Calefon ionizado 5 litros GL AS0;LINEA BLANCA
17258542;;F;33;CHILENO;;Millenial;PROVIDENCIA                   ;METROPOLITANA;281980;2;1;0;0;0;2;1;281980;Refrigerador 241Lts BF Frio Directo Nordik 415;LINEA BLANCA
11424039;;M;53;CHILENO;;X;VILLARICA                     ;ARAUCANIA;559971;4;3;0;0;0;4;3;559971;Lavadora WA17T6260BW/ZS 17Kg Blanca;LINEA BLANCA
15760861;;M;38;CHILENO;;Millenial;N/D;N/D;377970;3;2;3;2;377970;0;0;0;Lavadora Secadora MLSF-1108BN05N 11Kg/8Kg Blanca;LINEA BLANCA
13144965;;M;45;CHILENO;;X;LOS ANGELES                   ;BIO BIO;583960;4;2;0;0;0;4;2;583960;Lavadora MLS-160BSC03T 16Kg Blanca;LINEA BLANCA
13840213;;F;41;CHILENO;;X;VINA DEL MAR                  ;VALPARAISO;596980;2;1;0;0;0;2;1;596980;COCINA LENA ENLOZADA 72x56;LINEA BLANCA
8449748;;F;67;CHILENO;;Boomers;PUNTA ARENAS                  ;MAGALLANES;507339;4;2;0;0;0;4;2;507339;Cocina CH-7400 4P;LINEA BLANCA
18992274;Soltero;F;27;CHILENO;;Millenial;PROVIDENCIA                   ;METROPOLITANA;399980;2;1;2;1;399980;0;0;0;Refrigerador DW44S 400Lts Dispen No Frost;LINEA BLANCA
26226856;Soltero;M;35;VENEZOLANO;;Extranjero;PROVIDENCIA                   ;METROPOLITANA;309980;2;1;2;1;309980;0;0;0;Refrigerador 260Lts BF Frio Direc MRFI2660SR346W;LINEA BLANCA
9200186;;F;60;CHILENO;;Boomers;LA REINA                      ;METROPOLITANA;508830;13;4;13;4;508830;0;0;0;Secadora 7Kg 7D BZG Ventilacion Blanca;LINEA BLANCA
14196672;Casado;M;41;CHILENO;;X;PROVIDENCIA                   ;METROPOLITANA;269980;2;1;2;1;269980;0;0;0;Lavadora Premium Care Pro 16Kg Silver;LINEA BLANCA
13231098;;M;44;CHILENO;;X;"";"";608980;5;2;5;2;608980;0;0;0;Lavadora Efficace SZG 19,5Kg Silver;LINEA BLANCA
13972050;;M;41;CHILENO;;X;ALHUE                         ;METROPOLITANA;269990;1;1;0;0;0;1;1;269990;Refrigerador 260Lts BF Frio Direc MRFI2660SR346W;LINEA BLANCA
8308910;;M;61;CHILENO;;Boomers;CONSTITUCION                  ;MAULE;1995220;17;6;0;0;0;17;6;1995220;Lavadora Secadora WD95T4046CE/ZS 9,5Kg/6Kg Blanc;LINEA BLANCA
7865782;;F;65;CHILENO;;Boomers;VALLENAR;ATACAMA;532970;3;2;0;0;0;3;2;532970;Lavadora MLS-090GE04N 9Kg Gris;LINEA BLANCA
8817823;Casado;F;64;CHILENO;;Boomers;RENCA                         ;METROPOLITANA;179990;1;1;0;0;0;1;1;179990;Lavadora MLS-090GE04N 9Kg Gris;LINEA BLANCA
27195174;;F;50;EXTRANJERO - NO INFORMA NACIONALIDAD;;Extranjero;PROVIDENCIA                   ;METROPOLITANA;511960;3;1;3;1;511960;0;0;0;Lavadora Secadora MLSF-1108BN05N 11Kg/8Kg Blanca;LINEA BLANCA
19604811;;F;24;CHILENO;;Z;"";"";273950;6;3;2;1;173980;4;2;99970;Secadora Ropa MSV-90 9K Blanca Ventilacion;LINEA BLANCA
13766992;;M;41;CHILENO;;X;ALGARROBO                     ;VALPARAISO;279990;1;1;1;1;279990;0;0;0;Lavadora WT16DSBP 16Kg Silver;LINEA BLANCA
6829767;;F;64;CHILENO;;Boomers;CONSTITUCION                  ;MAULE;1014880;8;3;0;0;0;8;3;1014880;Lavadora WA90H4400SW1ZS 9Kg Blanca;LINEA BLANCA
10139786;;F;56;CHILENO;;Boomers;SAN FERNANDO                  ;L.G.B.OÂ´HIGGINS;179980;2;2;0;0;0;2;2;179980;Calefont 8Lts GL Essenetial ECO;LINEA BLANCA
26229873;Soltero;M;26;HAITIANO;;Extranjero;DONIHUE                       ;L.G.B.OÂ´HIGGINS;379180;3;1;0;0;0;3;1;379180;Lavadora WA17T6260BW/ZS 17Kg Blanca;LINEA BLANCA
15528069;;F;34;CHILENO;;Millenial;"";"";314980;2;1;2;1;314980;0;0;0;REFRIGERADOR 234Lt TMF RT22FARADS8/ZS;LINEA BLANCA
8978982;;F;60;CHILENO;;Boomers;COPIAPO                       ;ATACAMA;289990;3;2;0;0;0;3;2;289990;Calefon ionizado 7 litros GL AS0;LINEA BLANCA
10689370;;F;55;CHILENO;;Boomers;LA SERENA                     ;COQUIMBO;502880;5;3;0;0;0;5;3;502880;Secadora Ropa MD100A90/W 9Kg Ventilacion Blanca;LINEA BLANCA
18167089;Soltero;M;30;CHILENO;;Millenial;PROVIDENCIA                   ;METROPOLITANA;346970;3;1;3;1;346970;0;0;0;Lavadora WA17T6260BW/ZS 17Kg Blanca;LINEA BLANCA
22317588;;F;37;PERUANO;;Extranjero;ARICA                         ;ARICA Y PARINACOTA;640180;3;2;0;0;0;3;2;640180;Lavadora WT16DSBP 16Kg Silver;LINEA BLANCA
16817220;;F;34;CHILENO;;Millenial;PROVIDENCIA                   ;METROPOLITANA;296520;4;2;4;2;296520;0;0;0;Refrigerador 166 Lts Frio Directo BF MED165;LINEA BLANCA
26000523;;M;28;VENEZOLANO;;Extranjero;N/D;N/D;776950;5;3;2;1;616980;3;2;159970;Refrigerador 457Lts No Frost RT48A6640B1/ZS Blac;LINEA BLANCA
9730177;;F;60;CHILENO;;X;PROVIDENCIA                   ;METROPOLITANA;675980;2;1;0;0;0;2;1;675980;Refrigerador 535Lts Side by Side RS54N3003SL/ZS;LINEA BLANCA
12750566;;M;47;CHILENO;;X;RENCA                         ;METROPOLITANA;490900;3;1;0;0;0;3;1;490900;Lavadora MLS-160BSC03T 16Kg Blanca;LINEA BLANCA
5787623;;F;68;CHILENO;;Silencioso;ARICA                         ;ARICA Y PARINACOTA;209990;1;1;0;0;0;1;1;209990;Lavadora WA90H4400SW1ZS 9Kg Blanca;LINEA BLANCA
6509691;;M;68;CHILENO;;Boomers;LA PINTANA                    ;METROPOLITANA;159990;1;1;0;0;0;1;1;159990;Calefont 10Lts GL Essenetial ECO;LINEA BLANCA
17968548;;M;29;CHILENO;;Millenial;LAS CABRAS                    ;L.G.B.OÂ´HIGGINS;639410;5;3;0;0;0;5;3;639410;Lavadora WA13T5260BW/ZS 13Kg Blanca;LINEA BLANCA
17806813;Soltero;F;31;CHILENO;ADMINISTRACION DE EMPRESAS;Millenial;PROVIDENCIA                   ;METROPOLITANA;186980;2;1;2;1;186980;0;0;0;Secadora 7Kg 7D BZG Ventilacion Blanca;LINEA BLANCA
7588471;Soltero;M;67;CHILENO;AGROINDUSTRIA;Boomers;PROVIDENCIA                   ;METROPOLITANA;245340;2;1;0;0;0;2;1;245340;Lavadora WA80H4200SW1ZS 8Kg Blanca;LINEA BLANCA
9611147;;F;60;CHILENO;;Boomers;PEDRO AGUIRRE CERDA           ;METROPOLITANA;359980;2;1;0;0;0;2;1;359980;Lavadora MLS-190GC03N 19Kg Gris;LINEA BLANCA
7542815;;F;66;CHILENO;;Boomers;TEMUCO                        ;ARAUCANIA;349990;1;1;0;0;0;1;1;349990;Cocina MCG-5QI30NS 5P;LINEA BLANCA
7705509;;F;65;CHILENO;;Boomers;N/D;N/D;503950;5;3;4;2;373960;1;1;129990;Secadora 9 Kg 9D BZG Ventilacion Blanca;LINEA BLANCA
7163543;;F;69;CHILENO;;Silencioso;CASABLANCA                    ;VALPARAISO;247980;2;1;0;0;0;2;1;247980;Secadora 7Kg 7D BZG Ventilacion Blanca;LINEA BLANCA
8608462;;F;63;CHILENO;;Boomers;PROVIDENCIA                   ;METROPOLITANA;220910;2;1;0;0;0;2;1;220910;Secadora Ropa MD100A90/W 9Kg Ventilacion Blanca;LINEA BLANCA
17896009;Soltero;F;33;CHILENO;EDUCADOR DE PARVULO;Millenial;PROVIDENCIA                   ;METROPOLITANA;692950;5;3;5;3;692950;0;0;0;Cocina CMC5110AX0 4P Inox;LINEA BLANCA
11601771;;M;52;CHILENO;;X;CHILLAN                       ;BIO BIO;508970;3;1;0;0;0;3;1;508970;Cocina M 775 ST 4P Silver;LINEA BLANCA
11995151;;M;49;CHILENO;;X;MARCHIHUE                     ;L.G.B.OÂ´HIGGINS;239980;2;1;2;1;239980;0;0;0;COCINA CH-6700IN 4P;LINEA BLANCA
13972316;;F;41;CHILENO;;X;RENCA                         ;METROPOLITANA;390980;2;1;2;1;390980;0;0;0;Refrigerador 432Lts Side by Side MDRS619FGE46;LINEA BLANCA
8802611;;F;62;CHILENO;;Boomers;VILLA ALEMANA                 ;VALPARAISO;307880;5;3;0;0;0;5;3;307880;Refrigerador 167Lts MRFI-1700R234RN F.Direc Rojo;LINEA BLANCA
5262215;;F;77;CHILENO;;Silencioso;TALAGANTE                     ;METROPOLITANA;663930;7;4;0;0;0;7;4;663930;Secadora 7Kg 7D BZG Ventilacion Blanca;LINEA BLANCA
6105505;;M;74;CHILENO;;Silencioso;N/D;N/D;1175340;7;1;0;0;0;7;1;1175340;Lavadora Premium Care 20SZ 20Kg Silver;LINEA BLANCA
5664422;Casado;M;71;CHILENO;PSICOLOGO;Silencioso;PROVIDENCIA                   ;METROPOLITANA;184980;2;2;2;2;184980;0;0;0;Lavadora WA80H4200SW1ZS 8Kg Blanca;LINEA BLANCA
10105897;;F;59;CHILENO;;Boomers;VALDIVIA                      ;LOS RIOS;1055940;6;4;0;0;0;6;4;1055940;Cocina CH-8700IN 5P;LINEA BLANCA
19645024;;M;25;CHILENO;;Z;ALHUE                         ;METROPOLITANA;2033920;7;6;7;6;2033920;0;0;0;Lavadora Efficace SZG 19,5Kg Silver;LINEA BLANCA
10034956;Casado;F;56;CHILENO;PROFESOR;Boomers;PROVIDENCIA                   ;METROPOLITANA;169980;2;1;2;1;169980;0;0;0;Lavadora WA80H4200SW1ZS 8Kg Blanca;LINEA BLANCA
18832934;;F;27;CHILENO;;Millenial;PROVIDENCIA                   ;METROPOLITANA;133980;2;1;2;1;133980;0;0;0;Centrifuga Primma 5B 5,5Kilos;LINEA BLANCA
19917113;;M;24;CHILENO;;Z;PROVIDENCIA                   ;METROPOLITANA;261970;3;2;2;1;171980;1;1;89990;Secadora Ropa MSV-90 9K Blanca Ventilacion;LINEA BLANCA
16256129;Soltero;F;35;CHILENO;;Millenial;PROVIDENCIA                   ;METROPOLITANA;291960;4;3;0;0;0;4;3;291960;COCINA CH-6700IN 4P;LINEA BLANCA
10086722;Soltero;M;57;CHILENO;;Boomers;SAN ANTONIO                   ;VALPARAISO;310960;4;2;0;0;0;4;2;310960;Freezer 99Lts MFH-1000B131CN Horizontal;LINEA BLANCA
10474553;;F;57;CHILENO;;Boomers;N/D;N/D;256970;3;2;2;1;190980;1;1;65990;Cocina CH-9400 4P SILVER;LINEA BLANCA
15787620;;M;38;CHILENO;;Millenial;MAIPU                         ;METROPOLITANA;319990;2;1;2;1;319990;0;0;0;Lavadora Premium Care Pro 16Kg Silver;LINEA BLANCA
15569569;;M;39;CHILENO;;X;N/D;N/D;274980;2;1;0;0;0;2;1;274980;Cocina CH-6900IN 4P;LINEA BLANCA
14338906;;M;45;CHILENO;;X;EL BOSQUE                     ;METROPOLITANA;431942;6;5;0;0;0;6;5;431942;Lavadora Efficace SZG 17,5Kg Silver;LINEA BLANCA
11706421;;M;51;CHILENO;;X;LA PINTANA                    ;METROPOLITANA;309980;2;1;0;0;0;2;1;309980;Cocina F 2608 T 4P Reflex Silver;LINEA BLANCA
12980962;;F;45;CHILENO;;X;LAJA                          ;BIO BIO;188980;2;1;0;0;0;2;1;188980;Secadora Ropa MD100A90/W 9Kg Ventilacion Blanca;LINEA BLANCA
13238443;;F;45;CHILENO;;X;QUINTA NORMAL                 ;METROPOLITANA;259980;2;1;0;0;0;2;1;259980;COCINA CH-6700IN 4P;LINEA BLANCA
17631482;;M;31;CHILENO;;Millenial;PUERTO MONTT                  ;LOS LAGOS;582921;9;3;0;0;0;9;3;582921;Cocina MCG-5QI30NS 5P;LINEA BLANCA
11738302;;M;50;CHILENO;;X;SAN ANTONIO                   ;VALPARAISO;353520;5;3;0;0;0;5;3;353520;Secadora 9 Kg Premium Care Pro 9D;LINEA BLANCA
6179714;;F;78;CHILENO;;Silencioso;IQUIQUE                       ;TARAPACA;517810;3;2;0;0;0;3;2;517810;Refrigerador 244Lts Frio Directo Progress 3100;LINEA BLANCA
10046605;;M;52;CHILENO;;X;PROVIDENCIA                   ;METROPOLITANA;209990;1;1;0;0;0;1;1;209990;Cocina CH-7400 4P;LINEA BLANCA
6169241;;F;71;CHILENO;;Silencioso;ARICA                         ;ARICA Y PARINACOTA;408980;2;3;0;0;0;2;3;408980;Cocina F 5500 T 5P Reflex Silver;LINEA BLANCA
17939828;;M;33;CHILENO;;Millenial;"";"";59990;1;1;0;0;0;1;1;59990;Campana Cocina CA610EIN 60Cms Inox;LINEA BLANCA
8285956;;F;66;CHILENO;;Boomers;MACHALI                       ;L.G.B.OÂ´HIGGINS;398500;5;1;0;0;0;5;1;398500;Calefont 10Lts GL Essenetial ECO;LINEA BLANCA
9498884;;F;60;CHILENO;;Boomers;N/D;N/D;479670;3;1;0;0;0;3;1;479670;Cocina Florencia I 4P;LINEA BLANCA
5822939;;F;71;CHILENO;;Silencioso;CALAMA                        ;ANTOFAGASTA;888480;6;4;0;0;0;6;4;888480;Freezer Horizontal M 150 142Lts;LINEA BLANCA
20089399;;F;23;CHILENO;;Z;"";"";925920;8;4;5;2;685950;3;2;239970;Refrigerador 252Lts No Frost MRFS-2700G333FW;LINEA BLANCA
19832529;;F;24;CHILENO;;Z;MAIPU                         ;METROPOLITANA;628950;6;3;0;0;0;6;3;628950;Refrigerador 244Lts Frio Directo Progress 3100;LINEA BLANCA
3254794;;M;78;CHILENO;;Silencioso;OVALLE                        ;COQUIMBO;169990;1;1;0;0;0;1;1;169990;Secadora Ropa MD100A90/W 9Kg Ventilacion Blanca;LINEA BLANCA
10352950;;M;56;CHILENO;;Boomers;OSORNO                        ;LOS LAGOS;241980;2;1;0;0;0;2;1;241980;Lavadora WA90H4400SW1ZS 9Kg Blanca;LINEA BLANCA
6099727;;F;78;CHILENO;;Silencioso;DALCAHUE                      ;LOS LAGOS;931900;9;4;0;0;0;9;4;931900;Lavadora MLS-080BE04N 8Kg Blanca;LINEA BLANCA
19411833;Soltero;F;25;CHILENO;ENFERMERA;Z;PROVIDENCIA                   ;METROPOLITANA;480980;2;1;2;1;480980;0;0;0;Refrigerador 419Lts No Frost RT44A6540S9/ZS Silv;LINEA BLANCA
13534837;;F;43;CHILENO;;X;"";"";638980;2;1;2;1;638980;0;0;0;COCINA LENA ENLOZADA 82x56;LINEA BLANCA
15812651;;M;38;CHILENO;;Millenial;ANTOFAGASTA                   ;ANTOFAGASTA;379990;1;3;0;0;0;1;3;379990;Cocina F 5500 T 5P Reflex Silver;LINEA BLANCA
12818036;;M;46;CHILENO;;X;NOGALES                       ;VALPARAISO;380000;2;1;0;0;0;2;1;380000;Lavadora WA17T6260BW/ZS 17Kg Blanca;LINEA BLANCA
10829918;;F;55;CHILENO;;Boomers;CASTRO                        ;LOS LAGOS;385960;4;1;0;0;0;4;1;385960;Horno Empotrado FHE1060 66Lts Inox;LINEA BLANCA
15346968;;F;40;CHILENO;;X;MAIPU                         ;METROPOLITANA;233980;2;1;2;1;233980;0;0;0;Secadora 9 Kg Premium Care Pro 9D;LINEA BLANCA
15504431;;F;39;CHILENO;;X;PROVIDENCIA                   ;METROPOLITANA;229980;2;2;0;0;0;2;2;229980;Secadora Ropa MD100A90/W 9Kg Ventilacion Blanca;LINEA BLANCA
19968350;;F;23;CHILENO;;Z;ANTOFAGASTA;ANTOFAGASTA;641090;7;4;6;3;311100;1;1;329990;Minibar MMB91S 94Lts;LINEA BLANCA
9298564;;F;61;CHILENO;;Boomers;N/D;N/D;290990;2;1;2;1;290990;0;0;0;Cocina M 820 T 6P Silver;LINEA BLANCA
14618905;;F;40;CHILENO;;X;PENAFLOR                      ;METROPOLITANA;381260;3;2;0;0;0;3;2;381260;Secadora 9 Kg Premium Care Pro 9D;LINEA BLANCA
4090438;;F;87;CHILENO;;Silencioso;PUERTO MONTT                  ;LOS LAGOS;159990;1;1;0;0;0;1;1;159990;Lavadora Semiautomatica Twister 5300 4Kg;LINEA BLANCA
18342076;;M;29;CHILENO;;Millenial;PROVIDENCIA                   ;METROPOLITANA;195980;2;1;2;1;195980;0;0;0;Cocina MV 110 T 4P Blanca;LINEA BLANCA
17458301;Soltero;F;32;CHILENO;PSICOLOGO;Millenial;COIHAIQUE                     ;AYSEN;529970;3;2;2;1;279980;1;1;249990;Secadora Electrica SEM101BDBY Blanca 10 KG;LINEA BLANCA
6365369;;F;72;CHILENO;;Silencioso;RENCA                         ;METROPOLITANA;13980;2;1;2;1;13980;0;0;0;FILTRO CAMPANAS REIN;LINEA BLANCA
5759366;;M;76;CHILENO;;Silencioso;N/D;N/D;99990;1;1;0;0;0;1;1;99990;Calefont 5Lts GL Essenetial ECO;LINEA BLANCA
19785511;;F;24;CHILENO;;Z;SAN BERNARDO                  ;METROPOLITANA;724950;5;4;2;3;373980;3;1;350970;KIT-138 HORNO HE-7200IN+CEG-4600IN+CA-610EIN;LINEA BLANCA
19568799;;M;25;CHILENO;;Millenial;CANELA;COQUIMBO;102980;2;1;2;1;102980;0;0;0;ENCIMERA ELECTRICA MEE-2E MADEMSA;LINEA BLANCA
15907542;;M;37;CHILENO;;Millenial;TALCA                         ;MAULE;105980;2;1;0;0;0;2;1;105980;ENCIMERA A GAS 4 PLATOS CEG-4600 INOX;LINEA BLANCA
13895186;;F;42;CHILENO;;X;PROVIDENCIA                   ;METROPOLITANA;409990;1;1;0;0;0;1;1;409990;Lavadora WA17T6260BW/ZS 17Kg Blanca;LINEA BLANCA
26258970;;F;48;VENEZOLANO;;Extranjero;N/D;N/D;369680;2;1;0;0;0;2;1;369680;Lavadora WT16DSBP 16Kg Silver;LINEA BLANCA
17018570;;F;33;CHILENO;;Millenial;PROVIDENCIA                   ;METROPOLITANA;142480;2;1;2;1;142480;0;0;0;Centrifuga Primma 5B 5,5Kilos;LINEA BLANCA
9900699;;F;59;CHILENO;;Boomers;N/D;N/D;199980;2;1;2;1;199980;0;0;0;Secadora 9 Kg 9D BZG Ventilacion Blanca;LINEA BLANCA
16184203;;F;36;CHILENO;;Millenial;VALLENAR;ATACAMA;910950;5;4;0;0;0;5;4;910950;Secadora 7Kg 7D BZG Ventilacion Blanca;LINEA BLANCA
27032439;Soltero;F;25;NO INFORMA NACIONALIDAD;;Extranjero;PROVIDENCIA                   ;METROPOLITANA;309980;2;1;2;1;309980;0;0;0;Refrigerador RB27N4020S8/ZS BF 257Lts;LINEA BLANCA
16074546;;F;36;CHILENO;;Millenial;PROVIDENCIA                   ;METROPOLITANA;239980;2;1;2;1;239980;0;0;0;Beer Cooler MBC-960N125SEN 96Lts;LINEA BLANCA
9709339;;M;59;CHILENO;;Boomers;RENCA                         ;METROPOLITANA;179980;2;1;2;1;179980;0;0;0;Refrigerador 167Lts Frio Directo 1700-S;LINEA BLANCA
7353672;;F;67;CHILENO;;Boomers;LA PINTANA                    ;METROPOLITANA;717450;4;2;0;0;0;4;2;717450;Lavadora Efficace SZG 17,5Kg Blanca;LINEA BLANCA
13811785;;F;43;CHILENO;;X;TIERRA AMARILLA               ;ATACAMA;269990;1;1;0;0;0;1;1;269990;Refrigerador 260Lts BF Frio Direc MRFI2660SR346W;LINEA BLANCA
13696436;Soltero;M;43;CHILENO;;X;PROVIDENCIA                   ;METROPOLITANA;170000;2;1;2;1;170000;0;0;0;Secadora Ropa MD100A90/W 9Kg Ventilacion Blanca;LINEA BLANCA
15052426;;F;39;CHILENO;;Millenial;LA SERENA                     ;COQUIMBO;187980;4;2;0;0;0;4;2;187980;Secadora Ropa MD100A90/W 9Kg Ventilacion Blanca;LINEA BLANCA
7822387;;F;64;CHILENO;;Boomers;CALERA                        ;VALPARAISO;189980;2;1;0;0;0;2;1;189980;Lavadora Semiautomatica LC-6550 6,5Kg;LINEA BLANCA
7242695;;M;68;CHILENO;;Silencioso;ANCUD                         ;LOS LAGOS;599340;5;2;0;0;0;5;2;599340;Refrigerador 244Lts Frio Directo Progress 3100;LINEA BLANCA
10303019;;F;53;CHILENO;;X;COPIAPO                       ;ATACAMA;355970;3;2;3;2;355970;0;0;0;FRIGOBAR 93 LTS MFB-930S121LN;LINEA BLANCA
7533198;;M;65;CHILENO;;Boomers;HUALPEN;BIO BIO;570960;4;2;0;0;0;4;2;570960;Refrigerador 244Lts Frio Directo Progress 3100;LINEA BLANCA
16238488;;F;36;CHILENO;;Millenial;COLLIPULLI                    ;ARAUCANIA;594560;3;2;0;0;0;3;2;594560;Refrigerador 260Lts BF Frio Direc MRFI2660SR346W;LINEA BLANCA
17315250;;F;32;CHILENO;;Millenial;QUINTA NORMAL                 ;METROPOLITANA;519970;3;2;2;1;319980;1;1;199990;Lavadora Premium Care Pro 16Kg Silver;LINEA BLANCA
19612184;;F;25;CHILENO;;Z;PROVIDENCIA                   ;METROPOLITANA;189980;2;1;2;1;189980;0;0;0;Cocina CH-9400 4P SILVER;LINEA BLANCA
6748912;;M;67;CHILENO;;Boomers;N/D;N/D;644960;4;2;0;0;0;4;2;644960;Lavadora MLS-160BSC03T 16Kg Blanca;LINEA BLANCA
9941446;;F;59;CHILENO;;Boomers;VALDIVIA                      ;LOS LAGOS;1008170;8;3;0;0;0;8;3;1008170;Refrigerador 400 Lts No Frost RMP410FZUC Negro;LINEA BLANCA
6771810;;M;70;CHILENO;;Silencioso;CABILDO                       ;VALPARAISO;259960;4;1;0;0;0;4;1;259960;Lavadora MLS-090GE04N 9Kg Gris;LINEA BLANCA
14409801;;F;67;CHILENO;;Boomers;VILLA ALEMANA                 ;VALPARAISO;319980;2;1;0;0;0;2;1;319980;Freezer Horizontal M 150 142Lts;LINEA BLANCA
13984924;;M;41;CHILENO;;X;RENCA                         ;METROPOLITANA;299980;2;1;2;1;299980;0;0;0;Freezer 162 Lts SFV-205 SI Vertical;LINEA BLANCA
26266329;;M;47;VENEZOLANO;;Extranjero;N/D;N/D;272970;3;2;0;0;0;3;2;272970;Cocina CMC20AXX 4P Inox;LINEA BLANCA
9593688;;F;62;CHILENO;;Boomers;LONGAVI                       ;MAULE;169990;1;1;0;0;0;1;1;169990;Cocina MV 220 4P;LINEA BLANCA
12398815;;F;48;CHILENO;;X;ILLAPEL                       ;COQUIMBO;1042300;9;7;1;1;269990;8;6;772310;Lavadora Efficace SZG 15,5Kg Silver;LINEA BLANCA
14316163;;M;45;CHILENO;;X;"";"";269980;2;1;2;1;269980;0;0;0;Lavadora Efficace SZG 17,5Kg Silver;LINEA BLANCA
8475816;;F;49;CHILENO;;X;ANTOFAGASTA                   ;ANTOFAGASTA;1346930;6;2;0;0;0;6;2;1346930;Refrigerador 252Lts No Frost MRFS-2700G333FW;LINEA BLANCA
6854338;Casado;M;70;CHILENO;;Silencioso;NOGALES                       ;VALPARAISO;303980;4;1;0;0;0;4;1;303980;REFRIGERADOR TOP MOUNT GT29BPPK NO FROST 254 Lt;LINEA BLANCA
17498471;;M;31;CHILENO;;Millenial;VILLA ALEGRE                  ;MAULE;394960;4;3;0;0;0;4;3;394960;Lavadora MLS-160BSC03T 16Kg Blanca;LINEA BLANCA
15814910;;M;37;CHILENO;;Millenial;LA LIGUA                      ;VALPARAISO;926510;8;3;5;2;682950;3;1;243560;Lavadora Premium Care 20SZ 20Kg Silver;LINEA BLANCA
8021486;;M;60;CHILENO;;Boomers;CONSTITUCION                  ;MAULE;265970;3;1;0;0;0;3;1;265970;Secadora Electrica SEM101BDBY Blanca 10 KG;LINEA BLANCA
19578661;;F;25;CHILENO;;Z;N/D;N/D;946950;5;4;0;0;0;5;4;946950;Refrigerador 535Lts Side by Side RS54N3003SL/ZS;LINEA BLANCA
20081847;;F;23;CHILENO;;Z;PROVIDENCIA                   ;METROPOLITANA;179980;2;1;2;1;179980;0;0;0;Refrigerador 167Lts Frio Directo 1700-S;LINEA BLANCA
12770168;Soltero;F;47;CHILENO;PSICOLOGO;X;RENCA                         ;METROPOLITANA;701980;2;1;0;0;0;2;1;701980;Refrigerador 535Lts Side by Side RS54N3003SL/ZS;LINEA BLANCA
8191509;Soltero;F;64;CHILENO;;Boomers;CHONCHI                       ;LOS LAGOS;1087470;12;4;0;0;0;12;4;1087470;Lavadora WA90H4400SW1ZS 9Kg Blanca;LINEA BLANCA
16962064;;F;33;CHILENO;;Millenial;BUIN                          ;METROPOLITANA;208970;3;2;2;1;103980;1;1;104990;Campana Slim CA-635PNG;LINEA BLANCA
16846777;;F;34;CHILENO;;Millenial;PADRE HURTADO                 ;METROPOLITANA;496950;5;2;5;2;496950;0;0;0;Cocina MV 110 T 4P Blanca;LINEA BLANCA
6070127;;M;72;CHILENO;;Silencioso;TRAIGUEN                      ;ARAUCANIA;1862871;14;7;0;0;0;14;7;1862871;Freezer 99Lts MFH-1000B131CN Horizontal;LINEA BLANCA
14469461;;M;50;CHILENO;;X;PROVIDENCIA                   ;METROPOLITANA;179990;1;1;0;0;0;1;1;179990;Lavadora MLS-090GE04N 9Kg Gris;LINEA BLANCA
17851806;;M;30;CHILENO;;Millenial;N/D;N/D;279990;2;1;2;1;279990;0;0;0;Lavadora Efficace SZG 15,5Kg Silver;LINEA BLANCA
18873359;;F;27;CHILENO;;Millenial;"";"";198980;2;1;2;1;198980;0;0;0;Secadora Ropa MD100A90/W 9Kg Ventilacion Blanca;LINEA BLANCA
6470440;;M;71;CHILENO;;Silencioso;HUALQUI                       ;BIO BIO;162980;2;2;0;0;0;2;2;162980;Calefont 5Lts GL Essenetial ECO;LINEA BLANCA
5884565;Viudo;M;74;CHILENO;;Silencioso;PROVIDENCIA                   ;METROPOLITANA;356970;3;1;0;0;0;3;1;356970;Cocina F 2608 T 4P Reflex Silver;LINEA BLANCA
12549429;;F;48;CHILENO;;X;CHILLAN                       ;BIO BIO;497970;3;2;0;0;0;3;2;497970;Cocina F 5500 T 5P Reflex Silver;LINEA BLANCA
13159139;;F;45;CHILENO;;X;PROVIDENCIA                   ;METROPOLITANA;415980;2;1;2;1;415980;0;0;0;Lavadora Secadora WD10WVC4S6 10,5/6Kg Blanca;LINEA BLANCA
7793537;;F;66;CHILENO;;Boomers;COPIAPO                       ;ATACAMA;735970;3;1;0;0;0;3;1;735970;Refrigerador 535Lts Side by Side RS54N3003SL/ZS;LINEA BLANCA
17179373;;F;33;CHILENO;;Millenial;TRAIGUEN                      ;ARAUCANIA;59990;1;1;0;0;0;1;1;59990;Campana Cocina CA610EIN 60Cms Inox;LINEA BLANCA
14217151;;M;41;CHILENO;;X;"";"";562970;3;2;0;0;0;3;2;562970;Refrigerador 260Lts BF Frio Direc MRFI2660SR346W;LINEA BLANCA
11887997;;F;51;CHILENO;;X;PROVIDENCIA                   ;METROPOLITANA;446510;5;2;2;1;214540;3;1;231970;Refrigerador 167Lts Frio Directo 1700-S;LINEA BLANCA
15399242;Casado;F;39;CHILENO;COSMETOLOGA;X;SAN BERNARDO;METROPOLITANA;199990;1;1;0;0;0;1;1;199990;Lavadora WA90H4400SW1ZS 9Kg Blanca;LINEA BLANCA
10243311;Soltero;M;57;CHILENO;;Boomers;PROVIDENCIA                   ;METROPOLITANA;309980;2;1;0;0;0;2;1;309980;Refrigerador 255Lts No Frost RT25FARADS8/ZS;LINEA BLANCA
22617470;;F;65;PERUANO;;Extranjero;ANTOFAGASTA                   ;ANTOFAGASTA;532780;5;2;0;0;0;5;2;532780;Lavadora WA13T5260BW/ZS 13Kg Blanca;LINEA BLANCA
22633118;;M;37;PERUANO;;Extranjero;CALAMA                        ;ANTOFAGASTA;339990;1;1;0;0;0;1;1;339990;Lavadora WT16DSBP 16Kg Silver;LINEA BLANCA
6866620;;F;65;CHILENO;;Silencioso;SAN ANTONIO                   ;VALPARAISO;169980;2;1;2;1;169980;0;0;0;Freezer 142Lts MFH-1430B186C Horizontal;LINEA BLANCA
8573830;;M;51;CHILENO;;X;"";"";1094950;5;3;0;0;0;5;3;1094950;Lavadora Secadora WD95T4046CE/ZS 9,5Kg/6Kg Blanc;LINEA BLANCA
13500776;;F;45;CHILENO;;X;QUINTA DE TILCOCO             ;L.G.B.OÂ´HIGGINS;115980;2;1;2;1;115980;0;0;0;Frigobar 48 Lts FB-55 BL;LINEA BLANCA
10631288;;F;53;CHILENO;;X;CHILLAN                       ;BIO BIO;455970;3;1;0;0;0;3;1;455970;Freezer 200 Lts FDHM200BY0 Horizontal;LINEA BLANCA
18122349;;M;29;CHILENO;;Silencioso;PROVIDENCIA                   ;METROPOLITANA;349980;2;1;2;1;349980;0;0;0;Lavadora Secadora WD95T4046CE/ZS 9,5Kg/6Kg Blanc;LINEA BLANCA
15602378;;F;39;CHILENO;;X;PROVIDENCIA                   ;METROPOLITANA;288360;3;1;3;1;288360;0;0;0;Refrigerador 260Lts BF Frio Direc MRFI2660SR346W;LINEA BLANCA
12698723;;M;48;CHILENO;;X;RENCA                         ;METROPOLITANA;229990;1;1;0;0;0;1;1;229990;Freezer Horizontal M 150 142Lts;LINEA BLANCA
14251525;;M;53;CHILENO;;X;PIRQUE                        ;METROPOLITANA;309980;2;1;0;0;0;2;1;309980;Lavadora MLS-160GC03I 16Kg Gris;LINEA BLANCA
5324406;Casado;M;75;CHILENO;;Silencioso;PUTAENDO                      ;VALPARAISO;285970;3;1;0;0;0;3;1;285970;Refrigerador 241Lts BF Frio Directo Nordik 415;LINEA BLANCA
18238235;;F;35;CHILENO;;Millenial;N/D;N/D;231970;3;1;0;0;0;3;1;231970;Cocina CH-7400 4P;LINEA BLANCA
21537529;;M;25;CHILENO;;Extranjero;LONQUIMAY;ARAUCANIA;105980;2;1;2;1;105980;0;0;0;Calefon 7Lts GL ATMD;LINEA BLANCA
16111782;;M;37;CHILENO;;Millenial;OSORNO                        ;LOS LAGOS;388960;3;1;3;1;388960;0;0;0;Beer Cooler MBC-960N125SEN 96Lts;LINEA BLANCA
22634251;Casado;F;41;CHILENO;;Extranjero;PROVIDENCIA                   ;METROPOLITANA;169980;2;1;2;1;169980;0;0;0;Freezer 142Lts MFH-1430B186C Horizontal;LINEA BLANCA
8780426;;F;61;CHILENO;;Boomers;SAN BERNARDO                  ;METROPOLITANA;209970;3;1;0;0;0;3;1;209970;Freezer 142Lts MFH-1430B186C Horizontal;LINEA BLANCA
8057091;;F;65;CHILENO;;Boomers;NATALES                       ;MAGALLANES;237960;4;4;0;0;0;4;4;237960;Freezer 142Lts MFH-1430B186C Horizontal;LINEA BLANCA
9935363;Casado;F;58;CHILENO;;Boomers;PROVIDENCIA                   ;METROPOLITANA;203980;2;1;0;0;0;2;1;203980;Lavadora Semiautomatica LC-6550 6,5Kg;LINEA BLANCA
10054908;Casado;F;56;CHILENO;;Boomers;PUNTA ARENAS                  ;MAGALLANES;200000;2;1;0;0;0;2;1;200000;Lavadora WA90H4400SW1ZS 9Kg Blanca;LINEA BLANCA
26241500;Soltero;M;33;CHILENO;;Extranjero;SANTIAGO                      ;METROPOLITANA;379980;2;1;2;1;379980;0;0;0;Refrigerador LB33MPP 306Lts Bottom No Frost;LINEA BLANCA
10897356;;F;52;CHILENO;;X;TEMUCO                        ;ARAUCANIA;570970;3;1;0;0;0;3;1;570970;Refrigerador DW44S 400Lts Dispen No Frost;LINEA BLANCA
17924362;;F;31;CHILENO;;Millenial;PROVIDENCIA                   ;METROPOLITANA;129980;2;1;2;1;129980;0;0;0;FRIGOBAR 93 LTS MFB-930S121LN;LINEA BLANCA
17040680;Soltero;F;33;CHILENO;;Millenial;PROVIDENCIA                   ;METROPOLITANA;315980;2;1;2;1;315980;0;0;0;Cocina MCG-4QI24NS 4P;LINEA BLANCA
16549194;;M;35;CHILENO;;Millenial;RENCA                         ;METROPOLITANA;309990;1;1;0;0;0;1;1;309990;Cocina F-2808 4P;LINEA BLANCA
8222300;;M;64;CHILENO;;Boomers;RENCA                         ;METROPOLITANA;309980;2;1;2;1;309980;0;0;0;Refrigerador 262Lts No Frost MRFI-2760S349RW-DA;LINEA BLANCA
15289028;;M;39;CHILENO;;X;ANCUD                         ;LOS LAGOS;758960;4;2;0;0;0;4;2;758960;Refrigerador 525Lts Side by Side SFX500;LINEA BLANCA
7612143;;F;65;CHILENO;;Boomers;CONCEPCION                    ;BIO BIO;229980;3;1;0;0;0;3;1;229980;Cocina CH-7400 4P;LINEA BLANCA
19329233;;F;25;CHILENO;;Z;"";"";311980;2;1;2;1;311980;0;0;0;Lavadora WA17T6260BW/ZS 17Kg Blanca;LINEA BLANCA
26597712;;F;46;EXTRANJERO - NO INFORMA NACIONALIDAD;;Extranjero;QUILLOTA                      ;VALPARAISO;316970;3;1;0;0;0;3;1;316970;Freezer 200 Lts FDHM200BY0 Horizontal;LINEA BLANCA
9167729;;M;58;CHILENO;;Boomers;LA CRUZ                       ;VALPARAISO;119990;1;1;0;0;0;1;1;119990;Calefon 10Lts GL ATMD;LINEA BLANCA
5503931;;M;72;CHILENO;;Silencioso;PEUMO                         ;L.G.B.OÂ´HIGGINS;268460;4;2;0;0;0;4;2;268460;Freezer 99Lts MFH-1000B131CN Horizontal;LINEA BLANCA
10373267;;F;55;CHILENO;;Boomers;RENCA                         ;METROPOLITANA;209980;2;1;0;0;0;2;1;209980;Lavadora MLS-090GE04N 9Kg Gris;LINEA BLANCA
15028294;;M;38;CHILENO;;X;RENCA                         ;METROPOLITANA;175980;2;1;2;1;175980;0;0;0;Lavadora MLS-090GE04N 9Kg Gris;LINEA BLANCA
18739459;Soltero;F;28;CHILENO;NUTRICIONISTA;Silencioso;PROVIDENCIA                   ;METROPOLITANA;163980;2;1;2;1;163980;0;0;0;Lavadora Semiautomatica LC-6550 6,5Kg;LINEA BLANCA
9195266;Casado;F;62;CHILENO;;Boomers;SAN ANTONIO                   ;VALPARAISO;514970;3;2;0;0;0;3;2;514970;Refrigerador 341Lts BF No Frost GB37MPD;LINEA BLANCA
16814914;;M;34;CHILENO;;Millenial;ARICA                         ;ARICA Y PARINACOTA;228970;3;1;0;0;0;3;1;228970;Freezer 142Lts MFH-1430B186C Horizontal;LINEA BLANCA
5957683;;M;73;CHILENO;;Silencioso;CASABLANCA                    ;VALPARAISO;245970;3;1;0;0;0;3;1;245970;Secadora Ropa MSV-90 9K Blanca Ventilacion;LINEA BLANCA
11243743;;M;53;CHILENO;;X;LOS ANGELES                   ;BIO BIO;306480;2;1;0;0;0;2;1;306480;Cocina F-2808 4P;LINEA BLANCA
11677838;;F;51;CHILENO;;X;N/D;N/D;313980;2;1;2;1;313980;0;0;0;Refrigerador 262Lts No Frost MRFI-2760S349RW-DA;LINEA BLANCA
13400810;Soltero;F;47;CHILENO;;X;PROVIDENCIA                   ;METROPOLITANA;159990;1;1;0;0;0;1;1;159990;Lavadora Semiautomatica LC-6550 6,5Kg;LINEA BLANCA
15588854;;F;38;CHILENO;;Millenial;N/D;N/D;1459950;5;5;0;0;0;5;5;1459950;Freezer 200 Lts FDHM200BY0 Horizontal;LINEA BLANCA
10058867;Divorciado;M;55;CHILENO;INGENIERO DE EJECUCION INDUSTRIAL;Boomers;ARICA                         ;ARICA Y PARINACOTA;651970;3;2;0;0;0;3;2;651970;Cocina MCG-5QI30AME5 5P Inox;LINEA BLANCA
12269688;;F;50;CHILENO;;X;LOLOL                         ;L.G.B.OÂ´HIGGINS;199980;2;1;0;0;0;2;1;199980;Freezer horizontal 142Lts lfh-151 blanco;LINEA BLANCA
14313907;;M;47;CHILENO;;X;OVALLE                        ;COQUIMBO;259990;1;1;0;0;0;1;1;259990;Lavadora MLS-160BSC03T 16Kg Blanca;LINEA BLANCA
9626124;;M;60;CHILENO;;Boomers;COIHAIQUE                     ;AYSEN;356980;2;1;2;1;356980;0;0;0;KIT-138 HORNO HE-7200IN+CEG-4600IN+CA-610EIN;LINEA BLANCA
10170868;;F;57;CHILENO;;Boomers;OLIVAR                        ;L.G.B.OÂ´HIGGINS;126970;3;2;0;0;0;3;2;126970;ENCIMERA CE4-600 INOX 4P SINDELEN;LINEA BLANCA
16972895;;M;46;CHILENO;;X;SAN PEDRO DE LA PAZ           ;BIO BIO;316980;2;1;0;0;0;2;1;316980;Cocina Andes60TX4 4P Inox;LINEA BLANCA
14537768;;F;46;CHILENO;;X;"";"";128540;2;1;2;1;128540;0;0;0;FRIGOBAR 93 LTS MFB-930S121LN;LINEA BLANCA
18718482;Soltero;M;27;CHILENO;;Z;BUIN                          ;METROPOLITANA;209980;2;1;0;0;0;2;1;209980;Freezer Horizontal MFH-1990B258CN 198Lts;LINEA BLANCA
17949354;;F;43;CHILENO;;X;RENCA                         ;METROPOLITANA;324980;2;1;2;1;324980;0;0;0;Lavadora C Frontal 12K WM12WVC4S6 Inverter Dire;LINEA BLANCA
8930305;;F;59;CHILENO;;Boomers;PROVIDENCIA                   ;METROPOLITANA;189990;1;1;0;0;0;1;1;189990;Cocina CH-9050SI 4P;LINEA BLANCA
6946099;Casado;M;70;CHILENO;;Silencioso;PROVIDENCIA                   ;METROPOLITANA;384980;2;1;0;0;0;2;1;384980;Cocina F-5500 Premium 5P;LINEA BLANCA
8072016;;M;59;CHILENO;;Boomers;PUNTA ARENAS                  ;MAGALLANES;291980;2;1;0;0;0;2;1;291980;Lavadora MLS-160BSC03T 16Kg Blanca;LINEA BLANCA
8503336;;M;60;CHILENO;;Boomers;BUIN                          ;METROPOLITANA;229980;2;1;0;0;0;2;1;229980;Refrigerador 260Lts BF Frio Direc MRFI2660SR346W;LINEA BLANCA
15646343;Soltero;F;32;CHILENO;;Millenial;PROVIDENCIA                   ;METROPOLITANA;360980;2;1;0;0;0;2;1;360980;Cocina Andes76HG0 6P Inox;LINEA BLANCA
12633871;;F;48;CHILENO;;X;RENCA                         ;METROPOLITANA;813950;6;3;6;3;813950;0;0;0;Freezer 142Lts MFH-1430B186C Horizontal;LINEA BLANCA
6737941;;F;70;CHILENO;;Silencioso;SAN FERNANDO                  ;L.G.B.OÂ´HIGGINS;369970;3;1;0;0;0;3;1;369970;Cocina Diva 920 5P;LINEA BLANCA
12364266;;M;49;CHILENO;;X;HUECHURABA                    ;METROPOLITANA;289980;2;1;2;1;289980;0;0;0;Lavadora Efficace SZG 17,5Kg Silver;LINEA BLANCA
12337854;;F;49;CHILENO;;X;PANGUIPULLI                   ;LOS LAGOS;809960;4;2;0;0;0;4;2;809960;Lavadora Secadora WD95T4046CE/ZS 9,5Kg/6Kg Blanc;LINEA BLANCA
10564899;;M;57;CHILENO;;Boomers;LO PRADO                      ;METROPOLITANA;261940;6;3;6;3;261940;0;0;0;Campana Cocina FXU6160 60CM;LINEA BLANCA
8509745;Soltero;F;64;CHILENO;;Boomers;PROVIDENCIA                   ;METROPOLITANA;510970;3;1;0;0;0;3;1;510970;Refrigerador 290LTS No Frost RMB302PXLRS0;LINEA BLANCA
18248295;;F;29;CHILENO;;Millenial;PUENTE ALTO;METROPOLITANA;209980;2;1;0;0;0;2;1;209980;Refrigerador 167Lts Frio Directo 1700-S;LINEA BLANCA
6307051;;F;72;CHILENO;;Silencioso;N/D;N/D;2557480;22;5;0;0;0;22;5;2557480;Refrigerador 525Lts Side by Side SFX500;LINEA BLANCA
20373609;;F;22;CHILENO;;Z;CHILLAN                       ;BIO BIO;541951;6;4;0;0;0;6;4;541951;Lavadora Efficace SZG 15,5Kg Silver;LINEA BLANCA
11964187;;M;50;CHILENO;;X;CURANILAHUE                   ;BIO BIO;402980;2;1;0;0;0;2;1;402980;Refrigerador 290Lts BF No Frost RB30N4020S8;LINEA BLANCA
18619958;Soltero;F;28;CHILENO;;Millenial;PROVIDENCIA                   ;METROPOLITANA;136980;2;1;2;1;136980;0;0;0;Freezer 99Lts MFH-1000B131CN Horizontal;LINEA BLANCA
18520105;;M;31;CHILENO;;Millenial;CAUQUENES                     ;MAULE;537980;2;1;0;0;0;2;1;537980;Refrigerador DW44S 400Lts Dispen No Frost;LINEA BLANCA
7340659;;M;67;CHILENO;;Boomers;ARICA                         ;ARICA Y PARINACOTA;219990;1;1;0;0;0;1;1;219990;Lavadora LMA0920WGCL0 9,5Kg Gris;LINEA BLANCA
15003541;;M;40;CHILENO;;X;N/D;N/D;484450;6;1;0;0;0;6;1;484450;Lavadora 9 Kg Carga Superior Blanca;LINEA BLANCA
11524343;Casado;F;52;CHILENO;AUXILIAR DE ENFERMERIA;X;PROVIDENCIA                   ;METROPOLITANA;329990;1;1;0;0;0;1;1;329990;REFRIGERADOR TOP MOUNT GT29BPPK NO FROST 254 Lt;LINEA BLANCA
6536208;;F;68;CHILENO;;Boomers;PEUMO                         ;L.G.B.OÂ´HIGGINS;538960;4;3;0;0;0;4;3;538960;Refrigerador 303Lts BF Frio Directo Nordik 480;LINEA BLANCA
12374841;;F;49;CHILENO;;X;QUILPUE                       ;VALPARAISO;309980;2;1;2;1;309980;0;0;0;Lavadora MLS-190GC03N 19Kg Gris;LINEA BLANCA
14687168;;F;48;PERUANO;;Extranjero;MAIPU                         ;METROPOLITANA;299990;1;1;0;0;0;1;1;299990;Refrigerador 303Lts BF Frio Directo Nordik 480;LINEA BLANCA
16931296;;F;33;CHILENO;;Millenial;LOS ALAMOS                    ;BIO BIO;540310;5;2;2;1;175840;3;1;364470;Lavadora Efficace SZG 17,5Kg Silver;LINEA BLANCA
9082805;;F;58;CHILENO;;Boomers;RENCA                         ;METROPOLITANA;229990;1;1;0;0;0;1;1;229990;Freezer 200 Lts FDHM200BY0 Horizontal;LINEA BLANCA
7057713;;F;72;CHILENO;;Silencioso;PANGUIPULLI                   ;LOS RIOS;594810;4;2;0;0;0;4;2;594810;Lavadora WA90H4400SW/ZS 9Kg Blanca;LINEA BLANCA
24408099;;F;35;BOLIVIANO;;Extranjero;CALAMA                        ;ANTOFAGASTA;779981;3;2;0;0;0;3;2;779981;Lavadora WT19DSBP 19Kg Silver;LINEA BLANCA
18557447;;F;25;CHILENO;;Z;PROVIDENCIA                   ;METROPOLITANA;211970;3;2;3;2;211970;0;0;0;Cocina CH-7400 4P;LINEA BLANCA
8387605;;F;60;CHILENO;;Boomers;OVALLE                        ;COQUIMBO;230980;2;1;0;0;0;2;1;230980;Lavadora WA90H4400SW/ZS 9Kg Blanca;LINEA BLANCA
8648755;Casado;M;63;CHILENO;AGROINDUSTRIA;Boomers;RENCA                         ;METROPOLITANA;248970;3;1;0;0;0;3;1;248970;Lavadora MLS-080BE04N 8Kg Blanca;LINEA BLANCA
12492526;;F;49;CHILENO;;X;N/D;N/D;409360;3;2;0;0;0;3;2;409360;Lavadora Efficace SZG 17,5Kg Silver;LINEA BLANCA
15404459;Soltero;F;37;CHILENO;;Millenial;RENCA                         ;METROPOLITANA;121980;2;1;2;1;121980;0;0;0;Lavadora MLS-080BE04N 8Kg Blanca;LINEA BLANCA
19581644;;F;25;CHILENO;;Z;PROVIDENCIA                   ;METROPOLITANA;289980;3;2;0;0;0;3;2;289980;Refrigerador 210Lts Rojo Frio Dir MRFS2100R273FN;LINEA BLANCA
25787886;;M;30;HAITIANO;;Extranjero;TALCA                         ;MAULE;324970;3;1;0;0;0;3;1;324970;Lavadora MLS-190GC03N 19Kg Gris;LINEA BLANCA
18578146;;F;28;CHILENO;;Millenial;N/D;N/D;303350;5;3;0;0;0;5;3;303350;Refrigerador 260Lts BF Frio Direc MRFI2660SR346W;LINEA BLANCA
13277727;;F;45;CHILENO;;X;PENALOLEN                     ;METROPOLITANA;368970;3;1;0;0;0;3;1;368970;REFRIGERADOR TOP MOUNT GT29BPPK NO FROST 254 Lt;LINEA BLANCA
8104963;Soltero;F;66;CHILENO;;Boomers;PROVIDENCIA                   ;METROPOLITANA;209980;2;1;0;0;0;2;1;209980;Cocina CH-7400 4P;LINEA BLANCA
15056621;;F;40;CHILENO;;X;PUCHUNCAVI                    ;VALPARAISO;451970;3;1;0;0;0;3;1;451970;Cocina Andes7650FX 5P Inox;LINEA BLANCA
26126482;;F;45;COLOMBIANO;;Extranjero;VALDIVIA                      ;LOS RIOS;219970;3;2;0;0;0;3;2;219970;Cocina CH-7400 4P;LINEA BLANCA
15203980;;F;47;CHILENO;;X;LOS ANGELES                   ;BIO BIO;451470;3;1;0;0;0;3;1;451470;Lavadora WT19DSBP 19Kg Silver;LINEA BLANCA
9895759;;F;57;CHILENO;;Boomers;"";"";195980;2;1;2;1;195980;0;0;0;Refrigerador 167Lts MRFI-1700R234RN F.Direc Rojo;LINEA BLANCA
14351689;;M;42;CHILENO;;X;LOS ANGELES                   ;BIO BIO;251970;4;2;0;0;0;4;2;251970;Freezer horizontal 142Lts lfh-151 blanco;LINEA BLANCA
17116118;;M;33;CHILENO;;Millenial;PROVIDENCIA                   ;METROPOLITANA;156980;2;1;2;1;156980;0;0;0;Lavadora MLS-090GE04N 9Kg Gris;LINEA BLANCA
6028014;;F;73;CHILENO;;Silencioso;PENALOLEN                     ;METROPOLITANA;355980;2;1;0;0;0;2;1;355980;Refrigerador 250 Lts No Frost RMA250PHUG1;LINEA BLANCA
10540148;;F;56;CHILENO;;Boomers;PUREN                         ;ARAUCANIA;319990;1;1;0;0;0;1;1;319990;Lavadora WA17T6260BW/ZS 17Kg Blanca;LINEA BLANCA
16827445;Soltero;F;34;CHILENO;MEDICO CIRUJANO;Millenial;PROVIDENCIA                   ;METROPOLITANA;319990;1;1;0;0;0;1;1;319990;Refrigerador 254Lts No Frost GT29WPPDC;LINEA BLANCA
11788684;;F;51;CHILENO;;X;CAUQUENES                     ;MAULE;249970;3;5;0;0;0;3;5;249970;Freezer 142Lts MFH-1430B186C Horizontal;LINEA BLANCA
7871843;Casado;F;65;CHILENO;;Boomers;RENCA                         ;METROPOLITANA;336980;2;1;0;0;0;2;1;336980;Freezer 200 Lts FDHM200BY0 Horizontal;LINEA BLANCA
12204132;;F;51;CHILENO;;X;COIHAIQUE                     ;AYSEN;169990;1;1;0;0;0;1;1;169990;Lavadora LMA0920WGCL0 9,5Kg Gris;LINEA BLANCA
11095627;;F;56;CHILENO;;Boomers;MOSTAZAL                      ;L.G.B.OÂ´HIGGINS;349970;3;1;0;0;0;3;1;349970;Refrigerador 251Lts No Frost Altus 1250;LINEA BLANCA
12292074;;F;53;CHILENO;;X;RANCAGUA                      ;L.G.B.OÂ´HIGGINS;697930;7;2;0;0;0;7;2;697930;Secadora Ropa MSV-90 9K Blanca Ventilacion;LINEA BLANCA
12015142;Divorciado;F;57;CHILENO;;Boomers;PROVIDENCIA                   ;METROPOLITANA;251980;2;1;0;0;0;2;1;251980;FREEZER Z200 196LTS HORIZONTAL FENSA;LINEA BLANCA
15468634;;M;40;CHILENO;;X;N/D;N/D;597970;4;2;0;0;0;4;2;597970;Lavadora Secadora Perfect Care 8Kg/5Kg Blanca;LINEA BLANCA
12111730;;F;61;CHILENO;;Boomers;SAN BERNARDO                  ;METROPOLITANA;338960;4;1;0;0;0;4;1;338960;Refrigerador 241Lts BF Frio Directo Nordik 415;LINEA BLANCA
12332379;;M;49;CHILENO;;X;SAN BERNARDO                  ;METROPOLITANA;143980;2;1;2;1;143980;0;0;0;Lavadora MLS-090GE04N 9Kg Gris;LINEA BLANCA
11540968;;M;54;CHILENO;;Boomers;VILLARICA                     ;ARAUCANIA;413970;3;1;0;0;0;3;1;413970;Lavadora MLS-190GC03N 19Kg Gris;LINEA BLANCA
13031501;;F;46;CHILENO;;X;N/D;N/D;199980;2;1;2;1;199980;0;0;0;Refrigerador 167Lts MRFI-1700R234RN F.Direc Rojo;LINEA BLANCA
16048671;Soltero;M;37;CHILENO;TERAPEUTA OCUPACIONAL;Millenial;PROVIDENCIA                   ;METROPOLITANA;397080;4;2;4;2;397080;0;0;0;Cocina CH-9400 4P SILVER;LINEA BLANCA
14498882;;F;46;CHILENO;;X;LINARES                       ;MAULE;230974;3;2;0;0;0;3;2;230974;Cocina CMC20AXX 4P Inox;LINEA BLANCA
4588433;;M;80;CHILENO;;Silencioso;CARTAGENA                     ;VALPARAISO;230970;3;1;0;0;0;3;1;230970;Refrigerador 167Lts MRFI-1700R234RN F.Direc Rojo;LINEA BLANCA
8018272;;F;74;CHILENO;;Silencioso;"";"";646430;5;3;0;0;0;5;3;646430;Freezer 200 Lts FDHM200BY0 Horizontal;LINEA BLANCA
18419980;;M;32;CHILENO;;Millenial;SANTA JUANA                   ;BIO BIO;289990;1;1;0;0;0;1;1;289990;REFRIGERADOR TOP MOUNT GT29BPPK NO FROST 254 Lt;LINEA BLANCA
17594756;;F;31;CHILENO;;Millenial;PROVIDENCIA                   ;METROPOLITANA;76980;2;1;2;1;76980;0;0;0;Encimera CE2-435I 2P Inox;LINEA BLANCA
10736445;;M;53;CHILENO;;X;TALCA                         ;MAULE;302980;2;1;0;0;0;2;1;302980;Refrigerador 260Lts BF Frio Direc MRFI2660SR346W;LINEA BLANCA
11087944;;F;55;CHILENO;;Boomers;SAN VICENTE                   ;L.G.B.OÂ´HIGGINS;422440;5;4;0;0;0;5;4;422440;Lavadora WA17T6260BW/ZS 17Kg Blanca;LINEA BLANCA
11740744;;F;51;CHILENO;;X;QUINTA NORMAL                 ;METROPOLITANA;224990;1;2;-1;1;-54990;2;1;279980;Lavadora Efficace SZG 17,5Kg Silver;LINEA BLANCA
8262527;;F;62;CHILENO;;Boomers;MELIPILLA                     ;METROPOLITANA;719560;3;1;0;0;0;3;1;719560;Cocina 76DXR Doble Horno;LINEA BLANCA
26644729;;F;43;VENEZOLANO;;Extranjero;N/D;N/D;209980;2;1;0;0;0;2;1;209980;Lavadora LMA0920WGCL0 9,5Kg Gris;LINEA BLANCA
18850359;;F;27;CHILENO;;Millenial;N/D;N/D;297960;4;2;0;0;0;4;2;297960;Lavadora Efficace SZG 17,5Kg Silver;LINEA BLANCA
8550323;;F;64;CHILENO;;Boomers;SAN BERNARDO                  ;METROPOLITANA;549980;2;1;0;0;0;2;1;549980;Refrigerador Advantage 5700E 431Lts No Frost;LINEA BLANCA
14199046;;F;40;CHILENO;;X;YUNGAY                        ;BIO BIO;317520;5;2;5;2;317520;0;0;0;CALEFON VIVACE 7 ECO GL MADEMSA;LINEA BLANCA
9110995;;M;66;CHILENO;;Boomers;CORONEL                       ;BIO BIO;406980;2;1;0;0;0;2;1;406980;Lavadora 13 Kg Carga Superior;LINEA BLANCA
26650321;;M;30;COLOMBIANO;;Extranjero;LOS ANGELES                   ;BIO BIO;419990;1;1;0;0;0;1;1;419990;Lavadora Secadora WD10WVC4S6 10,5/6Kg Blanca;LINEA BLANCA
7529255;;F;66;CHILENO;;Boomers;TEMUCO                        ;ARAUCANIA;266360;3;1;0;0;0;3;1;266360;Cocina CH-9500 NG 4P;LINEA BLANCA
12281110;;F;54;CHILENO;;Boomers;"";"";103980;2;1;2;1;103980;0;0;0;FRIGOBAR 45 LTS MDRD86FGF02;LINEA BLANCA
16588923;;F;35;CHILENO;;Millenial;CURICO                        ;MAULE;99990;1;1;0;0;0;1;1;99990;Calefon 7Lts GL Master;LINEA BLANCA
19744714;;M;25;CHILENO;;Z;SAN BERNARDO                  ;METROPOLITANA;319360;3;1;0;0;0;3;1;319360;Lavadora MLS-160GSC03T 16Kg Gris;LINEA BLANCA
8589228;;F;61;CHILENO;;Boomers;CHILLAN                       ;BIO BIO;576470;3;2;0;0;0;3;2;576470;Refrigerador 311Lts Frio Direct Nordik Inox 3900;LINEA BLANCA
18988702;;M;27;CHILENO;;Silencioso;PROVIDENCIA                   ;METROPOLITANA;269990;1;1;0;0;0;1;1;269990;Refrigerador 252Lts No Frost MRFS-2700G333FW;LINEA BLANCA
8029787;;M;64;CHILENO;;Boomers;RENCA                         ;METROPOLITANA;395470;2;1;0;0;0;2;1;395470;Refrigerador 254Lts No Frost GT29WPPDC;LINEA BLANCA
19255363;Soltero;M;26;CHILENO;PROFESOR;Z;PROVIDENCIA                   ;METROPOLITANA;185480;2;1;2;1;185480;0;0;0;Lavadora Efficace BZG 9,5Kg Blanca;LINEA BLANCA
9059319;Casado;M;61;CHILENO;INGENIERO AGRICOLA;Boomers;MELIPILLA                     ;METROPOLITANA;422970;3;1;0;0;0;3;1;422970;Lavadora Premium Care 20SZ 20Kg Silver;LINEA BLANCA
14023425;;F;40;CHILENO;;X;PARRAL                        ;MAULE;919960;4;2;0;0;0;4;2;919960;Lavadora Premium Care 20SZ 20Kg Silver;LINEA BLANCA
7459578;;F;68;CHILENO;;Silencioso;RIO HURTADO                   ;COQUIMBO;322980;2;1;0;0;0;2;1;322980;Lavadora Efficace SZG 17,5Kg Silver;LINEA BLANCA
26858273;;F;33;EXTRANJERO - NO INFORMA NACIONALIDAD;;Extranjero;N/D;N/D;236350;4;1;0;0;0;4;1;236350;Freezer 142Lts MFH-1430B186C Horizontal;LINEA BLANCA
12983089;;M;45;CHILENO;;X;CURANILAHUE                   ;BIO BIO;275980;2;2;0;0;0;2;2;275980;Refrigerador 249Lts No Frost RMA250PHUG;LINEA BLANCA
9942369;;F;56;CHILENO;;Boomers;RANCAGUA                      ;L.G.B.OÂ´HIGGINS;1735980;10;4;0;0;0;10;4;1735980;Cocina F-2525 4P;LINEA BLANCA
19590403;;F;29;CHILENO;;Millenial;PALMILLA                      ;L.G.B.OÂ´HIGGINS;367450;4;2;0;0;0;4;2;367450;Refrigerador 254Lts No Frost GT29WPPDC;LINEA BLANCA
11598845;;F;52;CHILENO;;X;ANCUD                         ;LOS LAGOS;238460;3;1;0;0;0;3;1;238460;Freezer 99Lts MFH-1000B131CN Horizontal;LINEA BLANCA
20187823;;M;23;CHILENO;;Z;PROVIDENCIA                   ;METROPOLITANA;339980;2;1;2;1;339980;0;0;0;Cocina Diva 920 5P;LINEA BLANCA
13180431;;F;45;CHILENO;;X;PROVIDENCIA                   ;METROPOLITANA;222980;2;1;0;0;0;2;1;222980;Lavadora WA80H4200SW/ZS 8Kg Blanca;LINEA BLANCA
6396810;;M;68;CHILENO;;Silencioso;PROVIDENCIA                   ;METROPOLITANA;360340;5;2;0;0;0;5;2;360340;Lavadora Efficace SZG 17,5Kg Silver;LINEA BLANCA
15122080;;F;36;CHILENO;;Millenial;N/D;N/D;583520;4;2;4;2;583520;0;0;0;Refrigerador Side by side Multidoor DM64S;LINEA BLANCA
5232083;;M;77;CHILENO;;Silencioso;N/D;N/D;801970;3;2;0;0;0;3;2;801970;Lavadora WA13T5260BW/ZS 13Kg Blanca;LINEA BLANCA
10762583;;M;55;CHILENO;;Boomers;NUEVA IMPERIAL                ;ARAUCANIA;322980;2;1;0;0;0;2;1;322980;Lavadora MLS-140GSC03T 14Kg Gris;LINEA BLANCA
12533131;Casado;F;49;CHILENO;;X;RENCA                         ;METROPOLITANA;235470;2;1;0;0;0;2;1;235470;Cocina CH-7400 4P;LINEA BLANCA
10956932;;F;51;CHILENO;;X;CONCEPCION                    ;BIO BIO;486970;3;1;0;0;0;3;1;486970;Refrigerador 249Lts No Frost RMA250PHUG;LINEA BLANCA
9535223;Casado;F;60;CHILENO;;Boomers;COLINA                        ;METROPOLITANA;359980;2;1;0;0;0;2;1;359980;Lavadora LMA6120WGCL0 16Kg Gris;LINEA BLANCA
7428370;;F;69;CHILENO;;Silencioso;SAN JAVIER                    ;MAULE;375470;2;1;0;0;0;2;1;375470;Refrigerador 249Lts No Frost RMA250PHUG;LINEA BLANCA
18514449;;M;29;CHILENO;;Millenial;PROVIDENCIA                   ;METROPOLITANA;299980;2;1;2;1;299980;0;0;0;Refrigerador 241Lts BF Frio Directo Nordik 415;LINEA BLANCA
26232918;;M;28;EXTRANJERO - NO INFORMA NACIONALIDAD;;Extranjero;INDEPENDENCIA                 ;METROPOLITANA;309980;2;1;0;0;0;2;1;309980;Refrigerador 260Lts BF Frio Direc MRFI2660SR346W;LINEA BLANCA
9894304;;M;58;CHILENO;;Boomers;QUILICURA                     ;METROPOLITANA;339360;3;1;0;0;0;3;1;339360;Lavadora Efficace SZG 15,5Kg Silver;LINEA BLANCA
17792474;;F;33;CHILENO;;Millenial;VINA DEL MAR                  ;VALPARAISO;259360;3;1;0;0;0;3;1;259360;Refrigerador 260Lts BF Frio Direc MRFI2660SR346W;LINEA BLANCA
17904912;;F;31;CHILENO;;Millenial;"";"";309980;2;1;2;1;309980;0;0;0;Lavadora Efficace SZG 17,5Kg Silver;LINEA BLANCA
9024589;;F;62;CHILENO;;Boomers;LA FLORIDA                    ;METROPOLITANA;333540;5;3;0;0;0;5;3;333540;Freezer 142Lts MFH-1430B186C Horizontal;LINEA BLANCA
9508720;;F;63;CHILENO;;Boomers;LA SERENA                     ;COQUIMBO;691360;3;1;0;0;0;3;1;691360;Refrigerador 527Lts Side by Side MRSBS5300G689WE;LINEA BLANCA
18571798;;F;29;CHILENO;;Silencioso;PROVIDENCIA                   ;METROPOLITANA;251980;2;1;2;1;251980;0;0;0;Lavadora WT13WSBP 13Kg Blanca;LINEA BLANCA
12215451;;M;50;CHILENO;;X;ARICA                         ;ARICA Y PARINACOTA;505980;2;1;2;1;505980;0;0;0;Refrigerador 341Lts BF No Frost GB37MPD;LINEA BLANCA
12520309;;F;49;CHILENO;;X;PROVIDENCIA                   ;METROPOLITANA;314990;2;1;2;1;314990;0;0;0;Lavadora Efficace SZG 17,5Kg Silver;LINEA BLANCA
16453446;;M;36;CHILENO;;Silencioso;PROVIDENCIA                   ;METROPOLITANA;361980;2;1;2;1;361980;0;0;0;Lavadora WT19DSBP 19Kg Silver;LINEA BLANCA
20438220;;F;22;CHILENO;;Silencioso;PROVIDENCIA                   ;METROPOLITANA;165840;2;1;2;1;165840;0;0;0;Secadora Ropa MSV-90 9K Blanca Ventilacion;LINEA BLANCA
6610235;Soltero;M;58;CHILENO;;Boomers;LA FLORIDA                    ;METROPOLITANA;489980;2;1;0;0;0;2;1;489980;Refrigerador 252Lts No Frost MRFS-2700G333FW;LINEA BLANCA
6157276;;F;78;CHILENO;;Silencioso;RENCA                         ;METROPOLITANA;497860;3;1;0;0;0;3;1;497860;Lavadora MLS-160BSC03T 16Kg Blanca;LINEA BLANCA
18832228;Soltero;F;27;CHILENO;;Millenial;PROVIDENCIA                   ;METROPOLITANA;139990;2;1;2;1;139990;0;0;0;Cocina CMC20AXX 4P Inox;LINEA BLANCA
15621558;;M;38;CHILENO;;X;N/D;N/D;159980;2;1;0;0;0;2;1;159980;Campana Cocina FXU6160 60CM;LINEA BLANCA
8400731;;M;62;CHILENO;;Silencioso;PROVIDENCIA                   ;METROPOLITANA;379980;2;1;0;0;0;2;1;379980;Refrigerador 300Lts No Frost RT29K500JS8/ZS;LINEA BLANCA
13888621;;F;41;CHILENO;;X;PUENTE ALTO                   ;METROPOLITANA;419990;1;1;0;0;0;1;1;419990;Lavadora WT19DSBP 19Kg Silver;LINEA BLANCA
7814149;;F;58;CHILENO;;Boomers;EL QUISCO                     ;VALPARAISO;346460;3;1;0;0;0;3;1;346460;Refrigerador 252Lts No Frost MRFS-2700G333FW;LINEA BLANCA
25996859;Soltero;F;33;CHILENO;;Extranjero;PROVIDENCIA                   ;METROPOLITANA;987940;6;3;6;3;987940;0;0;0;Refrigerador 249Lts No Frost RMA250PHUG;LINEA BLANCA
10787381;;F;55;CHILENO;;Boomers;PUCON                         ;ARAUCANIA;295980;2;1;2;1;295980;0;0;0;Refrigerador 244Lts Frio Directo Progress 3100;LINEA BLANCA
10766270;;F;58;CHILENO;;Boomers;N/D;N/D;396460;3;1;0;0;0;3;1;396460;Refrigerador 262Lts No Frost MRFI-2760S349RW-DA;LINEA BLANCA
17034982;;F;33;CHILENO;;Millenial;PROVIDENCIA                   ;METROPOLITANA;385980;2;1;2;1;385980;0;0;0;Lavadora Secadora WD95T4046CE/ZS 9,5Kg/6Kg Blanc;LINEA BLANCA
4256864;;F;86;CHILENO;;Silencioso;VINA DEL MAR                  ;VALPARAISO;220360;3;1;0;0;0;3;1;220360;Lavadora MLS-090GE04N 9Kg Gris;LINEA BLANCA
6638341;Casado;M;63;CHILENO;PROFESOR;Boomers;RENCA                         ;METROPOLITANA;133980;2;1;2;1;133980;0;0;0;FRIGOBAR 93 LTS MFB-930S121LN;LINEA BLANCA
12556280;;F;47;CHILENO;;X;ARAUCO                        ;BIO BIO;246980;2;1;0;0;0;2;1;246980;Cocina CH-9600RJ 4P;LINEA BLANCA
7539590;;M;67;CHILENO;;Boomers;ANCUD                         ;LOS LAGOS;230570;2;1;0;0;0;2;1;230570;Lavadora WA90H4400SW/ZS 9Kg Blanca;LINEA BLANCA
16952472;;F;34;CHILENO;;Millenial;RENCA                         ;METROPOLITANA;791940;4;1;4;1;791940;0;0;0;Refrigerador 249Lts No Frost RMA250PHUG;LINEA BLANCA
15701600;;M;38;CHILENO;;X;PUENTE ALTO                   ;METROPOLITANA;269980;2;1;2;1;269980;0;0;0;Lavadora Efficace SZG 17,5Kg Silver;LINEA BLANCA
26609576;;M;38;VENEZOLANO;;Extranjero;CASTRO                        ;LOS LAGOS;341970;3;2;0;0;0;3;2;341970;Refrigerador 260Lts BF Frio Direc MRFI2660SR346W;LINEA BLANCA
10599571;Soltero;F;44;CHILENO;;X;RENCA                         ;METROPOLITANA;314960;4;2;4;2;314960;0;0;0;Freezer Horizontal MFH-1990B258CN 198Lts;LINEA BLANCA
4227610;;M;80;CHILENO;;Silencioso;ARICA                         ;ARICA Y PARINACOTA;358480;2;1;0;0;0;2;1;358480;Lavadora WT16DSBP 16Kg Silver;LINEA BLANCA
10064192;;M;57;CHILENO;;Boomers;INDEPENDENCIA                 ;METROPOLITANA;537340;5;2;0;0;0;5;2;537340;Lavadora MLS-090GE04N 9Kg Gris;LINEA BLANCA
18587821;;M;28;CHILENO;;Millenial;PUREN                         ;ARAUCANIA;199990;1;1;0;0;0;1;1;199990;Cocina CH-7400 4P;LINEA BLANCA
16515611;;M;34;CHILENO;;Millenial;CONCEPCION                    ;BIO BIO;563980;2;1;2;1;563980;0;0;0;Lavadora Secadora Frontal 12 / 7Kg Inox Titan;LINEA BLANCA
9771360;;F;59;CHILENO;;Boomers;LA LIGUA                      ;VALPARAISO;218370;2;1;0;0;0;2;1;218370;Freezer FDHM150BY1 150Lts Horizontal;LINEA BLANCA
14411822;;M;52;CHILENO;;X;TEMUCO                        ;ARAUCANIA;347980;2;1;0;0;0;2;1;347980;Cocina Andes60TX4 4P Inox;LINEA BLANCA
13000333;Soltero;M;46;CHILENO;INGENIERIA EN ADMINISTRACION DE EMPRESAS MENCION FINANZAS;X;RENCA                         ;METROPOLITANA;405980;2;1;2;1;405980;0;0;0;Freezer Vertical MFV-2400S312FW 227Lts;LINEA BLANCA
11367626;;F;52;CHILENO;;X;SAN FERNANDO                  ;L.G.B.OÂ´HIGGINS;429860;3;1;0;0;0;3;1;429860;Cocina Diva 920 5P;LINEA BLANCA
8139957;;M;61;CHILENO;;Boomers;LA LIGUA                      ;VALPARAISO;382980;2;1;0;0;0;2;1;382980;Lavadora WT16DSBP 16Kg Silver;LINEA BLANCA
11945961;;M;50;CHILENO;;X;SAN ANTONIO                   ;VALPARAISO;219980;2;1;0;0;0;2;1;219980;Lavadora Efficace BZG 9,5Kg Blanca;LINEA BLANCA
18877488;Soltero;F;27;CHILENO;COSMETOLOGA;Millenial;PROVIDENCIA                   ;METROPOLITANA;304980;2;1;0;0;0;2;1;304980;Refrigerador 241Lts BF Frio Directo Nordik 415;LINEA BLANCA
19273417;;F;26;CHILENO;;Z;PADRE HURTADO                 ;METROPOLITANA;199980;2;1;2;1;199980;0;0;0;Freezer Horizontal MFH-1990B258CN 198Lts;LINEA BLANCA
16605318;;M;34;CHILENO;;Millenial;ESTACION CENTRAL;METROPOLITANA;296980;2;3;0;0;0;2;3;296980;Refrigerador 241Lts BF Frio Directo Nordik 415;LINEA BLANCA
13289561;;F;44;CHILENO;;X;N/D;N/D;954940;6;1;0;0;0;6;1;954940;Lavadora Secadora WD10WVC4S6 10,5/6Kg Blanca;LINEA BLANCA
17296069;;F;32;CHILENO;;Millenial;COLTAUCO                      ;L.G.B.OÂ´HIGGINS;481970;3;1;0;0;0;3;1;481970;Cocina F-2608 4P Inox;LINEA BLANCA
16242302;;M;37;CHILENO;;Millenial;LONGAVI                       ;MAULE;379990;1;1;0;0;0;1;1;379990;Lavadora WT19DSBP 19Kg Silver;LINEA BLANCA
18551457;;M;28;CHILENO;;Millenial;PUNTA ARENAS                  ;MAGALLANES;315560;3;2;0;0;0;3;2;315560;Freezer FDHM150BY1 150Lts Horizontal;LINEA BLANCA
6051384;;F;74;CHILENO;;Silencioso;MELIPILLA                     ;METROPOLITANA;299990;1;1;0;0;0;1;1;299990;Refrigerador 244Lts Frio Directo Progress 3100;LINEA BLANCA
12476600;;M;50;CHILENO;;X;LAMPA                         ;METROPOLITANA;237360;3;1;0;0;0;3;1;237360;Cocina CH-7400 4P;LINEA BLANCA
25874354;;M;25;COLOMBIANO;;Extranjero;"";"";414980;2;1;0;0;0;2;1;414980;Cocina Andes7650FX 5P Inox;LINEA BLANCA
18130565;;F;30;CHILENO;;Millenial;PROVIDENCIA                   ;METROPOLITANA;471980;2;1;2;1;471980;0;0;0;Lavadora Secadora Frontal 10.5 / 6Kg Inox Titan;LINEA BLANCA
16225188;;F;62;BOLIVIANO;;Extranjero;ARICA                         ;ARICA Y PARINACOTA;347470;3;1;0;0;0;3;1;347470;Lavadora WT13WSBP 13Kg Blanca;LINEA BLANCA
17495934;;M;32;CHILENO;;Millenial;TALCA                         ;MAULE;191980;2;1;2;1;191980;0;0;0;Cocina CMC20AXX 4P Inox;LINEA BLANCA
17449173;;M;32;CHILENO;;Millenial;RENCA                         ;METROPOLITANA;221980;2;1;2;1;221980;0;0;0;Freezer Horizontal M 150 142Lts;LINEA BLANCA
5500862;;M;75;CHILENO;;Silencioso;PICHIDEGUA                    ;L.G.B.OÂ´HIGGINS;299340;5;1;0;0;0;5;1;299340;Lavadora Efficace BZG 9,5Kg Blanca;LINEA BLANCA
12896092;;F;47;CHILENO;;X;RENCA                         ;METROPOLITANA;119990;1;1;0;0;0;1;1;119990;Centrifuga Primma 5B 5,5Kilos;LINEA BLANCA
7224474;;F;65;CHILENO;;Boomers;N/D;N/D;942530;5;1;0;0;0;5;1;942530;Lavadora Secadora WD10WVC4S6 10,5/6Kg Blanca;LINEA BLANCA
4823855;;M;76;CHILENO;;Silencioso;PROVIDENCIA                   ;METROPOLITANA;118640;2;1;2;1;118640;0;0;0;Lavadora Semiautomatica LS-6100 6Kg Gris;LINEA BLANCA
18369785;;M;28;CHILENO;;Millenial;N/D;N/D;478980;2;1;2;1;478980;0;0;0;Refrigerador 331Lts No Frost BF RB34T632FSA/ZS;LINEA BLANCA
7961685;;F;63;CHILENO;;Boomers;LOS ALAMOS                    ;BIO BIO;720060;3;1;0;0;0;3;1;720060;Refrigerador 535Lts Side by Side RS54N3003SL/ZS;LINEA BLANCA
5510214;;F;78;CHILENO;;Silencioso;EL BOSQUE                     ;METROPOLITANA;475730;5;2;0;0;0;5;2;475730;Cocina MV 110 4 Platos;LINEA BLANCA
15498260;;F;48;CHILENO;;X;VILLARICA                     ;ARAUCANIA;227370;2;1;0;0;0;2;1;227370;Lavadora MLS-090GE04N 9Kg Gris;LINEA BLANCA
12371695;Soltero;F;49;CHILENO;;X;CONSTITUCION                  ;MAULE;335470;2;1;0;0;0;2;1;335470;Refrigerador 244Lts Frio Directo Progress 3100;LINEA BLANCA
17067847;;M;33;CHILENO;;Silencioso;PROVIDENCIA                   ;METROPOLITANA;199990;1;1;0;0;0;1;1;199990;Cocina CH-7400 4P;LINEA BLANCA
6022295;;F;70;CHILENO;;Silencioso;PAINE                         ;METROPOLITANA;259980;2;1;0;0;0;2;1;259980;Refrigerador 241Lts BF Frio Directo Nordik 415;LINEA BLANCA
9648997;;F;57;CHILENO;;Boomers;CHIMBARONGO                   ;L.G.B.OÂ´HIGGINS;631970;3;1;0;0;0;3;1;631970;Lavadora LMA8120WGCL0 18Kg Gris;LINEA BLANCA
8808162;Casado;M;60;CHILENO;;Boomers;N/D;N/D;530970;3;1;0;0;0;3;1;530970;Lavadora Efficace SZG 15,5Kg Silver;LINEA BLANCA
15664996;;M;38;CHILENO;;X;ANTOFAGASTA;ANTOFAGASTA;389980;2;1;2;1;389980;0;0;0;Cocina CH-8900IN 5P;LINEA BLANCA
13167615;Casado;F;44;CHILENO;;X;PROVIDENCIA                   ;METROPOLITANA;260360;3;1;0;0;0;3;1;260360;Lavadora Efficace BZG 9,5Kg Blanca;LINEA BLANCA
8643062;;M;62;CHILENO;;Boomers;SAN BERNARDO                  ;METROPOLITANA;395470;2;3;0;0;0;2;3;395470;Cocina F-5500 Premium 5P;LINEA BLANCA
12313313;;M;49;CHILENO;;X;N/D;N/D;109990;1;1;0;0;0;1;1;109990;Calefon 7Lts GL Master;LINEA BLANCA
10133572;;F;58;CHILENO;;Boomers;PROVIDENCIA                   ;METROPOLITANA;339980;2;1;0;0;0;2;1;339980;Lavadora Superior WA15T5260BY/ZS 15 Kg;LINEA BLANCA
20262650;;F;22;CHILENO;;Z;N/D;N/D;0;0;0;0;0;0;0;0;0;Refrigerador 252Lts No Frost MRFS-2700G333FW;LINEA BLANCA
24351196;;F;38;COLOMBIANO;;Extranjero;SANTIAGO                      ;METROPOLITANA;0;0;0;0;0;0;0;0;0;Lavadora WD10J6410AX/ZS 10,5Kg;LINEA BLANCA
6071718;;F;69;CHILENO;;Silencioso;N/D;N/D;0;0;0;0;0;0;0;0;0;Refrigerador 535Lts Side by Side RS54N3003SL/ZS;LINEA BLANCA
18231283;Soltero;M;29;CHILENO;;Millenial;TOCOPILLA                     ;ANTOFAGASTA;0;0;0;0;0;0;0;0;0;Calefont 8Lts GL Essenetial ECO;LINEA BLANCA
19587063;;F;24;CHILENO;;Silencioso;PROVIDENCIA                   ;METROPOLITANA;0;0;0;0;0;0;0;0;0;Secadora Ropa MSV-90 9K Blanca Ventilacion;LINEA BLANCA
12604062;;M;48;CHILENO;;X;SANTO DOMINGO                 ;VALPARAISO;0;0;0;0;0;0;0;0;0;Lavadora Efficace SZG 17,5Kg Silver;LINEA BLANCA
19709795;;F;23;CHILENO;;Silencioso;PROVIDENCIA                   ;METROPOLITANA;0;0;0;0;0;0;0;0;0;COCINA CH-6700IN 4P;LINEA BLANCA
17097367;Soltero;F;32;CHILENO;;Millenial;PROVIDENCIA                   ;METROPOLITANA;0;0;0;0;0;0;0;0;0;Lavadora WT19DSBP 19Kg Silver;LINEA BLANCA
18981150;;M;27;CHILENO;;Millenial;N/D;N/D;0;0;0;0;0;0;0;0;0;Lavadora Efficace SZG 15,5Kg Silver;LINEA BLANCA
16406263;;M;36;CHILENO;;Millenial;SAN RAMON;METROPOLITANA;0;0;0;0;0;0;0;0;0;Cocina CH-9350S GLP 4P Blanca;LINEA BLANCA
18097923;;F;30;CHILENO;;Millenial;N/D;N/D;0;0;0;0;0;0;0;0;0;Lavadora Premium Care 20SZ 20Kg Silver;LINEA BLANCA
19373520;;M;25;CHILENO;;Z;PROVIDENCIA                   ;METROPOLITANA;0;0;0;0;0;0;0;0;0;Cocina MV 110 4 Platos;LINEA BLANCA
16846224;;F;34;CHILENO;;Millenial;ALHUE                         ;METROPOLITANA;0;0;0;0;0;0;0;0;0;Lavadora WT13WSBP 13Kg Blanca;LINEA BLANCA
26128596;;M;43;VENEZOLANO;;Extranjero;ALGARROBO                     ;VALPARAISO;0;0;0;0;0;0;0;0;0;Lavadora Brilliant SG 15Kg Silver;LINEA BLANCA
9630180;;F;64;CHILENO;;Boomers;ANCUD                         ;LOS LAGOS;0;0;0;0;0;0;0;0;0;CENTRIFUGA C-752;LINEA BLANCA
15327669;;F;40;CHILENO;;X;PROVIDENCIA                   ;METROPOLITANA;0;0;0;0;0;0;0;0;0;Centrifuga Primma 5B 5,5Kilos;LINEA BLANCA
4133402;;M;88;CHILENO;;Silencioso;TEMUCO                        ;ARAUCANIA;0;0;0;0;0;0;0;0;0;Lavadora MLS-160BSC03T 16Kg Blanca;LINEA BLANCA
11911186;;F;51;CHILENO;;X;"";"";0;0;0;0;0;0;0;0;0;Lavadora MLS-090GE04N 9Kg Gris;LINEA BLANCA
8950186;;M;60;CHILENO;;Boomers;PROVIDENCIA                   ;METROPOLITANA;0;0;0;0;0;0;0;0;0;Lavadora Efficace BZG 11,5Kg Blanca;LINEA BLANCA
17449719;;M;31;CHILENO;;Millenial;COLINA                        ;METROPOLITANA;0;0;0;0;0;0;0;0;0;Refrigerador 241Lts BF Frio Directo Nordik 415;LINEA BLANCA
7830960;;M;65;CHILENO;;Boomers;LINARES                       ;MAULE;0;0;0;0;0;0;0;0;0;Lavadora Brilliant SG 15Kg Silver;LINEA BLANCA
13363297;;M;43;CHILENO;;X;SAN FELIPE                    ;VALPARAISO;0;0;0;0;0;0;0;0;0;Cocina CH-7400 4P;LINEA BLANCA
8947633;Soltero;M;62;CHILENO;;Boomers;RENCA                         ;METROPOLITANA;0;0;0;0;0;0;0;0;0;Cocina CH-7400 4P;LINEA BLANCA
15007723;;F;39;CHILENO;;X;PROVIDENCIA                   ;METROPOLITANA;0;0;0;0;0;0;0;0;0;Refrigerador 252Lts No Frost MRFS-2700G333FW;LINEA BLANCA
4874912;;F;84;CHILENO;;Silencioso;LA SERENA                     ;COQUIMBO;0;0;0;0;0;0;0;0;0;Lavadora Brilliant SG 15Kg Silver;LINEA BLANCA
26282871;;M;37;VENEZOLANO;;Extranjero;SAN PEDRO DE LA PAZ           ;BIO BIO;0;0;0;0;0;0;0;0;0;Refrigerador 244Lts Frio Directo Progress 3100;LINEA BLANCA
6952276;;M;70;CHILENO;;Silencioso;EL QUISCO                     ;VALPARAISO;0;0;0;0;0;0;0;0;0;Cocina 775X 4P;LINEA BLANCA
10572742;;M;53;CHILENO;;X;N/D;N/D;0;0;0;0;0;0;0;0;0;Cocina CH-8900IN 5P;LINEA BLANCA
13480607;;F;43;CHILENO;;X;PROVIDENCIA                   ;METROPOLITANA;0;0;0;0;0;0;0;0;0;Lavadora WA80H4200SW/ZS 8Kg Blanca;LINEA BLANCA
14556309;Soltero;M;46;CHILENO;;X;CONSTITUCION                  ;MAULE;0;0;0;0;0;0;0;0;0;Cocina CMC20AXX 4P Inox;LINEA BLANCA
9161996;Casado;M;60;CHILENO;;Boomers;SAN FELIPE                    ;VALPARAISO;0;0;0;0;0;0;0;0;0;Refrigerador LB37MPGK 341Lts No Frost;LINEA BLANCA
19569830;Soltero;M;25;CHILENO;TECNICO EN ADMINISTRACION DE EMPRESAS;Z;PROVIDENCIA                   ;METROPOLITANA;0;0;0;0;0;0;0;0;0;Cocina CH-7400 4P;LINEA BLANCA
26395697;;M;34;EXTRANJERO - NO INFORMA NACIONALIDAD;;Extranjero;SAN BERNARDO                  ;METROPOLITANA;0;0;0;0;0;0;0;0;0;Cocina 785FX 4P;LINEA BLANCA
16585226;;F;35;CHILENO;;Millenial;N/D;N/D;0;0;0;0;0;0;0;0;0;Lavadora MLS-090GE04N 9Kg Gris;LINEA BLANCA
20094534;;F;23;CHILENO;;Silencioso;PROVIDENCIA                   ;METROPOLITANA;0;0;0;0;0;0;0;0;0;FRIGOBAR 93 LTS MFB-930S121LN;LINEA BLANCA
6822108;;F;71;CHILENO;;Silencioso;HIJUELAS                      ;VALPARAISO;0;0;0;0;0;0;0;0;0;Lavadora 9 Kg Carga Superior Blanca;LINEA BLANCA
11194977;;F;55;CHILENO;;Boomers;PROVIDENCIA                   ;METROPOLITANA;0;0;0;0;0;0;0;0;0;Cocina CH-7400 4P;LINEA BLANCA
10549522;;F;57;CHILENO;;Boomers;SAN BERNARDO                  ;METROPOLITANA;0;0;0;0;0;0;0;0;0;Lavadora WT19DSBP 19Kg Silver;LINEA BLANCA
10627649;;F;46;CHILENO;;Silencioso;PROVIDENCIA                   ;METROPOLITANA;0;0;0;0;0;0;0;0;0;Lavadora Secadora Frontal 12 / 7Kg Inox Titan;LINEA BLANCA
17852115;;F;30;CHILENO;;Millenial;N/D;N/D;0;0;0;0;0;0;0;0;0;Lavadora MLS-090GE04N 9Kg Gris;LINEA BLANCA
15147273;;M;39;CHILENO;;X;PROVIDENCIA                   ;METROPOLITANA;0;0;0;0;0;0;0;0;0;Refrigerador 260Lts BF Frio Direc MRFI2660SR346W;LINEA BLANCA
7116993;;F;70;CHILENO;;Silencioso;IQUIQUE                       ;TARAPACA;0;0;0;0;0;0;0;0;0;Lavadora WT13WSBP 13Kg Blanca;LINEA BLANCA
5129361;;F;78;CHILENO;;Silencioso;LINARES                       ;MAULE;0;0;0;0;0;0;0;0;0;Lavadora Efficace BZG 9,5Kg Blanca;LINEA BLANCA
12184019;;F;50;CHILENO;;X;CAUQUENES                     ;MAULE;0;0;0;0;0;0;0;0;0;Lavadora LMA0920WGCL0 9,5Kg Gris;LINEA BLANCA
15698949;;F;38;CHILENO;;Millenial;RENCA                         ;METROPOLITANA;0;0;0;0;0;0;0;0;0;Lavadora Efficace SZG 17,5Kg Silver;LINEA BLANCA
11914410;;M;49;CHILENO;;X;CHIGUAYANTE                   ;BIO BIO;0;0;0;0;0;0;0;0;0;Lavadora WT16DSBP 16Kg Silver;LINEA BLANCA
14237725;;F;49;CHILENO;;X;VILLA ALEMANA                 ;VALPARAISO;0;0;0;0;0;0;0;0;0;Refrigerador 241Lts BF Frio Directo Nordik 415;LINEA BLANCA
9895387;;M;59;CHILENO;;Boomers;RENCA                         ;METROPOLITANA;0;0;0;0;0;0;0;0;0;Calefont 8Lts GL Essenetial ECO;LINEA BLANCA
12783278;;M;47;CHILENO;;X;CURICO                        ;MAULE;0;0;0;0;0;0;0;0;0;Cocina 76DXR Doble Horno;LINEA BLANCA
9431044;;M;58;CHILENO;;Boomers;COPIAPO                       ;ATACAMA;0;0;0;0;0;0;0;0;0;Refrigerador 300Lts No Frost RT29K500JS8/ZS;LINEA BLANCA
18734368;Soltero;F;28;CHILENO;;Millenial;N/D;N/D;0;0;0;0;0;0;0;0;0;Freezer MFH-2950B384CN 295 lts blanco;LINEA BLANCA
8270667;;F;66;CHILENO;;Boomers;CHILLAN                       ;BIO BIO;0;0;0;0;0;0;0;0;0;Refrigerador 251Lts No Frost Altus 1250;LINEA BLANCA
16830418;;M;34;CHILENO;;Millenial;N/D;N/D;0;0;0;0;0;0;0;0;0;Lavadora Secadora MLSF-1108BN05N 11Kg/8Kg Blanca;LINEA BLANCA
18184348;;M;29;CHILENO;;Silencioso;ANTOFAGASTA                   ;ANTOFAGASTA;0;0;0;0;0;0;0;0;0;Lavadora WA15T5260BW/ZS 15Kg Blanca;LINEA BLANCA
15119722;;F;39;CHILENO;;X;PROVIDENCIA                   ;METROPOLITANA;0;0;0;0;0;0;0;0;0;Lavadora MLS-090GE04N 9Kg Gris;LINEA BLANCA
10310526;Soltero;M;56;CHILENO;;Boomers;RENCA                         ;METROPOLITANA;0;0;0;0;0;0;0;0;0;Refrigerador 249Lts No Frost RMA250PHUG;LINEA BLANCA
16665476;;F;35;CHILENO;;Millenial;N/D;N/D;0;0;0;0;0;0;0;0;0;Secadora Ropa MSV-90 9K Blanca Ventilacion;LINEA BLANCA
16244486;Casado;M;36;CHILENO;INGENIERO INFORMATICO;Silencioso;PROVIDENCIA                   ;METROPOLITANA;0;0;0;0;0;0;0;0;0;Lavadora WA90H4400SW/ZS 9Kg Blanca;LINEA BLANCA
13413794;;M;43;CHILENO;;X;LA SERENA                     ;COQUIMBO;0;0;0;0;0;0;0;0;0;Secadora Ropa MSV-90 9K Blanca Ventilacion;LINEA BLANCA
19210386;Soltero;F;26;CHILENO;;Z;PROVIDENCIA                   ;METROPOLITANA;0;0;0;0;0;0;0;0;0;Lavadora Secadora WD10WVC4S6 10,5/6Kg Blanca;LINEA BLANCA
20106649;;F;22;CHILENO;;Silencioso;PROVIDENCIA                   ;METROPOLITANA;0;0;0;0;0;0;0;0;0;Lavadora Secadora WD90M4453JW/ZS 9/5Kg Blanca;LINEA BLANCA
14343137;;M;45;CHILENO;;X;PROVIDENCIA                   ;METROPOLITANA;0;0;0;0;0;0;0;0;0;Refrigerador 244Lts Frio Directo Progress 3100;LINEA BLANCA
5236181;;F;81;CHILENO;;Silencioso;COPIAPO                       ;ATACAMA;0;0;0;0;0;0;0;0;0;Lavadora MLS-160BSC03T 16Kg Blanca;LINEA BLANCA
12215977;;M;50;CHILENO;;X;LIMACHE                       ;VALPARAISO;0;0;0;0;0;0;0;0;0;Refrigerador 256Lts No Frost Advantage 5200;LINEA BLANCA
12578084;;M;48;CHILENO;;X;SAN FELIPE                    ;VALPARAISO;0;0;0;0;0;0;0;0;0;Lavadora WA13T5260BW/ZS 13Kg Blanca;LINEA BLANCA
19153372;;F;35;CHILENO;;Silencioso;PROVIDENCIA                   ;METROPOLITANA;0;0;0;0;0;0;0;0;0;Refrigerador LB33MPP 306Lts Bottom No Frost;LINEA BLANCA
9314832;;M;59;CHILENO;;Boomers;SANTIAGO                      ;METROPOLITANA;0;0;0;0;0;0;0;0;0;Calefont 10Lts GL Essenetial ECO;LINEA BLANCA
7779774;;F;66;CHILENO;;Silencioso;PROVIDENCIA                   ;METROPOLITANA;0;0;0;0;0;0;0;0;0;Cocina 795XF 4P;LINEA BLANCA
10846120;;F;58;CHILENO;;Boomers;PROVIDENCIA                   ;METROPOLITANA;0;0;0;0;0;0;0;0;0;Calefont 10Lts GL Essenetial ECO;LINEA BLANCA
14098087;;F;40;CHILENO;;X;N/D;N/D;0;0;0;0;0;0;0;0;0;COCINA CH-5490NI 4P;LINEA BLANCA
7080799;;M;68;CHILENO;;Boomers;ANTOFAGASTA                   ;ANTOFAGASTA;0;0;0;0;0;0;0;0;0;Secadora Ropa Solare 7100 7K Ventilacion;LINEA BLANCA
17258507;;F;33;CHILENO;;Millenial;PROVIDENCIA                   ;METROPOLITANA;0;0;0;0;0;0;0;0;0;Lavadora LMA8120WGCL0 18Kg Gris;LINEA BLANCA
12541036;;F;49;CHILENO;;X;N/D;N/D;0;0;0;0;0;0;0;0;0;Lavadora MLS-140GSC03T 14Kg Gris;LINEA BLANCA
18187190;;F;30;CHILENO;;Millenial;"";"";0;0;0;0;0;0;0;0;0;Refrigerador 241Lts BF Frio Directo Nordik 415;LINEA BLANCA
12591120;;F;47;CHILENO;;X;PROVIDENCIA                   ;METROPOLITANA;0;0;0;0;0;0;0;0;0;Lavadora Secadora MLSF-1108BN05N 11Kg/8Kg Blanca;LINEA BLANCA
14496431;;F;51;CHILENO;;Silencioso;PROVIDENCIA                   ;METROPOLITANA;0;0;0;0;0;0;0;0;0;Lavadora WA90H4400SW/ZS 9Kg Blanca;LINEA BLANCA
5808794;;M;71;CHILENO;;Silencioso;VINA DEL MAR                  ;VALPARAISO;0;0;0;0;0;0;0;0;0;Refrigerador 241Lts BF Frio Directo Nordik 415;LINEA BLANCA
11928269;;F;50;CHILENO;;X;PUERTO MONTT                  ;LOS LAGOS;0;0;0;0;0;0;0;0;0;Lavadora Efficace BZG 9,5Kg Blanca;LINEA BLANCA
13367458;;F;43;CHILENO;;X;VILLA ALEMANA                 ;VALPARAISO;0;0;0;0;0;0;0;0;0;Cocina MCG-4QI24AME4 4P Inox;LINEA BLANCA
17057698;;M;33;CHILENO;;Millenial;PROVIDENCIA                   ;METROPOLITANA;0;0;0;0;0;0;0;0;0;Refrigerador 256Lts No Frost Advantage 5200;LINEA BLANCA
12851257;;M;46;CHILENO;;Silencioso;PROVIDENCIA                   ;METROPOLITANA;0;0;0;0;0;0;0;0;0;Secadora Ropa Solare 7100 7K Ventilacion;LINEA BLANCA
9923960;;M;58;CHILENO;;Boomers;CHIGUAYANTE                   ;BIO BIO;0;0;0;0;0;0;0;0;0;Cocina Andes60TX4 4P Inox;LINEA BLANCA
12820400;;M;47;CHILENO;;X;LA CALERA;VALPARAISO;0;0;0;0;0;0;0;0;0;Lavadora WT13WSBP 13Kg Blanca;LINEA BLANCA
27049690;;F;22;EXTRANJERO - NO INFORMA NACIONALIDAD;;Extranjero;N/D;N/D;0;0;0;0;0;0;0;0;0;Cocina CMC20AXX 4P Inox;LINEA BLANCA
19704052;;F;25;CHILENO;;Silencioso;PROVIDENCIA                   ;METROPOLITANA;0;0;0;0;0;0;0;0;0;Cocina CMC20AXX 4P Inox;LINEA BLANCA
19415937;;M;25;CHILENO;;Z;N/D;N/D;0;0;0;0;0;0;0;0;0;Secadora Electrica SEM101BDBY Blanca 10 KG;LINEA BLANCA
7597007;Casado;F;67;CHILENO;;Boomers;RENGO                         ;L.G.B.OÂ´HIGGINS;0;0;0;0;0;0;0;0;0;Lavadora Brilliant SG 11,5Kg Silver;LINEA BLANCA
9146714;;F;58;CHILENO;;Silencioso;PROVIDENCIA                   ;METROPOLITANA;0;0;0;0;0;0;0;0;0;Lavadora MLS-090GE04N 9Kg Gris;LINEA BLANCA
8351221;;F;63;CHILENO;;Silencioso;PROVIDENCIA                   ;METROPOLITANA;0;0;0;0;0;0;0;0;0;Refrigerador Altus 1200V 197Lts No Frost;LINEA BLANCA
10397605;;F;55;CHILENO;;Boomers;ANTOFAGASTA                   ;ANTOFAGASTA;0;0;0;0;0;0;0;0;0;Refrigerador 210Lts Rojo Frio Dir MRFS2100R273FN;LINEA BLANCA
5257489;;M;76;CHILENO;;Silencioso;LA PINTANA                    ;METROPOLITANA;0;0;0;0;0;0;0;0;0;Lavadora Efficace SZG 17,5Kg Silver;LINEA BLANCA
17953544;Soltero;M;30;CHILENO;;Millenial;PROVIDENCIA                   ;METROPOLITANA;0;0;0;0;0;0;0;0;0;COCINA CH-5490NI 4P;LINEA BLANCA
14314335;;M;45;CHILENO;;X;"";"";0;0;0;0;0;0;0;0;0;Secadora Ropa Solare 7100 7K Ventilacion;LINEA BLANCA
18251455;;M;29;CHILENO;;Millenial;N/D;N/D;0;0;0;0;0;0;0;0;0;Cocina CH-9950NG-1 6P Negro;LINEA BLANCA
16192146;;F;37;CHILENO;;Millenial;MELIPILLA                     ;METROPOLITANA;0;0;0;0;0;0;0;0;0;Cocina CH-7400 4P;LINEA BLANCA
18991685;;F;27;CHILENO;;Millenial;"";"";0;0;0;0;0;0;0;0;0;Refrigerador 210Lts Rojo Frio Dir MRFS2100R273FN;LINEA BLANCA
19429401;;F;25;CHILENO;;Z;SAN BERNARDO                  ;METROPOLITANA;0;0;0;0;0;0;0;0;0;Secadora Ropa Solare 9100 9K Ventilacion;LINEA BLANCA
17242247;;F;33;CHILENO;;Millenial;LAUTARO                       ;ARAUCANIA;0;0;0;0;0;0;0;0;0;Cocina CMC20AXX 4P Inox;LINEA BLANCA
4646760;;M;80;CHILENO;;Silencioso;VICTORIA                      ;ARAUCANIA;0;0;0;0;0;0;0;0;0;Lavadora Efficace SZG 17,5Kg Silver;LINEA BLANCA
12616671;;F;47;CHILENO;;X;TOCOPILLA                     ;ANTOFAGASTA;0;0;0;0;0;0;0;0;0;Refrigerador 260Lts BF Frio Direc MRFI2660SR346W;LINEA BLANCA
11640414;;M;51;CHILENO;;X;PROVIDENCIA                   ;METROPOLITANA;0;0;0;0;0;0;0;0;0;Lavadora WA13T5260BW/ZS 13Kg Blanca;LINEA BLANCA
15523215;;F;41;CHILENO;;X;PROVIDENCIA                   ;METROPOLITANA;0;0;0;0;0;0;0;0;0;Lavadora Superior 17 Kg Gris;LINEA BLANCA
17219711;;F;32;CHILENO;;Millenial;PROVIDENCIA                   ;METROPOLITANA;0;0;0;0;0;0;0;0;0;Secadora Electrica SEM101BDBY Blanca 10 KG;LINEA BLANCA
11998879;;F;50;CHILENO;;X;PROVIDENCIA                   ;METROPOLITANA;0;0;0;0;0;0;0;0;0;Refrigerador 241Lts BF Frio Directo Nordik 415;LINEA BLANCA
17762292;;F;30;CHILENO;;Millenial;PROVIDENCIA                   ;METROPOLITANA;0;0;0;0;0;0;0;0;0;Cocina CH-9400 4P SILVER;LINEA BLANCA
6495991;;M;69;CHILENO;;Silencioso;PROVIDENCIA                   ;METROPOLITANA;0;0;0;0;0;0;0;0;0;Encimera CE2-435I 2P Inox;LINEA BLANCA
25829355;;F;33;EXTRANJERO - NO INFORMA NACIONALIDAD;;Extranjero;"";"";0;0;0;0;0;0;0;0;0;Refrigerador 241Lts BF Frio Directo Nordik 415;LINEA BLANCA
9312664;;F;57;CHILENO;;Boomers;RENCA                         ;METROPOLITANA;0;0;0;0;0;0;0;0;0;Cocina MCG-4QI24AME4 4P Inox;LINEA BLANCA
17904913;;M;31;CHILENO;;Millenial;SAN BERNARDO                  ;METROPOLITANA;0;0;0;0;0;0;0;0;0;Lavadora MLS-160BSC03T 16Kg Blanca;LINEA BLANCA
4954499;;M;77;CHILENO;;Silencioso;RENCA                         ;METROPOLITANA;0;0;0;0;0;0;0;0;0;Lavadora WA17T6260BW/ZS 17Kg Blanca;LINEA BLANCA
17522299;;F;31;CHILENO;;Silencioso;PROVIDENCIA                   ;METROPOLITANA;0;0;0;0;0;0;0;0;0;Lavadora Efficace BZG 15,5Kg Blanca;LINEA BLANCA
7381120;;F;66;CHILENO;;Boomers;LLANQUIHUE                    ;LOS LAGOS;0;0;0;0;0;0;0;0;0;Cocina CMC20AXX 4P Inox;LINEA BLANCA
20360000;;F;22;CHILENO;;Z;N/D;N/D;0;0;0;0;0;0;0;0;0;Lavadora MLS-090GE04N 9Kg Gris;LINEA BLANCA
18825506;;M;33;CHILENO;;Millenial;CALAMA                        ;ANTOFAGASTA;0;0;0;0;0;0;0;0;0;Lavadora WT16DSBP 16Kg Silver;LINEA BLANCA
15051394;;M;40;CHILENO;;X;PROVIDENCIA                   ;METROPOLITANA;0;0;0;0;0;0;0;0;0;Refrigerador Altus 1350 342Lts No Frost;LINEA BLANCA
9289772;Casado;M;59;CHILENO;TECNICO EN ADMINISTRACION DE EMPRESAS;Silencioso;PROVIDENCIA                   ;METROPOLITANA;0;0;0;0;0;0;0;0;0;Lavadora WT16DSBP 16Kg Silver;LINEA BLANCA
10079864;;F;56;CHILENO;;Boomers;VILLARICA                     ;ARAUCANIA;0;0;0;0;0;0;0;0;0;Lavadora Semiautomatica LS-6100 6Kg Gris;LINEA BLANCA
4830211;;F;78;CHILENO;;Silencioso;COLBUN                        ;MAULE;0;0;0;0;0;0;0;0;0;Refrigerador 290LTS No Frost RMB302PXLRS0;LINEA BLANCA
13340109;;F;44;CHILENO;;X;MELIPILLA                     ;METROPOLITANA;0;0;0;0;0;0;0;0;0;Cocina CMC20AXX 4P Inox;LINEA BLANCA
20393555;;F;22;CHILENO;;Z;PROVIDENCIA                   ;METROPOLITANA;0;0;0;0;0;0;0;0;0;Refrigerador 241Lts BF Frio Directo Nordik 415;LINEA BLANCA
16504264;;F;35;CHILENO;;Millenial;LOTA                          ;BIO BIO;0;0;0;0;0;0;0;0;0;Secadora Electrica SEM101BDBY Blanca 10 KG;LINEA BLANCA
7142058;Casado;M;67;CHILENO;;Boomers;PICHIDEGUA                    ;L.G.B.OÂ´HIGGINS;0;0;0;0;0;0;0;0;0;Refrigerador 241Lts BF Frio Directo Nordik 415;LINEA BLANCA
19344787;;F;25;CHILENO;;Z;N/D;N/D;0;0;0;0;0;0;0;0;0;Cocina CH-9950NG-1 6P Negro;LINEA BLANCA
16311623;;F;36;CHILENO;;Millenial;N/D;N/D;0;0;0;0;0;0;0;0;0;SECADORA SR-10 8KG GRIS SINDELEN;LINEA BLANCA
9290744;;M;60;CHILENO;;Boomers;CHILLAN                       ;BIO BIO;0;0;0;0;0;0;0;0;0;Cocina 785FX 4P;LINEA BLANCA
17876931;;M;31;CHILENO;;Millenial;N/D;N/D;0;0;0;0;0;0;0;0;0;Secadora Ropa MSV-90 9K Blanca Ventilacion;LINEA BLANCA
8106098;;F;64;CHILENO;;Boomers;OVALLE                        ;COQUIMBO;0;0;0;0;0;0;0;0;0;Cocina Diva 920 5P;LINEA BLANCA
8506204;;F;64;CHILENO;;Boomers;QUILLOTA                      ;VALPARAISO;0;0;0;0;0;0;0;0;0;Calefont 8Lts GL Essenetial ECO;LINEA BLANCA
18122088;;F;29;CHILENO;;Millenial;QUILICURA                     ;METROPOLITANA;0;0;0;0;0;0;0;0;0;Lavadora Efficace SZG 9,5Kg Silver;LINEA BLANCA
12921214;;F;47;CHILENO;;X;CONCEPCION                    ;BIO BIO;0;0;0;0;0;0;0;0;0;Cocina 775X 4P;LINEA BLANCA
7995377;Casado;M;64;CHILENO;INGENIERO AGRICOLA;Boomers;RENCA                         ;METROPOLITANA;0;0;0;0;0;0;0;0;0;Lavadora WA90H4400SW/ZS 9Kg Blanca;LINEA BLANCA
10473117;;M;55;CHILENO;;Boomers;COINCO                        ;L.G.B.OÂ´HIGGINS;0;0;0;0;0;0;0;0;0;Secadora Ropa Reverplus 6470 7Kg Gris Ventilacio;LINEA BLANCA
7577879;Soltero;F;67;CHILENO;;Silencioso;PROVIDENCIA                   ;METROPOLITANA;0;0;0;0;0;0;0;0;0;CAMPANA AT-MD PYRAMID N19 90;LINEA BLANCA
26786594;;M;36;EXTRANJERO - NO INFORMA NACIONALIDAD;;Extranjero;PROVIDENCIA                   ;METROPOLITANA;0;0;0;0;0;0;0;0;0;Lavadora Efficace SZG 17,5Kg Silver;LINEA BLANCA
10628587;;F;58;CHILENO;;Boomers;PROVIDENCIA                   ;METROPOLITANA;0;0;0;0;0;0;0;0;0;Refrigerador 260Lts BF Frio Direc MRFI2660SR346W;LINEA BLANCA
12421502;;M;49;CHILENO;;X;PROVIDENCIA                   ;METROPOLITANA;0;0;0;0;0;0;0;0;0;Secadora 9Kg Solare 9200 Ventilacion;LINEA BLANCA
20136283;;F;23;CHILENO;;Z;PROVIDENCIA                   ;METROPOLITANA;0;0;0;0;0;0;0;0;0;Refrigerador 255Lts No Frost RT25FARADS8/ZS;LINEA BLANCA
19195373;;F;26;CHILENO;;Z;N/D;N/D;0;0;0;0;0;0;0;0;0;Cocina CH-9950NG-1 6P Negro;LINEA BLANCA
16862469;;F;34;CHILENO;;Millenial;PROVIDENCIA                   ;METROPOLITANA;0;0;0;0;0;0;0;0;0;Cocina CMC20AXX 4P Inox;LINEA BLANCA
21877352;Soltero;F;50;PERUANO;;Extranjero;PROVIDENCIA                   ;METROPOLITANA;0;0;0;0;0;0;0;0;0;Lavadora MLS-190GC03N 19Kg Gris;LINEA BLANCA
12674580;;F;48;CHILENO;;X;EL BOSQUE                     ;METROPOLITANA;0;0;0;0;0;0;0;0;0;Cocina F-5500 Premium 5P;LINEA BLANCA
13420797;;M;44;CHILENO;;X;ANTOFAGASTA                   ;ANTOFAGASTA;0;0;0;0;0;0;0;0;0;Cocina F-2808 4P;LINEA BLANCA
5788205;Viudo;F;73;CHILENO;;Silencioso;PROVIDENCIA                   ;METROPOLITANA;0;0;0;0;0;0;0;0;0;Lavadora Semiautomatica LC-6550 6,5Kg;LINEA BLANCA
10906813;;M;55;CHILENO;;Boomers;MELIPILLA                     ;METROPOLITANA;0;0;0;0;0;0;0;0;0;Cocina 775X 4P;LINEA BLANCA
6576910;;F;69;CHILENO;;Silencioso;ARICA                         ;ARICA Y PARINACOTA;0;0;0;0;0;0;0;0;0;Lavadora MLS-160BSC03T 16Kg Blanca;LINEA BLANCA
3403948;;M;34;CHILENO;;Millenial;CARTAGENA                     ;VALPARAISO;0;0;0;0;0;0;0;0;0;Cocina 775X 4P;LINEA BLANCA
19262984;Soltero;M;26;CHILENO;;Silencioso;PROVIDENCIA                   ;METROPOLITANA;0;0;0;0;0;0;0;0;0;Refrigerador RMN222PXLRS0 222LTS No Frost;LINEA BLANCA
12397467;;F;49;CHILENO;;X;RENCA                         ;METROPOLITANA;0;0;0;0;0;0;0;0;0;Cocina CH-9900SI 6P Silver;LINEA BLANCA
8941853;Casado;F;57;CHILENO;ARQUITECTO;Silencioso;PROVIDENCIA                   ;METROPOLITANA;0;0;0;0;0;0;0;0;0;Lavadora WA90H4400SW/ZS 9Kg Blanca;LINEA BLANCA
18588321;;M;28;CHILENO;;Millenial;HUALANE                       ;MAULE;0;0;0;0;0;0;0;0;0;Lavadora WA90H4400SW/ZS 9Kg Blanca;LINEA BLANCA
17424448;Soltero;F;32;CHILENO;NUTRICIONISTA;Silencioso;PROVIDENCIA                   ;METROPOLITANA;0;0;0;0;0;0;0;0;0;Lavadora WA17T6260BW/ZS 17Kg Blanca;LINEA BLANCA
9819980;;M;58;CHILENO;;Boomers;SAN ANTONIO                   ;VALPARAISO;0;0;0;0;0;0;0;0;0;Cocina CH-9400 4P SILVER;LINEA BLANCA
11384772;;F;52;CHILENO;;X;VINA DEL MAR                  ;VALPARAISO;0;0;0;0;0;0;0;0;0;Cocina MV 220 4P;LINEA BLANCA
16220809;;M;36;CHILENO;;Millenial;CHILLAN                       ;BIO BIO;0;0;0;0;0;0;0;0;0;Lavadora Efficace SZG 17,5Kg Silver;LINEA BLANCA
17304778;Soltero;F;32;CHILENO;TECNICO EN TRABAJO SOCIAL;Silencioso;PROVIDENCIA                   ;METROPOLITANA;0;0;0;0;0;0;0;0;0;COCINA CH-5490NI 4P;LINEA BLANCA
25868944;;M;42;VENEZOLANO;;Extranjero;N/D;N/D;0;0;0;0;0;0;0;0;0;Cocina CMC5515GCH-1 4P;LINEA BLANCA
17993557;Soltero;M;30;CHILENO;;Millenial;PROVIDENCIA                   ;METROPOLITANA;0;0;0;0;0;0;0;0;0;Refrigerador 322Lts No Frost BF DB60S;LINEA BLANCA
9736789;Casado;F;56;CHILENO;;Boomers;RENCA                         ;METROPOLITANA;0;0;0;0;0;0;0;0;0;Cocina 755 S 4P;LINEA BLANCA
13304367;;F;44;CHILENO;;X;CHIMBARONGO                   ;L.G.B.OÂ´HIGGINS;0;0;0;0;0;0;0;0;0;Lavadora WA80H4200SW/ZS 8Kg Blanca;LINEA BLANCA
14329090;;F;45;CHILENO;;X;LINARES                       ;MAULE;0;0;0;0;0;0;0;0;0;Cocina CMC20AXX 4P Inox;LINEA BLANCA
20081916;;F;23;CHILENO;;Z;PROVIDENCIA                   ;METROPOLITANA;0;0;0;0;0;0;0;0;0;Lavadora MLS-090GE04N 9Kg Gris;LINEA BLANCA
18077693;;M;29;CHILENO;;Millenial;PUENTE ALTO                   ;METROPOLITANA;0;0;0;0;0;0;0;0;0;Lavadora Efficace SZG 19,5Kg Silver;LINEA BLANCA
19411645;Soltero;M;25;CHILENO;;Z;PROVIDENCIA                   ;METROPOLITANA;0;0;0;0;0;0;0;0;0;Freezer FDHM150BY1 150Lts Horizontal;LINEA BLANCA
17920795;Soltero;M;30;CHILENO;;Millenial;PROVIDENCIA                   ;METROPOLITANA;0;0;0;0;0;0;0;0;0;Refrigerador RT25FARADSP/ZS 260Lts No Frost;LINEA BLANCA
9693775;;M;54;CHILENO;;Boomers;SAN FELIPE                    ;VALPARAISO;0;0;0;0;0;0;0;0;0;SECADORA ROPA TH-D8KV 8KG BLANCA THOMAS;LINEA BLANCA
16397918;Soltero;F;37;CHILENO;;Millenial;PUERTO MONTT                  ;LOS LAGOS;0;0;0;0;0;0;0;0;0;Lavadora Efficace SZG 19,5Kg Silver;LINEA BLANCA
10948295;Casado;M;53;CHILENO;;X;EL BOSQUE                     ;METROPOLITANA;0;0;0;0;0;0;0;0;0;Cocina 775X 4P;LINEA BLANCA
7813516;;F;62;CHILENO;;Boomers;CALAMA                        ;ANTOFAGASTA;0;0;0;0;0;0;0;0;0;Lavadora MLS-140GSC03T 14Kg Gris;LINEA BLANCA
18917556;;F;27;CHILENO;;Silencioso;PROVIDENCIA                   ;METROPOLITANA;0;0;0;0;0;0;0;0;0;Refrigerador 303Lts BF Frio Directo Nordik 480;LINEA BLANCA
17764517;;M;31;CHILENO;;Millenial;SAN BERNARDO                  ;METROPOLITANA;0;0;0;0;0;0;0;0;0;Centrifuga Primma 5B 5,5Kilos;LINEA BLANCA
13748289;;M;41;CHILENO;;X;OVALLE                        ;COQUIMBO;0;0;0;0;0;0;0;0;0;Lavadora Efficace SZG 17,5Kg Silver;LINEA BLANCA
17884833;Soltero;F;30;CHILENO;;Millenial;PROVIDENCIA                   ;METROPOLITANA;0;0;0;0;0;0;0;0;0;Refrigerador No Frost TMF 251 Lts;LINEA BLANCA
18962923;Soltero;M;27;CHILENO;;Millenial;PROVIDENCIA                   ;METROPOLITANA;0;0;0;0;0;0;0;0;0;Cocina CMC20AXX 4P Inox;LINEA BLANCA
23177301;;F;25;EXTRANJERO - NO INFORMA NACIONALIDAD;;Extranjero;N/D;N/D;0;0;0;0;0;0;0;0;0;Refrigerador 303Lts BF Frio Directo Nordik 480;LINEA BLANCA
10598791;;M;53;CHILENO;;X;NUNOA                         ;METROPOLITANA;0;0;0;0;0;0;0;0;0;Refrigerador 322Lts No Frost BF DB60S;LINEA BLANCA
11671090;;F;52;CHILENO;;X;RENCA                         ;METROPOLITANA;0;0;0;0;0;0;0;0;0;Refrigerador LRT-200DFI 168Lts Frio Directo;LINEA BLANCA
10738886;;M;41;CHILENO;;Silencioso;PROVIDENCIA                   ;METROPOLITANA;0;0;0;0;0;0;0;0;0;Secadora 8 Kg Blanca WKR-08K1W3;LINEA BLANCA
17254724;;M;32;CHILENO;;Millenial;PROVIDENCIA                   ;METROPOLITANA;0;0;0;0;0;0;0;0;0;ENCIMERA A GAS 4 PLATOS CEG-4650 INOX;LINEA BLANCA
13567846;;M;42;CHILENO;;X;TALCA                         ;MAULE;0;0;0;0;0;0;0;0;0;Refrigerador 400Lts No Frost RMP400FHUG;LINEA BLANCA
9512170;;F;58;CHILENO;;Boomers;RENCA                         ;METROPOLITANA;0;0;0;0;0;0;0;0;0;ENCIMERA EXCLUSIVE 75 GL 5P ALBIN TROTTER;LINEA BLANCA
9143843;Soltero;M;58;CHILENO;;Boomers;PUNTA ARENAS                  ;MAGALLANES;0;0;0;0;0;0;0;0;0;Lavadora Semiautomatica LC-6550 6,5Kg;LINEA BLANCA
16672477;;M;34;CHILENO;;Millenial;N/D;N/D;0;0;0;0;0;0;0;0;0;Cocina CH-7400 4P;LINEA BLANCA
25508181;;M;34;VENEZOLANO;;Extranjero;PUENTE ALTO                   ;METROPOLITANA;0;0;0;0;0;0;0;0;0;Cocina CH-7400 4P;LINEA BLANCA
12937489;;F;46;CHILENO;;X;ARICA                         ;ARICA Y PARINACOTA;0;0;0;0;0;0;0;0;0;Lavadora Efficace SZG 19,5Kg Silver;LINEA BLANCA
18546167;Soltero;M;29;CHILENO;TECNOLOGO MEDICO;Millenial;PROVIDENCIA                   ;METROPOLITANA;0;0;0;0;0;0;0;0;0;Cocina F-2808 4P;LINEA BLANCA
27099443;;F;29;VENEZOLANO;;Extranjero;N/D;N/D;0;0;0;0;0;0;0;0;0;Cocina CMC5515GCH-1 4P;LINEA BLANCA
17886604;;M;30;CHILENO;;Millenial;COIHAIQUE                     ;AYSEN;0;0;0;0;0;0;0;0;0;Centrifuga Primma 5B 5,5Kilos;LINEA BLANCA
16280132;;F;36;CHILENO;;Millenial;PROVIDENCIA                   ;METROPOLITANA;0;0;0;0;0;0;0;0;0;Refrigerador 318Lts No Frost RT32K5730SL/ZS;LINEA BLANCA
19437480;;M;25;CHILENO;;Z;PUERTO MONTT                  ;LOS LAGOS;0;0;0;0;0;0;0;0;0;COCINA CH-5700SI 4P;LINEA BLANCA
19547007;;F;25;CHILENO;;Z;PROVIDENCIA                   ;METROPOLITANA;0;0;0;0;0;0;0;0;0;ENCIMERA A GAS CMG6044SD-0CL 4Q MABE;LINEA BLANCA
7448356;;F;65;CHILENO;;Boomers;N/D;N/D;0;0;0;0;0;0;0;0;0;Cocina CMC20AXX 4P Inox;LINEA BLANCA
17404224;Casado;M;32;CHILENO;PSICOLOGO;Silencioso;PROVIDENCIA                   ;METROPOLITANA;0;0;0;0;0;0;0;0;0;Refrigerador LRB-280NFI Inox 250Lts No Frost;LINEA BLANCA
18692616;Soltero;F;28;CHILENO;;Millenial;PROVIDENCIA                   ;METROPOLITANA;0;0;0;0;0;0;0;0;0;Refrigerador 244Lts Frio Directo Progress 3100;LINEA BLANCA
16247080;;M;36;CHILENO;;Millenial;LA GRANJA                     ;METROPOLITANA;0;0;0;0;0;0;0;0;0;TERMO ATD-50 1,5 KW ALBIN TROTTER;LINEA BLANCA
10547828;;M;59;CHILENO;;Boomers;CURICO                        ;MAULE;0;0;0;0;0;0;0;0;0;Freezer Horizontal M100 99Lts;LINEA BLANCA
11816950;;F;50;CHILENO;;X;ARICA                         ;TARAPACA;0;0;0;0;0;0;0;0;0;Cocina 785FX 4P;LINEA BLANCA
8850264;Divorciado;M;61;CHILENO;AGRONOMO;Boomers;RENCA                         ;METROPOLITANA;0;0;0;0;0;0;0;0;0;Calefon 7Lts GL Master;LINEA BLANCA
4053686;;M;82;CHILENO;;Silencioso;PROVIDENCIA                   ;METROPOLITANA;0;0;0;0;0;0;0;0;0;Refrigerador RT22FARADSP/ZS 236Lts No Frost;LINEA BLANCA
19548868;;F;25;CHILENO;;Z;PROVIDENCIA                   ;METROPOLITANA;0;0;0;0;0;0;0;0;0;Lavadora WA13T5260BW/ZS 13Kg Blanca;LINEA BLANCA
14402368;;F;45;CHILENO;;X;"";"";0;0;0;0;0;0;0;0;0;Refrigerador MRFI1800R234RN 180Lts BF Frio Dir;LINEA BLANCA
12103198;Casado;F;56;CHILENO;;Boomers;EL MONTE                      ;METROPOLITANA;0;0;0;0;0;0;0;0;0;Cocina MV 220 4P;LINEA BLANCA
14114003;;F;42;CHILENO;;X;VALLENAR;ATACAMA;0;0;0;0;0;0;0;0;0;ENCIMERA ELECT. CE4E-600 INOX 4P SINDELEN;LINEA BLANCA
11314178;;M;55;CHILENO;;Boomers;RENCA                         ;METROPOLITANA;0;0;0;0;0;0;0;0;0;Calefont 10Lts GL Essenetial ECO;LINEA BLANCA
11812307;;F;51;CHILENO;;X;PROVIDENCIA                   ;METROPOLITANA;0;0;0;0;0;0;0;0;0;Secadora 9Kg Solare 9200 Ventilacion;LINEA BLANCA
11511266;;F;51;CHILENO;;X;TIERRA AMARILLA               ;ATACAMA;0;0;0;0;0;0;0;0;0;Cocina CMC20AXX 4P Inox;LINEA BLANCA
8571346;;M;47;CHILENO;;X;RENCA                         ;METROPOLITANA;0;0;0;0;0;0;0;0;0;Refrigerador 2100-S 207Lts Frio Directo;LINEA BLANCA
18947832;;M;27;CHILENO;;Silencioso;PROVIDENCIA                   ;METROPOLITANA;0;0;0;0;0;0;0;0;0;Refrigerador GT32BPPDC 312Lts No Frost;LINEA BLANCA
7386756;Divorciado;F;66;CHILENO;;Boomers;PROVIDENCIA                   ;METROPOLITANA;0;0;0;0;0;0;0;0;0;Lavadora Semiautomatica LC-6550 6,5Kg;LINEA BLANCA
6853626;;F;68;CHILENO;;Silencioso;VICTORIA                      ;ARAUCANIA;0;0;0;0;0;0;0;0;0;Lavadora WA17T6260BW/ZS 17Kg Blanca;LINEA BLANCA
10641414;;F;53;CHILENO;;X;PAINE                         ;METROPOLITANA;0;0;0;0;0;0;0;0;0;Lavadora MLS-140GSC03T 14Kg Gris;LINEA BLANCA
16878260;;M;33;CHILENO;;Millenial;PROVIDENCIA                   ;METROPOLITANA;0;0;0;0;0;0;0;0;0;Cocina 795XF 4P;LINEA BLANCA
10666387;;M;55;CHILENO;;Boomers;ARAUCO                        ;BIO BIO;0;0;0;0;0;0;0;0;0;Refrigerador 241Lts BF Frio Directo Nordik 415;LINEA BLANCA
7972769;;F;62;CHILENO;;Boomers;PENAFLOR                      ;METROPOLITANA;0;0;0;0;0;0;0;0;0;Lavadora MLS-090GE04N 9Kg Gris;LINEA BLANCA
17698946;Casado;M;31;CHILENO;;Silencioso;PROVIDENCIA                   ;METROPOLITANA;0;0;0;0;0;0;0;0;0;Cocina 76DXR Doble Horno;LINEA BLANCA
18362245;;F;29;CHILENO;;Millenial;COLBUN                        ;MAULE;0;0;0;0;0;0;0;0;0;Cocina 795XF 4P;LINEA BLANCA
6874976;Casado;M;67;CHILENO;;Silencioso;PROVIDENCIA                   ;METROPOLITANA;0;0;0;0;0;0;0;0;0;Cocina 795XF 4P;LINEA BLANCA
8477802;Divorciado;F;53;CHILENO;MATRONA;Silencioso;PROVIDENCIA                   ;METROPOLITANA;0;0;0;0;0;0;0;0;0;CONGELADOR LFH-300 TAPA DURA 300L;LINEA BLANCA
16372676;;F;36;CHILENO;;Millenial;QUILICURA                     ;METROPOLITANA;0;0;0;0;0;0;0;0;0;Lavadora Superior WA15T5260BY/ZS 15 Kg;LINEA BLANCA
19945200;;F;24;CHILENO;;Z;MONTE PATRIA                  ;COQUIMBO;0;0;0;0;0;0;0;0;0;Freezer Horizontal M100 99Lts;LINEA BLANCA
18006906;;M;30;CHILENO;;Millenial;PROVIDENCIA                   ;METROPOLITANA;0;0;0;0;0;0;0;0;0;Refrigerador 251Lts No Frost Altus 1250;LINEA BLANCA
11249155;Casado;F;53;CHILENO;;Silencioso;PROVIDENCIA                   ;METROPOLITANA;0;0;0;0;0;0;0;0;0;Refrigerador Altus 1350W 342Lts No Frost;LINEA BLANCA
19554659;;F;25;CHILENO;;Silencioso;PROVIDENCIA                   ;METROPOLITANA;0;0;0;0;0;0;0;0;0;Cocina F-5500 Premium 5P;LINEA BLANCA
16679893;;M;34;CHILENO;;Millenial;TALCA                         ;MAULE;0;0;0;0;0;0;0;0;0;Secadora Ropa MSV-90 9K Blanca Ventilacion;LINEA BLANCA
18532890;Casado;F;28;CHILENO;;Millenial;PROVIDENCIA                   ;METROPOLITANA;0;0;0;0;0;0;0;0;0;Centrifuga Primma 5B 5,5Kilos;LINEA BLANCA
15336140;Divorciado;F;40;CHILENO;PSICOLOGA;Silencioso;PROVIDENCIA                   ;METROPOLITANA;0;0;0;0;0;0;0;0;0;Cocina 775X 4P;LINEA BLANCA
10470344;;F;56;CHILENO;;Boomers;TALAGANTE                     ;METROPOLITANA;0;0;0;0;0;0;0;0;0;Lavadora WA13T5260BW/ZS 13Kg Blanca;LINEA BLANCA
9876029;;M;55;CHILENO;;Boomers;RENCA                         ;METROPOLITANA;0;0;0;0;0;0;0;0;0;Refrigerador 311Lts Frio Direct Nordik Inox 3900;LINEA BLANCA
9823063;;F;63;CHILENO;;Boomers;PROVIDENCIA                   ;METROPOLITANA;0;0;0;0;0;0;0;0;0;Cocina CH-7400 4P;LINEA BLANCA
9884566;;M;56;CHILENO;;Boomers;ANTOFAGASTA                   ;ANTOFAGASTA;0;0;0;0;0;0;0;0;0;Lavavajilla MLV14FSITSS0 MABE 14 cubiertos Gris;LINEA BLANCA
15942485;;F;37;CHILENO;;Millenial;PROVIDENCIA                   ;METROPOLITANA;0;0;0;0;0;0;0;0;0;Lavadora Secadora WD90M4453JW/ZS 9/5Kg Blanca;LINEA BLANCA
14409179;;M;58;CHILENO;;Boomers;PROVIDENCIA                   ;METROPOLITANA;0;0;0;0;0;0;0;0;0;COCINA 76GS 5P Glass Negro;LINEA BLANCA
11234136;;F;53;CHILENO;;X;TALCA                         ;MAULE;0;0;0;0;0;0;0;0;0;Lavadora Efficace SZG 15,5Kg Silver;LINEA BLANCA
11337548;;F;53;CHILENO;;X;LA FLORIDA                    ;METROPOLITANA;0;0;0;0;0;0;0;0;0;Refrigerador 303Lts BF Frio Directo Nordik 480;LINEA BLANCA
19904102;;F;24;CHILENO;;Millenial;"";"";0;0;0;0;0;0;0;0;0;Cocina CH-7400 4P;LINEA BLANCA
17832518;;F;31;CHILENO;;Silencioso;PROVIDENCIA                   ;METROPOLITANA;0;0;0;0;0;0;0;0;0;Lavadora Efficace BZG 11,5Kg Blanca;LINEA BLANCA
15467063;;M;40;CHILENO;;X;IQUIQUE                       ;TARAPACA;0;0;0;0;0;0;0;0;0;Cava de vino Winecool12 12Botellas;LINEA BLANCA
8211399;Soltero;M;65;CHILENO;;Boomers;PAINE                         ;METROPOLITANA;0;0;0;0;0;0;0;0;0;Lavadora MLS-090GE04N 9Kg Gris;LINEA BLANCA
18921684;Soltero;M;26;CHILENO;;Z;"";"";0;0;0;0;0;0;0;0;0;Refrigerador 251Lts No Frost Altus 1250;LINEA BLANCA
14217464;;M;41;CHILENO;;X;NUEVA IMPERIAL                ;ARAUCANIA;0;0;0;0;0;0;0;0;0;Refrigerador 260Lts BF Frio Direc MRFI2660SR346W;LINEA BLANCA
18512719;;F;29;CHILENO;;Millenial;N/D;N/D;0;0;0;0;0;0;0;0;0;Cocina Nova CH9850NG 6P;LINEA BLANCA
19603741;;F;25;CHILENO;;Silencioso;CHIMBARONGO                   ;L.G.B.OÂ´HIGGINS;0;0;0;0;0;0;0;0;0;Cocina F-5500 Premium 5P;LINEA BLANCA
8425690;Casado;F;63;CHILENO;;Boomers;PROVIDENCIA                   ;METROPOLITANA;0;0;0;0;0;0;0;0;0;Refrigerador 535Lts Side by Side RS54N3003SL/ZS;LINEA BLANCA
9709584;Casado;M;53;CHILENO;INGENIERO;Silencioso;PROVIDENCIA                   ;METROPOLITANA;0;0;0;0;0;0;0;0;0;Refrigerador 252Lts No Frost MRFS-2700G333FW;LINEA BLANCA
9058585;;M;61;CHILENO;;Boomers;PROVIDENCIA                   ;METROPOLITANA;0;0;0;0;0;0;0;0;0;Freezer FDHM200BY1 200Lts Horizontal;LINEA BLANCA
16403944;Soltero;F;36;CHILENO;;Millenial;EL QUISCO                     ;VALPARAISO;0;0;0;0;0;0;0;0;0;Lavadora Secadora MLSF-1108BN05N 11Kg/8Kg Blanca;LINEA BLANCA
13400104;;F;44;CHILENO;;X;LA PINTANA                    ;METROPOLITANA;0;0;0;0;0;0;0;0;0;Cocina 775X 4P;LINEA BLANCA
12975695;;M;46;CHILENO;;X;TALCAHUANO                    ;BIO BIO;0;0;0;0;0;0;0;0;0;Refrigerador 400Lts No Frost RMP400FZUC Dispen;LINEA BLANCA
13272903;Casado;F;44;CHILENO;INGENIERO EN ALIMENTOS;X;RENCA                         ;METROPOLITANA;0;0;0;0;0;0;0;0;0;Lavadora WT9WPB2 9K Blanca;LINEA BLANCA
17555571;;M;30;CHILENO;;Millenial;PROVIDENCIA                   ;METROPOLITANA;0;0;0;0;0;0;0;0;0;Refrigerador 525Lts Side by Side SFX500;LINEA BLANCA
10491277;;F;59;CHILENO;;Boomers;REQUINOA                      ;L.G.B.OÂ´HIGGINS;0;0;0;0;0;0;0;0;0;Lavadora Efficace SZG 17,5Kg Silver;LINEA BLANCA
13054477;;M;46;CHILENO;;X;N/D;N/D;0;0;0;0;0;0;0;0;0;Lavadora MLS-090GE04N 9Kg Gris;LINEA BLANCA
19302657;Soltero;F;25;CHILENO;;Z;PROVIDENCIA                   ;METROPOLITANA;0;0;0;0;0;0;0;0;0;Cocina CH-7400 4P;LINEA BLANCA
11220229;;F;54;CHILENO;;X;N/D;N/D;0;0;0;0;0;0;0;0;0;Cocina Andes7650FX 5P Inox;LINEA BLANCA
6038941;Divorciado;M;70;CHILENO;;Silencioso;SAN FELIPE                    ;VALPARAISO;0;0;0;0;0;0;0;0;0;Cocina F-2808 4P;LINEA BLANCA
11143992;Soltero;F;54;CHILENO;;Boomers;RENCA                         ;METROPOLITANA;0;0;0;0;0;0;0;0;0;Lavadora WT9WPB2 9K Blanca;LINEA BLANCA
7837405;;M;66;CHILENO;;Boomers;BULNES                        ;BIO BIO;0;0;0;0;0;0;0;0;0;Refrigerador 252Lts No Frost MRFS-2700G333FW;LINEA BLANCA
17475147;;F;32;CHILENO;;Millenial;N/D;N/D;0;0;0;0;0;0;0;0;0;Lavadora Efficace SZG 15,5Kg Silver;LINEA BLANCA
14325857;Soltero;M;45;CHILENO;TECNICO EN ENFERMERIA DE NIVEL SUPERIOR;X;RENCA                         ;METROPOLITANA;0;0;0;0;0;0;0;0;0;Lavadora MLS-090GE04N 9Kg Gris;LINEA BLANCA
8820782;;F;66;CHILENO;;Boomers;LAS CONDES                    ;METROPOLITANA;0;0;0;0;0;0;0;0;0;Refrigerador 290Lts BF No Frost RB30N4020S8;LINEA BLANCA
18133147;;F;30;CHILENO;;Millenial;PROVIDENCIA                   ;METROPOLITANA;0;0;0;0;0;0;0;0;0;FRIGOBAR 93 LTS MFB-930S121LN;LINEA BLANCA
10625111;;F;52;CHILENO;;X;PROVIDENCIA                   ;METROPOLITANA;0;0;0;0;0;0;0;0;0;FRIGOBAR 93 LTS MFB-930S121LN;LINEA BLANCA
9199977;Soltero;M;57;CHILENO;CONTADOR GENERAL;Boomers;RENCA                         ;METROPOLITANA;0;0;0;0;0;0;0;0;0;Refrigerador 251Lts No Frost Altus 1250;LINEA BLANCA
13730420;;F;42;CHILENO;;X;TEMUCO                        ;ARAUCANIA;0;0;0;0;0;0;0;0;0;Freezer 160 Lts MFV-1600B208FN vertical;LINEA BLANCA
15843525;Casado;F;37;CHILENO;NUTRICIONISTA;Millenial;RENCA                         ;METROPOLITANA;0;0;0;0;0;0;0;0;0;FRIGOBAR 93 LTS MFB-930S121LN;LINEA BLANCA
12713566;Divorciado;F;48;CHILENO;AUXILIAR PARAMEDICO DE ENFERMERIA;X;RENCA                         ;METROPOLITANA;0;0;0;0;0;0;0;0;0;Cocina PRO 467 Bosch Mod. HSG75I40SE;LINEA BLANCA
10150068;;F;58;CHILENO;;Boomers;PANGUIPULLI                   ;LOS LAGOS;0;0;0;0;0;0;0;0;0;FREEZER SFH-150 14OL BLANCO SINDELEN;LINEA BLANCA
10317753;Casado;F;53;CHILENO;TECNICO DE NIVEL SUPERIOR AYUDANTE DE ENFERMERIA;X;PUERTO MONTT                  ;LOS LAGOS;0;0;0;0;0;0;0;0;0;Refrigerador 260Lts BF Frio Direc MRFI2660SR346W;LINEA BLANCA
13286776;;F;45;CHILENO;;X;RENCA                         ;METROPOLITANA;0;0;0;0;0;0;0;0;0;CAMPANA COCINA UT FS 60 INO;LINEA BLANCA
25635444;;F;28;PERUANO;;Extranjero;N/D;N/D;0;0;0;0;0;0;0;0;0;Lavadora Secadora MLSF-1108BN05N 11Kg/8Kg Blanca;LINEA BLANCA
19378792;;F;25;CHILENO;;Z;N/D;N/D;0;0;0;0;0;0;0;0;0;Refrigerador 318Lts No Frost RT32K5730SL/ZS;LINEA BLANCA
19782054;;M;25;CHILENO;;Z;N/D;N/D;0;0;0;0;0;0;0;0;0;Refrigerador MRFI1800R234RN 180Lts BF Frio Dir;LINEA BLANCA
6191242;Casado;F;73;CHILENO;;Silencioso;PROVIDENCIA                   ;METROPOLITANA;0;0;0;0;0;0;0;0;0;Refrigerador RDNF-2570IN 255Lts No Frost;LINEA BLANCA
17831915;;F;31;CHILENO;;Millenial;NATALES                       ;MAGALLANES;0;0;0;0;0;0;0;0;0;Lavadora LMA0920WGCL0 9,5Kg Gris;LINEA BLANCA
10073195;;M;58;CHILENO;;Boomers;PROVIDENCIA                   ;METROPOLITANA;0;0;0;0;0;0;0;0;0;Calefon ionizado 13 litros GL;LINEA BLANCA
13519844;;M;43;CHILENO;;X;PROVIDENCIA                   ;METROPOLITANA;0;0;0;0;0;0;0;0;0;TERMO ELECTRICO TERMO E RH 85L 220V P;LINEA BLANCA
17223565;;F;33;CHILENO;;Millenial;PROVIDENCIA                   ;METROPOLITANA;0;0;0;0;0;0;0;0;0;Refrigerador MRFI2740G332RW BF 255Lts Frio Direc;LINEA BLANCA
26621813;;F;39;VENEZOLANO;;Extranjero;LINARES                       ;MAULE;0;0;0;0;0;0;0;0;0;Lavadora WA80H4200SW/ZS 8Kg Blanca;LINEA BLANCA
12062456;;M;59;CHILENO;;Boomers;LOS VILOS                     ;COQUIMBO;0;0;0;0;0;0;0;0;0;Cocina MCG-5QI30AME5 5P Inox;LINEA BLANCA
13924900;Casado;F;41;CHILENO;;X;PROVIDENCIA                   ;METROPOLITANA;0;0;0;0;0;0;0;0;0;Refrigerador 425Lts No Frost Altus 1430W;LINEA BLANCA
16459230;;M;35;CHILENO;;Millenial;PROVIDENCIA                   ;METROPOLITANA;0;0;0;0;0;0;0;0;0;COCINA 76GS 5P Glass Negro;LINEA BLANCA
13831303;;M;42;CHILENO;;X;PROVIDENCIA                   ;METROPOLITANA;0;0;0;0;0;0;0;0;0;Lavadora MLS-160BSC03T 16Kg Blanca;LINEA BLANCA
19371415;;M;25;CHILENO;;Z;LOS ANGELES                   ;BIO BIO;0;0;0;0;0;0;0;0;0;Lavadora MLS-140GSC03T 14Kg Gris;LINEA BLANCA
16357739;;M;36;CHILENO;;Millenial;PROVIDENCIA                   ;METROPOLITANA;0;0;0;0;0;0;0;0;0;Refrigerador MBF60X 322Lts BF No Frost;LINEA BLANCA
19752370;;M;25;CHILENO;;Z;N/D;N/D;0;0;0;0;0;0;0;0;0;SECADORA VENT UT VD 8K7P;LINEA BLANCA
6946681;Casado;M;68;CHILENO;;Silencioso;COMBARBALA                    ;COQUIMBO;0;0;0;0;0;0;0;0;0;Refrigerador 303Lts BF Frio Directo Nordik 480;LINEA BLANCA
9868344;;M;58;CHILENO;;Boomers;EL BOSQUE                     ;METROPOLITANA;0;0;0;0;0;0;0;0;0;Refrigerador 241Lts BF Frio Directo Nordik 415;LINEA BLANCA
7269994;Casado;M;68;CHILENO;MEDICO CIRUJANO;Boomers;PROVIDENCIA                   ;METROPOLITANA;0;0;0;0;0;0;0;0;0;Refrigerador 241Lts BF Frio Directo Nordik 415;LINEA BLANCA
18004631;;F;30;CHILENO;;Millenial;PROVIDENCIA                   ;METROPOLITANA;0;0;0;0;0;0;0;0;0;Lavadora Efficace SZG 15,5Kg Silver;LINEA BLANCA
8632623;;F;66;CHILENO;;Boomers;LA PINTANA                    ;METROPOLITANA;0;0;0;0;0;0;0;0;0;Calefont 10Lts GL Essenetial ECO;LINEA BLANCA
8579241;;M;52;CHILENO;;X;VINA DEL MAR                  ;VALPARAISO;0;0;0;0;0;0;0;0;0;Encimera CE2-435I 2P Inox;LINEA BLANCA
25797916;;M;43;HAITIANO;;Extranjero;SAN FELIPE                    ;VALPARAISO;0;0;0;0;0;0;0;0;0;Refrigerador 252Lts No Frost MRFS-2700G333FW;LINEA BLANCA
17451667;;F;32;CHILENO;;Millenial;PROVIDENCIA                   ;METROPOLITANA;0;0;0;0;0;0;0;0;0;Cocina Nova CH9850NG 6P;LINEA BLANCA
14743799;Casado;M;55;ECUATORIANO;MEDICO CIRUJANO;Extranjero;RENCA                         ;METROPOLITANA;0;0;0;0;0;0;0;0;0;Cocina CMC20AXX 4P Inox;LINEA BLANCA
11231522;;F;53;CHILENO;;X;MELIPILLA                     ;METROPOLITANA;0;0;0;0;0;0;0;0;0;Lavadora Efficace SZG 17,5Kg Silver;LINEA BLANCA
17292920;;F;32;CHILENO;;Millenial;PROVIDENCIA                   ;METROPOLITANA;0;0;0;0;0;0;0;0;0;Cocina CMC20AXX 4P Inox;LINEA BLANCA
13321617;;F;45;CHILENO;;X;OSORNO                        ;LOS LAGOS;0;0;0;0;0;0;0;0;0;Freezer Vertical M165V 165Lts;LINEA BLANCA
19015507;;M;26;CHILENO;;Z;N/D;N/D;0;0;0;0;0;0;0;0;0;Cocina CMC20AXX 4P Inox;LINEA BLANCA
9746695;;M;59;CHILENO;;Boomers;SAN BERNARDO                  ;METROPOLITANA;0;0;0;0;0;0;0;0;0;Refrigerador 303Lts BF Frio Directo Nordik 480;LINEA BLANCA
8020355;;F;65;CHILENO;;Boomers;SANTA MARIA                   ;VALPARAISO;0;0;0;0;0;0;0;0;0;Lavadora Efficace SZG 17,5Kg Silver;LINEA BLANCA
10061419;;F;56;CHILENO;;Boomers;RENCA                         ;METROPOLITANA;0;0;0;0;0;0;0;0;0;Cocina CMC20AXX 4P Inox;LINEA BLANCA
17706485;Soltero;M;31;CHILENO;;Millenial;PROVIDENCIA                   ;METROPOLITANA;0;0;0;0;0;0;0;0;0;Lavadora Efficace SZG 15,5Kg Silver;LINEA BLANCA
15663959;;F;38;CHILENO;;X;MAIPU                         ;METROPOLITANA;0;0;0;0;0;0;0;0;0;Cocina Andes60TX4 4P Inox;LINEA BLANCA
6544317;;F;72;CHILENO;;Silencioso;LA PINTANA                    ;METROPOLITANA;0;0;0;0;0;0;0;0;0;Lavadora WA13T5260BW/ZS 13Kg Blanca;LINEA BLANCA
6278325;;F;74;CHILENO;;Silencioso;PAINE                         ;METROPOLITANA;0;0;0;0;0;0;0;0;0;Calefont 8Lts GL Essenetial ECO;LINEA BLANCA
17283219;;M;32;CHILENO;;Millenial;EL MONTE                      ;METROPOLITANA;0;0;0;0;0;0;0;0;0;Lavadora MLS-140GSC03T 14Kg Gris;LINEA BLANCA
8064552;;M;65;CHILENO;;Boomers;ARAUCO                        ;BIO BIO;0;0;0;0;0;0;0;0;0;Lavadora Efficace SZG 17,5Kg Silver;LINEA BLANCA
16766847;;F;34;CHILENO;;Millenial;"";"";0;0;0;0;0;0;0;0;0;Cocina CH-9400 4P SILVER;LINEA BLANCA
10757660;;F;49;CHILENO;;X;QUILPUE                       ;VALPARAISO;0;0;0;0;0;0;0;0;0;ENCIMERA A GAS CMG6044SD-0CL 4Q MABE;LINEA BLANCA
11743862;;F;51;CHILENO;;X;SAN FERNANDO                  ;L.G.B.OÂ´HIGGINS;0;0;0;0;0;0;0;0;0;Freezer 99Lts MFH-1000B131CN Horizontal;LINEA BLANCA
10922481;;F;57;CHILENO;;Boomers;RENCA                         ;METROPOLITANA;0;0;0;0;0;0;0;0;0;Lavadora Impressive 20SZ 20Kg Silver;LINEA BLANCA
15129220;;M;40;CHILENO;;X;CURICO;MAULE;0;0;0;0;0;0;0;0;0;Lavadora MLS-090GE04N 9Kg Gris;LINEA BLANCA
13179657;;F;44;CHILENO;;X;SAN FELIPE                    ;VALPARAISO;0;0;0;0;0;0;0;0;0;Lavadora Efficace SZG 17,5Kg Silver;LINEA BLANCA
8392472;;M;60;CHILENO;;Boomers;CHIGUAYANTE                   ;BIO BIO;0;0;0;0;0;0;0;0;0;Cocina F-5500 Premium 5P;LINEA BLANCA
17275017;Casado;M;32;CHILENO;;Millenial;PROVIDENCIA                   ;METROPOLITANA;0;0;0;0;0;0;0;0;0;Lavadora Efficace BZG 9,5Kg Blanca;LINEA BLANCA
6899611;Casado;M;70;CHILENO;;Silencioso;RENCA                         ;METROPOLITANA;0;0;0;0;0;0;0;0;0;Refrigerador 251Lts No Frost Altus 1250;LINEA BLANCA
13111766;;F;49;CHILENO;;X;VICTORIA                      ;ARAUCANIA;0;0;0;0;0;0;0;0;0;Lavadora Efficace SZG 17,5Kg Silver;LINEA BLANCA
5272692;Casado;M;73;CHILENO;MEDICO CIRUJANO;Silencioso;PROVIDENCIA                   ;METROPOLITANA;0;0;0;0;0;0;0;0;0;Refrigerador LT44AGP 424Lts Dispensador No Frost;LINEA BLANCA
13185729;;M;44;CHILENO;;X;RENCA                         ;METROPOLITANA;0;0;0;0;0;0;0;0;0;Refrigerador MBF60X 322Lts BF No Frost;LINEA BLANCA
6721072;;F;75;CHILENO;;Silencioso;SAN PEDRO DE LA PAZ           ;BIO BIO;0;0;0;0;0;0;0;0;0;Refrigerador 290LTS No Frost RMB302PXLRS0;LINEA BLANCA
17044859;;F;33;CHILENO;;Millenial;MACUL                         ;METROPOLITANA;0;0;0;0;0;0;0;0;0;Refrigerador 260Lts BF Frio Direc MRFI2660SR346W;LINEA BLANCA
6966197;;F;69;CHILENO;;Silencioso;LOS ANGELES                   ;BIO BIO;0;0;0;0;0;0;0;0;0;Lavadora Efficace SZG 17,5Kg Silver;LINEA BLANCA
10253974;;F;61;CHILENO;;Boomers;PANGUIPULLI                   ;LOS LAGOS;0;0;0;0;0;0;0;0;0;Lavadora WT16DSBP 16Kg Silver;LINEA BLANCA
11196699;;M;55;CHILENO;;Boomers;RENCA                         ;METROPOLITANA;0;0;0;0;0;0;0;0;0;Lavadora MLS-090GE04N 9Kg Gris;LINEA BLANCA
7268665;;M;67;CHILENO;;Boomers;RANCAGUA                      ;L.G.B.OÂ´HIGGINS;0;0;0;0;0;0;0;0;0;Refrigerador RT25FARADSP/ZS 260Lts No Frost;LINEA BLANCA
6504419;;F;67;CHILENO;;Boomers;TALCAHUANO                    ;BIO BIO;0;0;0;0;0;0;0;0;0;Refrigerador 249Lts No Frost RMA250PHUG;LINEA BLANCA
18135779;Soltero;M;29;CHILENO;TECNOLOGO MEDICO;Millenial;PROVIDENCIA                   ;METROPOLITANA;0;0;0;0;0;0;0;0;0;Lavadora Secadora WD10WVC4S6 10,5/6Kg Blanca;LINEA BLANCA
6493563;Casado;M;69;CHILENO;TECNICO EN ADMINISTRACION DE EMPRESAS;Silencioso;PROVIDENCIA                   ;METROPOLITANA;0;0;0;0;0;0;0;0;0;Calefon Vitality G/L 10Lts;LINEA BLANCA
5095070;;F;81;CHILENO;;Silencioso;CABILDO                       ;VALPARAISO;0;0;0;0;0;0;0;0;0;Lavadora WA17T6260BW/ZS 17Kg Blanca;LINEA BLANCA
7511527;Soltero;M;68;CHILENO;INGENIERO AGRICOLA;Silencioso;RENCA                         ;METROPOLITANA;0;0;0;0;0;0;0;0;0;Cocina F-2808 4P;LINEA BLANCA
18006045;Casado;F;30;CHILENO;;Millenial;PROVIDENCIA                   ;METROPOLITANA;0;0;0;0;0;0;0;0;0;Refrigerador MBF60X 322Lts BF No Frost;LINEA BLANCA
18804358;;F;28;CHILENO;;Millenial;QUILLECO                      ;BIO BIO;0;0;0;0;0;0;0;0;0;Cocina CMC5515GCH-1 4P;LINEA BLANCA
11507557;Soltero;F;51;CHILENO;;X;RENCA                         ;METROPOLITANA;0;0;0;0;0;0;0;0;0;Lavadora Semiautomatica Twister 5100 4Kg;LINEA BLANCA
9263063;;M;60;CHILENO;;Boomers;CAUQUENES                     ;MAULE;0;0;0;0;0;0;0;0;0;Lavadora Efficace SZG 15,5Kg Silver;LINEA BLANCA
19334288;;F;26;CHILENO;;Z;N/D;N/D;0;0;0;0;0;0;0;0;0;Refrigerador 252Lts No Frost MRFS-2700G333FW;LINEA BLANCA
7605037;Viudo;M;65;CHILENO;;Boomers;PROVIDENCIA                   ;METROPOLITANA;0;0;0;0;0;0;0;0;0;Refrigerador Altus 1430 425Lts No Frost;LINEA BLANCA
18829600;;M;28;CHILENO;;Millenial;PROVIDENCIA                   ;METROPOLITANA;0;0;0;0;0;0;0;0;0;Cocina F-2808 4P;LINEA BLANCA
6975098;;F;67;CHILENO;;Boomers;RECOLETA                      ;METROPOLITANA;0;0;0;0;0;0;0;0;0;Cocina CH-9500 NG 4P;LINEA BLANCA
5520782;;F;77;CHILENO;;Silencioso;PAINE                         ;METROPOLITANA;0;0;0;0;0;0;0;0;0;Lavadora Efficace BZG 9,5Kg Blanca;LINEA BLANCA
16124106;;F;37;CHILENO;;Millenial;PROVIDENCIA                   ;METROPOLITANA;0;0;0;0;0;0;0;0;0;Freezer MFH-2950B384CN 295 lts blanco;LINEA BLANCA
5308465;;F;75;CHILENO;;Silencioso;TALCA                         ;MAULE;0;0;0;0;0;0;0;0;0;Cocina CH-7400 4P;LINEA BLANCA
6696329;;F;66;CHILENO;;Boomers;PROVIDENCIA                   ;METROPOLITANA;0;0;0;0;0;0;0;0;0;Lavadora Semiautomatica Twister 5300 4Kg;LINEA BLANCA
19028646;;F;27;CHILENO;;Z;TEMUCO                        ;ARAUCANIA;0;0;0;0;0;0;0;0;0;Cocina MCG-5QI30AME5 5P Inox;LINEA BLANCA
8125522;Casado;F;65;CHILENO;;Boomers;RECOLETA                      ;METROPOLITANA;0;0;0;0;0;0;0;0;0;Lavadora Efficace SZG 15,5Kg Silver;LINEA BLANCA
8145459;Divorciado;M;57;CHILENO;PROFESOR;Boomers;PROVIDENCIA                   ;METROPOLITANA;0;0;0;0;0;0;0;0;0;Cocina Lena Angelina Negra;LINEA BLANCA
5104560;;F;82;CHILENO;;Silencioso;N/D;N/D;0;0;0;0;0;0;0;0;0;Lavadora Efficace SZG 19,5Kg Silver;LINEA BLANCA
19860842;;M;26;CHILENO;;Z;PROVIDENCIA                   ;METROPOLITANA;0;0;0;0;0;0;0;0;0;Lavadora MLS-090GE04N 9Kg Gris;LINEA BLANCA
26742762;;M;46;VENEZOLANO;;Extranjero;SANTIAGO                      ;METROPOLITANA;0;0;0;0;0;0;0;0;0;Refrigerador LB37MPGK 341Lts No Frost;LINEA BLANCA
9525206;;M;59;CHILENO;;Boomers;PLACILLA                      ;L.G.B.OÂ´HIGGINS;0;0;0;0;0;0;0;0;0;Lavadora Efficace BZG 9,5Kg Blanca;LINEA BLANCA
13314945;;F;53;CHILENO;;X;PROVIDENCIA                   ;METROPOLITANA;0;0;0;0;0;0;0;0;0;Refrigerador 244Lts Frio Directo Progress 3100;LINEA BLANCA
8981402;;F;60;CHILENO;;Boomers;RENCA                         ;METROPOLITANA;0;0;0;0;0;0;0;0;0;Refrigerador 210Lts Rojo Frio Dir MRFS2100R273FN;LINEA BLANCA
12675902;;M;48;CHILENO;;X;PROVIDENCIA                   ;METROPOLITANA;0;0;0;0;0;0;0;0;0;Lavadora Efficace SZG 15,5Kg Silver;LINEA BLANCA
9919185;Casado;F;57;CHILENO;;Boomers;PROVIDENCIA                   ;METROPOLITANA;0;0;0;0;0;0;0;0;0;CALEFON 6 LITROS MASTER (SPLENDID);LINEA BLANCA
7222893;Soltero;F;56;CHILENO;;Boomers;PROVIDENCIA                   ;METROPOLITANA;0;0;0;0;0;0;0;0;0;Cocina 56DXQ 4P Doble Horno;LINEA BLANCA
8471489;;F;64;CHILENO;;Boomers;SAN CARLOS                    ;BIO BIO;0;0;0;0;0;0;0;0;0;Refrigerador LB37MPGK 341Lts No Frost;LINEA BLANCA
10302983;;F;55;CHILENO;;Boomers;SAN CARLOS                    ;BIO BIO;0;0;0;0;0;0;0;0;0;Lavadora Efficace SZG 15,5Kg Silver;LINEA BLANCA
17765443;;F;30;CHILENO;;Millenial;N/D;N/D;0;0;0;0;0;0;0;0;0;Lavadora Impressive 20SZ 20Kg Silver;LINEA BLANCA
26267010;;M;41;VENEZOLANO;;Extranjero;RANCAGUA                      ;L.G.B.OÂ´HIGGINS;0;0;0;0;0;0;0;0;0;Refrigerador MBF60X 322Lts BF No Frost;LINEA BLANCA
6470803;;M;71;CHILENO;;Silencioso;VICTORIA                      ;ARAUCANIA;0;0;0;0;0;0;0;0;0;Cocina F-2808 4P;LINEA BLANCA
7620102;;F;68;CHILENO;;Boomers;SAN FELIPE                    ;VALPARAISO;0;0;0;0;0;0;0;0;0;Lavadora WA90H4400SW/ZS 9Kg Blanca;LINEA BLANCA
17316456;;F;32;CHILENO;;Millenial;N/D;N/D;0;0;0;0;0;0;0;0;0;Lavadora LMA0920WGCL0 9,5Kg Gris;LINEA BLANCA
7917987;Casado;M;63;CHILENO;;Boomers;PROVIDENCIA                   ;METROPOLITANA;0;0;0;0;0;0;0;0;0;Refrigerador Side by Side RF62HESL/ZS 441Lts;LINEA BLANCA
6957726;;F;70;CHILENO;;Silencioso;N/D;N/D;0;0;0;0;0;0;0;0;0;Refrigerador MBF60X 322Lts BF No Frost;LINEA BLANCA
5638519;;F;76;CHILENO;;Silencioso;PROVIDENCIA                   ;METROPOLITANA;0;0;0;0;0;0;0;0;0;Lavadora WA90H4400SW/ZS 9Kg Blanca;LINEA BLANCA
17925048;;F;31;CHILENO;;Millenial;N/D;N/D;0;0;0;0;0;0;0;0;0;Cocina MCG-5QI30AME5 5P Inox;LINEA BLANCA
15838730;Soltero;M;37;CHILENO;;Millenial;PROVIDENCIA                   ;METROPOLITANA;0;0;0;0;0;0;0;0;0;Cocina Andes60TX4 4P Inox;LINEA BLANCA
11932152;;M;50;CHILENO;;X;RENCA                         ;METROPOLITANA;0;0;0;0;0;0;0;0;0;COCINA CH-5490NI 4P;LINEA BLANCA
16963064;Soltero;M;33;CHILENO;;Millenial;PROVIDENCIA                   ;METROPOLITANA;0;0;0;0;0;0;0;0;0;Lavadora LMA0920WGCL0 9,5Kg Gris;LINEA BLANCA
15962315;;F;37;CHILENO;;Millenial;PROVIDENCIA                   ;METROPOLITANA;0;0;0;0;0;0;0;0;0;Freezer 142Lts MFH-1430B186C Horizontal;LINEA BLANCA
6144604;;F;77;CHILENO;;Silencioso;MELIPILLA                     ;METROPOLITANA;0;0;0;0;0;0;0;0;0;Cocina F-2808 4P;LINEA BLANCA
9447534;;M;60;CHILENO;;Boomers;N/D;N/D;0;0;0;0;0;0;0;0;0;Refrigerador 260Lts BF Frio Direc MRFI2660SR346W;LINEA BLANCA
18012118;;F;30;CHILENO;;Extranjero;OVALLE                        ;COQUIMBO;0;0;0;0;0;0;0;0;0;Refrigerador 244Lts Frio Directo Progress 3100;LINEA BLANCA
9641345;;F;59;CHILENO;;Boomers;MELIPILLA                     ;METROPOLITANA;0;0;0;0;0;0;0;0;0;Cocina F-5500 Premium 5P;LINEA BLANCA
17887452;;M;30;CHILENO;;Millenial;PROVIDENCIA                   ;METROPOLITANA;0;0;0;0;0;0;0;0;0;Lavadora LMA0920WGCL0 9,5Kg Gris;LINEA BLANCA
18962984;;M;27;CHILENO;;Millenial;OSORNO                        ;LOS LAGOS;269980;2;2;0;0;0;2;2;269980;LED KIOTO 32 MI3228 SMART TV;ELECTRONICA MAYOR
7804289;;M;67;CHILENO;;Boomers;LA SERENA                     ;COQUIMBO;202720;3;1;0;0;0;3;1;202720;LED KIOTO 32 MI3228 SMART TV;ELECTRONICA MAYOR
13632153;;F;51;CHILENO;;X;PROVIDENCIA                   ;METROPOLITANA;129990;1;1;0;0;0;1;1;129990;MINICOMPONENTE RN5;ELECTRONICA MAYOR
15113002;;M;40;CHILENO;;X;PROVIDENCIA                   ;METROPOLITANA;88642;2;1;0;0;0;2;1;88642;PARLANTE SENSEIGTH K3175;ELECTRONICA MAYOR
9860519;;F;57;CHILENO;;Boomers;RENCA                         ;METROPOLITANA;109990;1;1;0;0;0;1;1;109990;LED 32 32PHD6825 HD SMART TV;ELECTRONICA MAYOR
5573370;;M;72;CHILENO;;Silencioso;PROVIDENCIA                   ;METROPOLITANA;376050;4;2;0;0;0;4;2;376050;LED SAMSUNG 43 UN43AU7090GXZS SMART TV UHD 4K;ELECTRONICA MAYOR
10368709;;F;55;CHILENO;;Boomers;ANCUD                         ;LOS LAGOS;215040;5;2;0;0;0;5;2;215040;PARLANTE SPBYF7 PORTATIL;ELECTRONICA MAYOR
18230544;;F;29;CHILENO;;Millenial;N/D;N/D;617940;6;5;0;0;0;6;5;617940;PARLANTE SCREAMER 4;ELECTRONICA MAYOR
15465804;;F;40;CHILENO;;Millenial;PROVIDENCIA                   ;METROPOLITANA;193970;3;2;2;1;113980;1;1;79990;PARLANTE KARAOKE MGULTRAHEAT;ELECTRONICA MAYOR
13545969;;M;48;CHILENO;;X;LA FLORIDA                    ;METROPOLITANA;339970;3;2;0;0;0;3;2;339970;LED LG 50 50UQ7500PSF.AWH UHD TV;ELECTRONICA MAYOR
8101354;Casado;M;64;CHILENO;;Boomers;RENCA                         ;METROPOLITANA;325360;5;2;0;0;0;5;2;325360;LED 32 32PHD6825 HD SMART TV;ELECTRONICA MAYOR
7008539;;M;68;CHILENO;;Silencioso;CERRO NAVIA                   ;METROPOLITANA;364970;3;3;0;0;0;3;3;364970;LED KIOTO 32 MI3228 SMART TV;ELECTRONICA MAYOR
9938978;;F;59;CHILENO;;Boomers;TALAGANTE                     ;METROPOLITANA;577050;5;3;0;0;0;5;3;577050;LED KIOTO 32 MI3228 SMART TV;ELECTRONICA MAYOR
19593915;;M;25;CHILENO;;Z;N/D;N/D;370060;11;8;0;0;0;11;8;370060;SOUNDBAR SJ2;ELECTRONICA MAYOR
6721421;;M;69;CHILENO;;Silencioso;CHIGUAYANTE                   ;BIO BIO;23990;2;1;0;0;0;2;1;23990;KARAOKE STREET SONG 4 MICÂ CABLEÂ BLACK 8900;ELECTRONICA MAYOR
18806374;;F;27;CHILENO;;Z;LOS ANGELES                   ;BIO BIO;931950;5;3;2;1;117980;3;2;813970;LED 32 32PHD6825 HD SMART TV;ELECTRONICA MAYOR
16810425;Soltero;M;34;CHILENO;;Silencioso;PROVIDENCIA                   ;METROPOLITANA;319980;2;1;2;1;319980;0;0;0;LED SAMSUNG 50 AU7090 CRYSTAL UHD 4K SMART TV 20;ELECTRONICA MAYOR
20529261;;F;22;CHILENO;;Millenial;N/D;N/D;208970;3;1;3;1;208970;0;0;0;LED 32 32PHD6825 HD SMART TV;ELECTRONICA MAYOR
16897588;;F;33;CHILENO;;Millenial;N/D;N/D;338970;4;2;3;1;308980;1;1;29990;LED 40 KEHD4020 SMART TV;ELECTRONICA MAYOR
15552988;;M;36;CHILENO;;Millenial;N/D;N/D;466660;5;3;0;0;0;5;3;466660;LED SAMSUNG 55 4K UHD SMART TV UN55AU7090GXZS;ELECTRONICA MAYOR
11585993;;F;51;CHILENO;;X;LAUTARO                       ;ARAUCANIA;742970;3;2;0;0;0;3;2;742970;PARLANTE ULTRABUZZ;ELECTRONICA MAYOR
8933099;Soltero;F;52;CHILENO;ENFERMERA;X;RENCA                         ;METROPOLITANA;28990;1;1;0;0;0;1;1;28990;SOUNDBAR BLIK SURREAL 2.0;ELECTRONICA MAYOR
18652860;Soltero;M;30;CHILENO;;Millenial;"";"";680900;10;6;0;0;0;10;6;680900;LED 50 KEUH50 SMART TV UHD;ELECTRONICA MAYOR
12670815;;M;47;CHILENO;;X;PROVIDENCIA                   ;METROPOLITANA;109990;1;1;0;0;0;1;1;109990;SOUNDBAR SP2;ELECTRONICA MAYOR
15264123;Soltero;M;39;CHILENO;;X;PROVIDENCIA                   ;METROPOLITANA;352440;4;1;0;0;0;4;1;352440;LED 50 KEUH50 SMART TV UHD;ELECTRONICA MAYOR
15825834;;M;38;CHILENO;;Millenial;"";"";159990;1;1;0;0;0;1;1;159990;PARLANTE ULTRAFORCE-I;ELECTRONICA MAYOR
11599675;;M;51;CHILENO;;X;TOCOPILLA                     ;ANTOFAGASTA;502970;3;1;0;0;0;3;1;502970;LED LG 50 50UQ7500PSF.AWH UHD TV;ELECTRONICA MAYOR
12209818;;F;50;CHILENO;;X;ALTO HOSPICIO;TARAPACA;860750;12;5;0;0;0;12;5;860750;PARLANTE ULTRAMAGIC;ELECTRONICA MAYOR
9751415;;M;58;CHILENO;;Boomers;VILLARICA                     ;ARAUCANIA;388620;5;2;0;0;0;5;2;388620;LED SAMSUNG 43 UN43AU7090GXZS SMART TV UHD 4K;ELECTRONICA MAYOR
13925973;;M;42;CHILENO;;X;N/D;N/D;160230;3;3;1;1;109990;2;2;50240;LED 32 32PHD6825 HD SMART TV;ELECTRONICA MAYOR
14021223;;M;41;CHILENO;;X;VILLA ALEGRE;MAULE;588940;6;3;6;3;588940;0;0;0;LED 32 32PHD6825 HD SMART TV;ELECTRONICA MAYOR
12818785;;F;47;CHILENO;;X;SAN FELIPE                    ;VALPARAISO;811080;5;2;0;0;0;5;2;811080;LED 42 42S6500 ANDROID TV FHD;ELECTRONICA MAYOR
18043841;Soltero;F;29;CHILENO;;Millenial;PROVIDENCIA                   ;METROPOLITANA;108980;2;1;2;1;108980;0;0;0;LED 32 32PHD6825 HD SMART TV;ELECTRONICA MAYOR
16685887;;F;34;CHILENO;;Millenial;N/D;N/D;335952;4;1;0;0;0;4;1;335952;LED 50 KEUH50 SMART TV UHD;ELECTRONICA MAYOR
25019386;;M;44;PERUANO;;Extranjero;LOS ANDES                     ;VALPARAISO;755590;7;6;0;0;0;7;6;755590;PARLANTE SCREAMER 4;ELECTRONICA MAYOR
14348691;;F;43;CHILENO;;X;PROVIDENCIA                   ;METROPOLITANA;139990;1;1;0;0;0;1;1;139990;PARLANTE ULTRABUZZ;ELECTRONICA MAYOR
6962846;;M;70;CHILENO;;Silencioso;TEMUCO                        ;ARAUCANIA;1577790;10;3;0;0;0;10;3;1577790;LED 43 43LM6370 SMART TV FHD;ELECTRONICA MAYOR
14005259;;F;41;CHILENO;;X;PROVIDENCIA                   ;N/D;164990;1;1;0;0;0;1;1;164990;LED 42 KHFH4221 SMART TV;ELECTRONICA MAYOR
7593408;;F;68;CHILENO;;Silencioso;SAN CARLOS                    ;BIO BIO;145980;2;2;0;0;0;2;2;145980;MINICOMPONENTE RN5;ELECTRONICA MAYOR
14406992;;F;52;CHILENO;;X;SAN FELIPE                    ;VALPARAISO;186560;3;2;0;0;0;3;2;186560;LED 32 32PHD6825 HD SMART TV;ELECTRONICA MAYOR
8845276;;F;70;BOLIVIANO;;Extranjero;ARICA                         ;TARAPACA;360622;2;1;0;0;0;2;1;360622;LED 50 KEUH50 SMART TV UHD;ELECTRONICA MAYOR
16980684;;F;33;CHILENO;;Millenial;N/D;N/D;1592840;18;9;0;0;0;18;9;1592840;PARLANTE ULTRAFORCE-I;ELECTRONICA MAYOR
25977035;Soltero;F;31;VENEZOLANO;;Millenial;"";"";472790;4;2;2;1;30980;2;1;441810;MAGIC REMOTE MR21G;ELECTRONICA MAYOR
17548616;;M;30;CHILENO;;Millenial;CONCEPCION                    ;BIO BIO;978940;6;5;0;0;0;6;5;978940;LED 40 KEHD4020 SMART TV;ELECTRONICA MAYOR
11585346;;M;51;CHILENO;;X;ALHUE                         ;METROPOLITANA;1167920;8;5;0;0;0;8;5;1167920;LED 32LM637B HD SMART;ELECTRONICA MAYOR
18496537;Soltero;M;29;CHILENO;MECANICO AUTOMOTRIZ EN SISTEMAS ELECTRONICOS;Millenial;PROVIDENCIA                   ;METROPOLITANA;103980;2;1;2;1;103980;0;0;0;LED 32 32PHD6825 HD SMART TV;ELECTRONICA MAYOR
16207195;;F;38;CHILENO;;X;VALDIVIA                      ;LOS RIOS;196980;2;2;0;0;0;2;2;196980;LED 32 UN32T4300AGXZS HD SMART TV;ELECTRONICA MAYOR
16917969;;F;33;CHILENO;;Millenial;CATEMU                        ;VALPARAISO;752970;3;1;3;1;752970;0;0;0;LED 58 UN58AU7000GXZS UHD 4K SMART TV;ELECTRONICA MAYOR
16622092;;F;35;CHILENO;;Millenial;RENCA                         ;METROPOLITANA;363980;3;1;3;1;363980;0;0;0;LED 43 43UP7500 UHD SMART TV;ELECTRONICA MAYOR
16416120;;F;36;CHILENO;;Millenial;PROVIDENCIA                   ;METROPOLITANA;189990;1;1;1;1;189990;0;0;0;LED 50 KEUH50 SMART TV UHD;ELECTRONICA MAYOR
19316000;Soltero;F;25;CHILENO;;Z;PROVIDENCIA                   ;METROPOLITANA;103980;2;1;2;1;103980;0;0;0;LED 32 32PHD6825 HD SMART TV;ELECTRONICA MAYOR
25491843;;F;44;PERUANO;;Extranjero;LA LIGUA                      ;VALPARAISO;449690;5;4;0;0;0;5;4;449690;LED 32 UN32T4300AGXZS HD SMART TV;ELECTRONICA MAYOR
14029691;;M;40;CHILENO;;X;N/D;N/D;139980;2;1;2;1;139980;0;0;0;LED 32 32PHD6825 HD SMART TV;ELECTRONICA MAYOR
13654926;;F;43;CHILENO;;X;VALLENAR;ATACAMA;237120;3;2;0;0;0;3;2;237120;PARLANTE KARAOKE K3421;ELECTRONICA MAYOR
10909265;;F;51;CHILENO;;X;N/D;N/D;259870;2;1;0;0;0;2;1;259870;LED LG 32 SMART TV FHD 32LQ630BPSA.AWH;ELECTRONICA MAYOR
10805135;;F;55;CHILENO;;Boomers;N/D;N/D;298970;3;4;0;0;0;3;4;298970;LED 32 32PHD6825 HD SMART TV;ELECTRONICA MAYOR
7475525;;M;66;CHILENO;;Boomers;PROVIDENCIA                   ;METROPOLITANA;257510;4;1;0;0;0;4;1;257510;MINICOMPONENTE CJ45;ELECTRONICA MAYOR
26757417;;F;35;VENEZOLANO;;Extranjero;"";"";114560;2;1;0;0;0;2;1;114560;KARAOKE 15 HEAVY BASS MIC INA CON ATRIL 8892;ELECTRONICA MAYOR
14317762;;M;46;CHILENO;;X;RENCA                         ;METROPOLITANA;299990;1;1;1;1;299990;0;0;0;LED 55 55P615 UHD ANDROID TV 4K;ELECTRONICA MAYOR
10180370;;M;56;CHILENO;;Boomers;SANTIAGO                      ;METROPOLITANA;94390;2;1;0;0;0;2;1;94390;KARAOKE 15 HEAVY BASS MIC INA CON ATRIL 8892;ELECTRONICA MAYOR
8413947;;M;64;CHILENO;;Boomers;ANTOFAGASTA                   ;ANTOFAGASTA;461100;2;1;0;0;0;2;1;461100;LED SAMSUNG 55 4K UHD SMART TV UN55AU7090GXZS;ELECTRONICA MAYOR
26882259;Soltero;M;31;NO INFORMA NACIONALIDAD;;Extranjero;PROVIDENCIA                   ;METROPOLITANA;30980;2;1;2;1;30980;0;0;0;MAGIC REMOTE MR21G;ELECTRONICA MAYOR
15267067;;F;44;CHILENO;;X;PANGUIPULLI                   ;LOS RIOS;914050;11;9;0;0;0;11;9;914050;PARLANTE SCREAMER 4;ELECTRONICA MAYOR
6070896;;M;70;CHILENO;;Silencioso;RENCA                         ;METROPOLITANA;29990;1;1;0;0;0;1;1;29990;PARLANTE SCREAMER 3;ELECTRONICA MAYOR
8119962;;M;59;CHILENO;;Boomers;PROVIDENCIA                   ;N/D;30980;2;1;2;1;30980;0;0;0;MAGIC REMOTE MR21G;ELECTRONICA MAYOR
13149039;;M;45;CHILENO;;X;MULCHEN                       ;BIO BIO;316980;2;1;0;0;0;2;1;316980;LED 50 UN50TU7090GXZS UHD SMART TV;ELECTRONICA MAYOR
16298710;;M;36;CHILENO;;Millenial;SAN JAVIER                    ;MAULE;1225390;12;9;10;8;920410;2;1;304980;LED 32 KHHD3221 SMART TV;ELECTRONICA MAYOR
10342004;;M;55;CHILENO;;Boomers;SAN ESTEBAN                   ;VALPARAISO;394829;6;4;0;0;0;6;4;394829;LED KIOTO 32 MI3228 SMART TV;ELECTRONICA MAYOR
19067689;Soltero;M;27;CHILENO;;Z;MELIPILLA                     ;METROPOLITANA;289990;1;1;0;0;0;1;1;289990;LED SAMSUNG 43 UN43AU7090GXZS SMART TV UHD 4K;ELECTRONICA MAYOR
23480559;;M;31;PERUANO;;Extranjero;N/D;N/D;529990;1;1;0;0;0;1;1;529990;LED 65 65P725 ANDROID TV 4K UHD;ELECTRONICA MAYOR
18100262;;F;30;CHILENO;;Millenial;LOS ANGELES                   ;BIO BIO;209990;1;3;0;0;0;1;3;209990;PARLANTE ULTRA BOOSTER Z2;ELECTRONICA MAYOR
13531126;;M;43;CHILENO;;X;COPIAPO                       ;ATACAMA;484980;2;2;1;1;399990;1;1;84990;PARLANTE SCREAMER 5;ELECTRONICA MAYOR
9069895;;F;59;CHILENO;;Boomers;N/D;N/D;816660;10;5;0;0;0;10;5;816660;LED 43 43S5195 ROKU TV FHD;ELECTRONICA MAYOR
12350102;;M;48;CHILENO;;X;VALLENAR;ATACAMA;519940;6;4;0;0;0;6;4;519940;LED 43 43UP7500 UHD SMART TV;ELECTRONICA MAYOR
18004486;;M;30;CHILENO;;Millenial;N/D;N/D;245950;5;4;5;4;245950;0;0;0;LED 42 42S6500 ANDROID TV FHD;ELECTRONICA MAYOR
7932868;;F;68;CHILENO;;Boomers;N/D;N/D;762020;12;5;0;0;0;12;5;762020;LED 43 43S5195 ROKU TV FHD;ELECTRONICA MAYOR
10928223;;F;54;CHILENO;;X;RENCA                         ;METROPOLITANA;159990;1;1;1;1;159990;0;0;0;LED 42 42S6500 ANDROID TV FHD;ELECTRONICA MAYOR
19325008;Soltero;F;26;CHILENO;TERAPEUTA OCUPACIONAL;Z;PROVIDENCIA                   ;METROPOLITANA;199990;1;1;0;0;0;1;1;199990;LED LG 32 SMART TV FHD 32LQ630BPSA.AWH;ELECTRONICA MAYOR
10768578;;F;55;CHILENO;;Boomers;N/D;N/D;346960;4;2;0;0;0;4;2;346960;LED KIOTO 32 MI3228 SMART TV;ELECTRONICA MAYOR
16801836;;F;32;CHILENO;;Millenial;N/D;N/D;452699;6;3;0;0;0;6;3;452699;LED 42 42S6500 ANDROID TV FHD;ELECTRONICA MAYOR
9395316;;M;58;CHILENO;;Boomers;LEBU                          ;BIO BIO;199960;4;4;2;2;42980;2;2;156980;LED 32 AOC ROKU TV HD 32S5195;ELECTRONICA MAYOR
14376799;;F;45;CHILENO;;X;BUIN                          ;METROPOLITANA;2467800;19;8;0;0;0;19;8;2467800;LED 43 CS43S1USM UHD SMART TV NEGRO;ELECTRONICA MAYOR
8638122;;F;64;CHILENO;;Boomers;MACUL                         ;METROPOLITANA;323980;2;1;2;1;323980;0;0;0;LED SAMSUNG 50 AU7090 CRYSTAL UHD 4K SMART TV 20;ELECTRONICA MAYOR
11561508;;M;52;CHILENO;;X;N/D;N/D;507240;7;3;0;0;0;7;3;507240;LED 32 32S60-32P ANDROID TV SMART LINE HD;ELECTRONICA MAYOR
13638882;;M;42;CHILENO;;X;ARICA                         ;ARICA Y PARINACOTA;884720;7;4;2;1;161540;5;3;723180;LED 55 55P615 UHD ANDROID TV 4K;ELECTRONICA MAYOR
8895558;;F;59;CHILENO;;Boomers;ANCUD                         ;LOS LAGOS;209970;3;2;0;0;0;3;2;209970;LED 32 AOC ROKU TV HD 32S5195;ELECTRONICA MAYOR
6782720;;F;77;CHILENO;;Silencioso;CASTRO                        ;LOS LAGOS;324390;3;1;0;0;0;3;1;324390;LED 40 KEHD4020 SMART TV;ELECTRONICA MAYOR
17292088;;F;33;CHILENO;;Millenial;QUEILEN                       ;LOS LAGOS;577320;5;2;0;0;0;5;2;577320;LED SAMSUNG 43 UN43AU7090GXZS SMART TV UHD 4K;ELECTRONICA MAYOR
7387250;;F;71;CHILENO;;Silencioso;MEJILLONES                    ;ANTOFAGASTA;349980;2;2;0;0;0;2;2;349980;LED 32 32S5295 SMART TV HD;ELECTRONICA MAYOR
10533324;;F;58;CHILENO;;Boomers;PROVIDENCIA                   ;METROPOLITANA;142550;3;2;0;0;0;3;2;142550;PARLANTE SENSEIGTH K3175;ELECTRONICA MAYOR
17620407;;M;31;CHILENO;;Millenial;N/D;N/D;279990;1;1;0;0;0;1;1;279990;LED 50 50P615-50P ANDROID TV PASSION LINE UHD 4K;ELECTRONICA MAYOR
9269177;;M;51;CHILENO;;X;COIHAIQUE                     ;AYSEN;364980;2;1;0;0;0;2;1;364980;LED 43 43UP7500 UHD SMART TV;ELECTRONICA MAYOR
10546190;Soltero;M;54;CHILENO;;X;RENCA                         ;METROPOLITANA;179990;1;1;0;0;0;1;1;179990;LED 42 KHFH4221 SMART TV;ELECTRONICA MAYOR
20824002;;M;21;CHILENO;;Z;PUENTE ALTO;METROPOLITANA;299990;1;1;0;0;0;1;1;299990;LED 55 55P615 UHD ANDROID TV 4K;ELECTRONICA MAYOR
16350793;;F;35;CHILENO;;Millenial;IQUIQUE                       ;TARAPACA;237950;4;1;4;1;237950;0;0;0;LED 32 32PHD6825 HD SMART TV;ELECTRONICA MAYOR
16277824;;M;36;CHILENO;;Millenial;"";"";280000;2;1;0;0;0;2;1;280000;LED 55 55P615 UHD ANDROID TV 4K;ELECTRONICA MAYOR
14118774;Casado;M;41;CHILENO;ABOGADO;X;RENCA                         ;METROPOLITANA;199990;1;1;0;0;0;1;1;199990;LED 42 42S6500 ANDROID TV FHD;ELECTRONICA MAYOR
13383972;;M;43;CHILENO;;X;CABRERO;BIO-BIO;21980;2;1;2;1;21980;0;0;0;KARAOKE URBAN ROJO;ELECTRONICA MAYOR
8609834;;M;60;CHILENO;;Boomers;PROVIDENCIA                   ;METROPOLITANA;169990;1;1;0;0;0;1;1;169990;LED 32 32S60-32P ANDROID TV SMART LINE HD;ELECTRONICA MAYOR
10655753;;F;51;CHILENO;;X;N/D;N/D;1712890;12;5;6;2;1129950;6;3;582940;LED KIOTO 32 MI3228 SMART TV;ELECTRONICA MAYOR
4638748;;M;82;CHILENO;;Silencioso;LOS ALAMOS                    ;BIO BIO;516970;3;2;0;0;0;3;2;516970;LED 42 KHFH4221 SMART TV;ELECTRONICA MAYOR
17561529;;F;31;CHILENO;;Millenial;OVALLE                        ;COQUIMBO;199990;1;1;0;0;0;1;1;199990;LED 58 KEUH5821 SMART TV UHD;ELECTRONICA MAYOR
14237480;;F;49;CHILENO;;X;QUILPUE                       ;VALPARAISO;99990;1;1;0;0;0;1;1;99990;LED KIOTO 32 MI3228 SMART TV;ELECTRONICA MAYOR
13373275;Soltero;F;44;CHILENO;TECNICO EN ENFERMERIA DE NIVEL SUPERIOR;X;CAUQUENES                     ;MAULE;765060;7;2;0;0;0;7;2;765060;LED 43 43S5195 ROKU TV FHD;ELECTRONICA MAYOR
11979345;Casado;F;51;CHILENO;;X;RENCA                         ;METROPOLITANA;159990;1;1;0;0;0;1;1;159990;MINICOMPONENTE RN5;ELECTRONICA MAYOR
8750736;;F;64;CHILENO;;Boomers;ALTO HOSPICIO;TARAPACA;489010;7;4;0;0;0;7;4;489010;LED KIOTO 32 MI3228 SMART TV;ELECTRONICA MAYOR
7630821;Casado;M;66;CHILENO;;Boomers;VILLARICA                     ;ARAUCANIA;366980;2;3;0;0;0;2;3;366980;LED 55UP7500 UHD SMART;ELECTRONICA MAYOR
9338827;;F;57;CHILENO;;Boomers;N/D;N/D;612830;5;2;0;0;0;5;2;612830;LED 43 43S5195 ROKU TV FHD;ELECTRONICA MAYOR
19248112;;F;26;CHILENO;;Z;VALDIVIA                      ;LOS RIOS;103970;3;3;0;0;0;3;3;103970;PARLANTE SCREAMER 4;ELECTRONICA MAYOR
11776694;;M;51;CHILENO;;X;EL MONTE                      ;METROPOLITANA;645030;5;3;0;0;0;5;3;645030;LED 32 AOC ROKU TV HD 32S5195;ELECTRONICA MAYOR
16858884;;F;34;CHILENO;;Millenial;PROVIDENCIA                   ;METROPOLITANA;216980;2;1;2;1;216980;0;0;0;LED 55 KEUH5521 SMART TV UHD;ELECTRONICA MAYOR
15263791;;F;40;CHILENO;;X;LANCO                         ;LOS LAGOS;199990;2;1;0;0;0;2;1;199990;LED 50 KEUH50 SMART TV UHD;ELECTRONICA MAYOR
7649371;;M;67;CHILENO;;Boomers;CHILLAN VIEJO                 ;BIO BIO;748379;7;4;0;0;0;7;4;748379;MINICOMPONENTE CJ45;ELECTRONICA MAYOR
12259684;;F;49;CHILENO;;X;RECOLETA                      ;METROPOLITANA;1116750;5;3;0;0;0;5;3;1116750;LED 43 43LM6370 SMART TV FHD;ELECTRONICA MAYOR
8087515;;F;61;CHILENO;;Boomers;EL QUISCO                     ;VALPARAISO;277160;5;1;0;0;0;5;1;277160;LED 55 KEUH5521 SMART TV UHD;ELECTRONICA MAYOR
6698047;;F;67;CHILENO;;Boomers;MELIPILLA                     ;METROPOLITANA;377690;3;1;0;0;0;3;1;377690;LED 55 KEUH5521 SMART TV UHD;ELECTRONICA MAYOR
14153733;;F;40;CHILENO;;Millenial;"";"";179990;1;1;1;1;179990;0;0;0;LED 50 KEUH50 SMART TV UHD;ELECTRONICA MAYOR
13102007;;M;46;CHILENO;;X;SAN CLEMENTE                  ;MAULE;439980;2;2;0;0;0;2;2;439980;LED 65 KEUH6521 SMART TV UHD;ELECTRONICA MAYOR
13096079;Casado;F;46;CHILENO;;X;RANCAGUA                      ;L.G.B.OÂ´HIGGINS;395970;3;2;0;0;0;3;2;395970;LED 58 KEUH5821 SMART TV UHD;ELECTRONICA MAYOR
10390305;;M;53;CHILENO;;X;MAULE                         ;MAULE;397850;4;3;0;0;0;4;3;397850;LED 58 KEUH5821 SMART TV UHD;ELECTRONICA MAYOR
20363690;;M;22;CHILENO;;Z;SAN CARLOS;BIO-BIO;470960;5;3;3;2;340970;2;1;129990;LED 40 KEHD4020 SMART TV;ELECTRONICA MAYOR
12536760;;M;48;CHILENO;;X;VILLARICA                     ;ARAUCANIA;906150;7;7;1;1;229990;6;6;676160;PARLANTE SCREAMER 3;ELECTRONICA MAYOR
16090729;;F;36;CHILENO;;Millenial;N/D;N/D;301450;5;3;2;1;245480;3;2;55970;KARAOKE PORTATIL TWO-EIGHT 8860;ELECTRONICA MAYOR
13410773;;M;43;CHILENO;;X;COIHAIQUE                     ;AYSEN;383950;5;3;0;0;0;5;3;383950;LED KIOTO 32 MI3228 SMART TV;ELECTRONICA MAYOR
20565505;;F;21;CHILENO;;Z;COLLIPULLI                    ;ARAUCANIA;596970;5;3;3;2;526970;2;1;70000;LED 50 KEUH50 SMART TV UHD;ELECTRONICA MAYOR
17290587;Soltero;F;32;CHILENO;;Millenial;PROVIDENCIA                   ;METROPOLITANA;138980;2;1;2;1;138980;0;0;0;LED 40 KEHD4020 SMART TV;ELECTRONICA MAYOR
11724109;;M;50;CHILENO;;X;LA SERENA                     ;COQUIMBO;303960;6;4;0;0;0;6;4;303960;LED 43 43S5195 ROKU TV FHD;ELECTRONICA MAYOR
10677680;;F;56;CHILENO;;Boomers;RENCA                         ;METROPOLITANA;253990;2;1;0;0;0;2;1;253990;LED 50 KEUH50 SMART TV UHD;ELECTRONICA MAYOR
20251584;;F;35;CHILENO;;Millenial;N/D;N/D;376960;4;3;4;3;376960;0;0;0;LED KIOTO 32 MI3228 SMART TV;ELECTRONICA MAYOR
12962724;;F;46;CHILENO;;X;RENCA                         ;METROPOLITANA;129990;1;1;1;1;129990;0;0;0;LED 40 KEHD4020 SMART TV;ELECTRONICA MAYOR
11385014;;M;53;CHILENO;;X;LA CRUZ                       ;VALPARAISO;202980;2;2;0;0;0;2;2;202980;MINICOMPONENTE RN7;ELECTRONICA MAYOR
18021097;;M;30;CHILENO;;Millenial;QUILPUE                       ;VALPARAISO;159990;1;1;0;0;0;1;1;159990;LED 42 KHFH4221 SMART TV;ELECTRONICA MAYOR
13370158;;M;43;CHILENO;;X;VILLA ALEMANA;VALPARAISO;186980;2;1;2;1;186980;0;0;0;LED 50 KEUH50 SMART TV UHD;ELECTRONICA MAYOR
15245159;;F;39;CHILENO;;X;PROVIDENCIA                   ;METROPOLITANA;84090;2;1;0;0;0;2;1;84090;PARLANTE SCREAMER 4;ELECTRONICA MAYOR
13360622;;F;46;CHILENO;;X;SALAMANCA                     ;COQUIMBO;1425930;7;5;0;0;0;7;5;1425930;LED 42 KHFH4221 SMART TV;ELECTRONICA MAYOR
9803344;Soltero;F;58;CHILENO;PROFESOR;Boomers;RENCA                         ;METROPOLITANA;251160;3;1;0;0;0;3;1;251160;LED 50 KEUH50 SMART TV UHD;ELECTRONICA MAYOR
4954816;;M;77;CHILENO;;Silencioso;CASTRO                        ;LOS LAGOS;1380560;10;6;0;0;0;10;6;1380560;LED 58 KEUH5821 SMART TV UHD;ELECTRONICA MAYOR
14072394;;M;42;CHILENO;;X;LOS ALAMOS                    ;BIO BIO;899960;7;6;0;0;0;7;6;899960;LED 40 KEHD4020 SMART TV;ELECTRONICA MAYOR
12192457;;F;50;CHILENO;;X;N/D;N/D;130980;2;1;2;1;130980;0;0;0;LED 40 KEHD4020 SMART TV;ELECTRONICA MAYOR
11561367;;M;51;CHILENO;;X;CONSTITUCION                  ;MAULE;560950;5;4;0;0;0;5;4;560950;PARLANTE ULTRAMEGA;ELECTRONICA MAYOR
11073216;;F;55;CHILENO;;Boomers;LINARES                       ;MAULE;116430;2;1;0;0;0;2;1;116430;PARLANTE SCREAMER 5;ELECTRONICA MAYOR
8081638;;F;60;CHILENO;;Boomers;"";"";89990;1;1;0;0;0;1;1;89990;LED KIOTO 32 MI3228 SMART TV;ELECTRONICA MAYOR
9053168;;M;60;CHILENO;;Boomers;LA CRUZ                       ;VALPARAISO;321950;5;3;5;3;321950;0;0;0;LED 55 KEUH5521 SMART TV UHD;ELECTRONICA MAYOR
7365527;;F;67;CHILENO;;Boomers;LO PRADO                      ;METROPOLITANA;871930;7;2;7;2;871930;0;0;0;LED 50 KEUH50 SMART TV UHD;ELECTRONICA MAYOR
3577196;;M;88;CHILENO;;Silencioso;PUNTA ARENAS                  ;MAGALLANES;487142;4;4;0;0;0;4;4;487142;LED 43 Full HD Smart TV 43PFD6825;ELECTRONICA MAYOR
9845125;;M;58;CHILENO;;Boomers;TENO                          ;MAULE;182050;6;3;0;0;0;6;3;182050;PARLANTE SCREAMER 4;ELECTRONICA MAYOR
13169210;;F;45;CHILENO;;X;PUNTA ARENAS                  ;MAGALLANES;337960;4;3;2;1;137980;2;2;199980;PARLANTE SCREAMER 4;ELECTRONICA MAYOR
11903580;;F;51;CHILENO;;X;RENCA                         ;METROPOLITANA;107980;2;1;2;1;107980;0;0;0;LED KIOTO 32 MI3228 SMART TV;ELECTRONICA MAYOR
13375171;;F;43;CHILENO;;X;PARRAL                        ;MAULE;383690;3;2;0;0;0;3;2;383690;LED 50 50UP7500 UHD SMART TV;ELECTRONICA MAYOR
7597717;;M;62;CHILENO;;Boomers;N/D;N/D;383240;5;3;2;1;229980;3;2;153260;LED 55 KEUH5521 SMART TV UHD;ELECTRONICA MAYOR
15401886;Soltero;M;40;CHILENO;;X;PROVIDENCIA                   ;METROPOLITANA;279250;2;1;0;0;0;2;1;279250;LED 43 UN43T5202AGXZS FHD SMART TV;ELECTRONICA MAYOR
18150875;;F;30;CHILENO;;Millenial;QUILICURA;METROPOLITANA;229990;1;1;1;1;229990;0;0;0;LED 55 KEUH5521 SMART TV UHD;ELECTRONICA MAYOR
19399105;;F;25;CHILENO;;Z;PROVIDENCIA                   ;METROPOLITANA;199990;1;1;1;1;199990;0;0;0;LED 55 KEUH5521 SMART TV UHD;ELECTRONICA MAYOR
6948491;;M;74;CHILENO;;Silencioso;TALAGANTE                     ;METROPOLITANA;1556930;16;8;0;0;0;16;8;1556930;LED 70 70PUD7625 SMART TV ULTRA HD;ELECTRONICA MAYOR
19230003;Soltero;F;35;CHILENO;;Millenial;PROVIDENCIA                   ;METROPOLITANA;189980;2;1;2;1;189980;0;0;0;LED 50 KEUH50 SMART TV UHD;ELECTRONICA MAYOR
17437209;;F;32;CHILENO;;Millenial;ILLAPEL                       ;COQUIMBO;633940;6;1;0;0;0;6;1;633940;LED SAMSUNG 50 AU7090 CRYSTAL UHD 4K SMART TV 20;ELECTRONICA MAYOR
15280497;;M;39;CHILENO;;X;PUERTO MONTT                  ;LOS LAGOS;507810;2;1;0;0;0;2;1;507810;LED 55UP7500 UHD SMART;ELECTRONICA MAYOR
10865404;;F;51;CHILENO;;X;CANETE                        ;BIO BIO;651371;8;3;0;0;0;8;3;651371;PARLANTE ULTRAFORCE-I;ELECTRONICA MAYOR
14493053;;M;46;CHILENO;;X;N/D;N/D;1021270;9;6;0;0;0;9;6;1021270;LED 50 50P615-50P ANDROID TV PASSION LINE UHD 4K;ELECTRONICA MAYOR
12881422;;M;47;CHILENO;;X;N/D;N/D;237860;3;2;2;1;189980;1;1;47880;LED 50 KEUH50 SMART TV UHD;ELECTRONICA MAYOR
17902558;;F;30;CHILENO;;Millenial;VALLENAR;ATACAMA;373430;3;2;0;0;0;3;2;373430;LED 32 UN32T4300AGXZS HD SMART TV;ELECTRONICA MAYOR
7540062;;M;64;CHILENO;;Boomers;PROVIDENCIA                   ;METROPOLITANA;870930;7;2;0;0;0;7;2;870930;PARLANTE ULTRAFORCE-I;ELECTRONICA MAYOR
17759724;;F;31;CHILENO;;Millenial;"";"";158980;2;2;0;0;0;2;2;158980;LED KIOTO 32 MI3228 SMART TV;ELECTRONICA MAYOR
14086210;;F;41;CHILENO;;Millenial;PROVIDENCIA                   ;METROPOLITANA;1371970;4;3;4;1;1311970;0;2;60000;LED 43 UN43T5202AGXZS FHD SMART TV;ELECTRONICA MAYOR
6828208;Divorciado;M;68;CHILENO;;Boomers;RENCA                         ;METROPOLITANA;174310;2;1;0;0;0;2;1;174310;LED KIOTO 32 MI3228 SMART TV;ELECTRONICA MAYOR
10819528;;M;54;CHILENO;;Boomers;RENCA                         ;METROPOLITANA;329980;2;2;2;2;329980;0;0;0;LED 32 UN32T4300AGXZS HD SMART TV;ELECTRONICA MAYOR
16524784;;F;34;CHILENO;;Millenial;HUALPEN;BIO BIO;487810;5;3;5;3;487810;0;0;0;LED 50 KEUH50 SMART TV UHD;ELECTRONICA MAYOR
18177583;;F;29;CHILENO;;Millenial;CHANCO                        ;MAULE;199990;1;1;0;0;0;1;1;199990;LED 55 KEUH5521 SMART TV UHD;ELECTRONICA MAYOR
8396306;;F;64;CHILENO;;Boomers;N/D;N/D;1918750;11;7;2;1;305840;9;6;1612910;LED 43 UN43T5202AGXZS FHD SMART TV;ELECTRONICA MAYOR
12515601;;F;49;CHILENO;;X;"";"";179990;1;1;1;1;179990;0;0;0;LED 50 KEUH50 SMART TV UHD;ELECTRONICA MAYOR
9414402;;F;62;CHILENO;;Boomers;QUILPUE                       ;VALPARAISO;309470;2;1;0;0;0;2;1;309470;LED 43 43LM6370 SMART TV FHD;ELECTRONICA MAYOR
17410938;;M;31;CHILENO;;Millenial;PROVIDENCIA                   ;METROPOLITANA;289980;2;2;0;0;0;2;2;289980;PARLANTE ULTRAMEGA;ELECTRONICA MAYOR
18574797;;F;28;CHILENO;;Millenial;CONSTITUCION                  ;MAULE;419970;3;2;0;0;0;3;2;419970;LED 43 UN43TU7090GXZS UHD SMART TV;ELECTRONICA MAYOR
19311498;;F;25;CHILENO;;Z;"";"";877290;6;5;2;3;144540;4;2;732750;LED 50 KEUH50 SMART TV UHD;ELECTRONICA MAYOR
17750255;;M;31;CHILENO;;Millenial;CANETE                        ;BIO BIO;152980;4;2;0;0;0;4;2;152980;PARLANTE ULTRAMEGA;ELECTRONICA MAYOR
25435995;;M;44;PERUANO;;Extranjero;SANTIAGO                      ;METROPOLITANA;58340;3;2;0;0;0;3;2;58340;PARLANTE SCREAMER 3;ELECTRONICA MAYOR
12780984;;F;46;CHILENO;;X;PROVIDENCIA                   ;METROPOLITANA;123980;2;1;2;1;123980;0;0;0;LED 40 KEHD4020 SMART TV;ELECTRONICA MAYOR
16527671;;M;35;CHILENO;;Extranjero;PAINE                         ;METROPOLITANA;159990;1;1;0;0;0;1;1;159990;PARLANTE MGULTRAEXTREME;ELECTRONICA MAYOR
8812002;Casado;F;68;CHILENO;;Boomers;PROVIDENCIA                   ;METROPOLITANA;192980;2;1;0;0;0;2;1;192980;LED 32 32S5305 HD HDR10/HLG;ELECTRONICA MAYOR
5061520;;F;79;CHILENO;;Silencioso;VICTORIA                      ;ARAUCANIA;189990;1;1;0;0;0;1;1;189990;LED 32 UN32T4300AGXZS HD SMART TV;ELECTRONICA MAYOR
12923882;;F;47;CHILENO;;X;CORONEL                       ;BIO BIO;280970;3;4;0;0;0;3;4;280970;LED 50 KEUH50 SMART TV UHD;ELECTRONICA MAYOR
8830106;;F;59;CHILENO;;Boomers;N/D;N/D;350980;2;1;2;1;350980;0;0;0;LED 55 55LM33737 ANDROID SMART TV UHD 4K;ELECTRONICA MAYOR
13565642;;M;42;CHILENO;;X;RENCA                         ;METROPOLITANA;535970;3;2;0;0;0;3;2;535970;LED 60UP7750 UHD SMART + MAGIC;ELECTRONICA MAYOR
13780389;;M;42;CHILENO;;X;N/D;N/D;297980;2;2;0;0;0;2;2;297980;LED 50 50PUD7625 SMART TV ULTRA HD 4K;ELECTRONICA MAYOR
14322541;Soltero;M;46;CHILENO;TECNICO DE NIVEL SUPERIOR EN ENFERMERIA;X;VILLARICA                     ;ARAUCANIA;229990;1;1;0;0;0;1;1;229990;LED 55 KEUH5521 SMART TV UHD;ELECTRONICA MAYOR
16340431;;F;36;CHILENO;;Millenial;"";"";125970;3;2;2;1;103980;1;1;21990;LED KIOTO 32 MI3228 SMART TV;ELECTRONICA MAYOR
12909311;;F;46;CHILENO;;X;N/D;N/D;1077940;6;3;6;3;1077940;0;0;0;LED 55 KEUH5521 SMART TV UHD;ELECTRONICA MAYOR
19047214;Soltero;F;27;CHILENO;;Z;PROVIDENCIA                   ;METROPOLITANA;108980;2;1;2;1;108980;0;0;0;LED KIOTO 32 MI3228 SMART TV;ELECTRONICA MAYOR
11450126;;F;55;CHILENO;;Boomers;NEGRETE                       ;BIO BIO;407860;3;2;0;0;0;3;2;407860;LED 43 43UP7500 UHD SMART TV;ELECTRONICA MAYOR
14054454;;M;41;CHILENO;;X;CONSTITUCION                  ;MAULE;227940;5;2;5;2;227940;0;0;0;LED 32 AOC ROKU TV HD 32S5195;ELECTRONICA MAYOR
19659929;;F;25;CHILENO;;Z;LA SERENA;COQUIMBO;209980;2;1;2;1;209980;0;0;0;LED 55 KEUH5521 SMART TV UHD;ELECTRONICA MAYOR
15620405;;F;38;CHILENO;;Millenial;SAN BERNARDO                  ;METROPOLITANA;489990;1;1;0;0;0;1;1;489990;LED 65 65PUD7625 4K UHD HDR;ELECTRONICA MAYOR
17758205;;F;31;CHILENO;;Millenial;PROVIDENCIA                   ;METROPOLITANA;206971;4;2;0;0;0;4;2;206971;PARLANTE SCREAMER 3;ELECTRONICA MAYOR
8863845;;M;62;CHILENO;;Boomers;OVALLE                        ;COQUIMBO;271990;2;1;0;0;0;2;1;271990;LED 40 40S65A-40P ANDROID TV SMART LINE FHD;ELECTRONICA MAYOR
19076698;;M;26;CHILENO;;Z;PROVIDENCIA                   ;METROPOLITANA;25990;1;1;0;0;0;1;1;25990;SOUNDBAR BLIK SURREAL 2.0;ELECTRONICA MAYOR
15082514;;M;40;CHILENO;;X;PUCHUNCAVI                    ;VALPARAISO;1295039;11;8;5;3;546950;6;5;748089;LED 50 50PUD7625 SMART TV ULTRA HD 4K;ELECTRONICA MAYOR
12016061;;M;55;CHILENO;;Boomers;ILLAPEL                       ;COQUIMBO;617540;5;2;0;0;0;5;2;617540;LED 55 KEUH5521 SMART TV UHD;ELECTRONICA MAYOR
26402198;Soltero;F;29;VENEZOLANO;;Extranjero;PROVIDENCIA                   ;METROPOLITANA;187960;3;1;3;1;187960;0;0;0;LED 32 UN32T4300AGXZS HD SMART TV;ELECTRONICA MAYOR
15302926;;M;40;CHILENO;;X;N/D;N/D;695960;4;2;4;2;695960;0;0;0;LED SAMSUNG 50 AU7090 CRYSTAL UHD 4K SMART TV 20;ELECTRONICA MAYOR
12769501;;M;48;CHILENO;;X;PROVIDENCIA                   ;METROPOLITANA;167980;2;1;2;1;167980;0;0;0;MINICOMPONENTE RN7;ELECTRONICA MAYOR
8508156;;M;63;CHILENO;;Boomers;TALCA                         ;MAULE;779980;2;2;0;0;0;2;2;779980;LED 55UP7500 UHD SMART;ELECTRONICA MAYOR
8597970;;M;62;CHILENO;;Boomers;VICTORIA                      ;ARAUCANIA;278440;2;1;0;0;0;2;1;278440;LED 43 UN43T5202AGXZS FHD SMART TV;ELECTRONICA MAYOR
11877439;;F;50;CHILENO;;X;MOLINA                        ;MAULE;109990;1;1;0;0;0;1;1;109990;PARLANTE ULTRAMAGIC;ELECTRONICA MAYOR
13853646;;M;42;CHILENO;;X;LEBU                          ;BIO BIO;734790;10;4;0;0;0;10;4;734790;LED 40 KEHD4020 SMART TV;ELECTRONICA MAYOR
13646551;;M;43;CHILENO;;X;COPIAPO;ATACAMA;199990;1;1;1;1;199990;0;0;0;LED 55 KEUH5521 SMART TV UHD;ELECTRONICA MAYOR
25437730;;M;35;HAITIANO;;Extranjero;N/D;N/D;298440;3;1;0;0;0;3;1;298440;LED 55 KEUH5521 SMART TV UHD;ELECTRONICA MAYOR
8768226;;F;62;CHILENO;;Boomers;TEMUCO                        ;ARAUCANIA;218750;2;1;0;0;0;2;1;218750;PARLANTE MGULTRAEXTREME;ELECTRONICA MAYOR
19059238;;F;26;CHILENO;;Z;CURARREHUE;ARAUCANIA;374940;4;1;4;1;374940;0;0;0;LED 40 KEHD4020 SMART TV;ELECTRONICA MAYOR
15879566;;M;37;CHILENO;;Millenial;N/D;N/D;243430;4;3;0;0;0;4;3;243430;LED 50 KEUH50 SMART TV UHD;ELECTRONICA MAYOR
15760238;;M;38;CHILENO;;X;PUERTO MONTT                  ;LOS LAGOS;875610;5;4;0;0;0;5;4;875610;LED 60 UN60AU8000GXZS UHD SMART TV;ELECTRONICA MAYOR
24664923;;F;21;NO INFORMA NACIONALIDAD;;Extranjero;CERRILLOS;METROPOLITANA;223980;2;1;2;1;223980;0;0;0;LED 43 UN43T5202AGXZS FHD SMART TV;ELECTRONICA MAYOR
19529195;;F;25;CHILENO;;Z;PROVIDENCIA                   ;METROPOLITANA;249990;1;1;0;0;0;1;1;249990;MINICOMPONENTE RN9;ELECTRONICA MAYOR
17585119;;F;31;CHILENO;;Millenial;N/D;N/D;305580;4;3;0;0;0;4;3;305580;PARLANTE MGULTRAEXTREME;ELECTRONICA MAYOR
10088747;;M;58;CHILENO;;Boomers;YERBAS BUENAS                 ;MAULE;712770;7;3;0;0;0;7;3;712770;LED 43 UN43T5202AGXZS FHD SMART TV;ELECTRONICA MAYOR
16920818;;F;34;CHILENO;;Millenial;LO BARNECHEA                  ;METROPOLITANA;209980;2;1;2;1;209980;0;0;0;LED 50 KEUH50 SMART TV UHD;ELECTRONICA MAYOR
15439187;;F;40;CHILENO;;X;PAINE;METROPOLITANA;93980;2;1;2;1;93980;0;0;0;LED KIOTO 32 MI3228 SMART TV;ELECTRONICA MAYOR
8599785;;F;65;CHILENO;;Boomers;VALDIVIA                      ;LOS RIOS;350800;4;3;0;0;0;4;3;350800;LED 50 KEUH50 SMART TV UHD;ELECTRONICA MAYOR
12061010;;F;58;CHILENO;;Boomers;LOS ALAMOS                    ;BIO BIO;429990;1;1;0;0;0;1;1;429990;LED 58 UN58AU7000GXZS UHD 4K SMART TV;ELECTRONICA MAYOR
12895089;;M;47;CHILENO;;X;LA CISTERNA;METROPOLITANA;129990;1;1;0;0;0;1;1;129990;MINICOMPONENTE RN5;ELECTRONICA MAYOR
16305703;Soltero;M;36;CHILENO;;Millenial;LOS ANDES                     ;VALPARAISO;109990;1;1;0;0;0;1;1;109990;LED KIOTO 32 MI3228 SMART TV;ELECTRONICA MAYOR
12399072;;M;49;CHILENO;;X;TOCOPILLA                     ;ANTOFAGASTA;844650;4;2;0;0;0;4;2;844650;LED 65 65PUD7625 4K UHD HDR;ELECTRONICA MAYOR
12176778;;F;50;CHILENO;;X;EL BOSQUE                     ;METROPOLITANA;1533110;11;4;0;0;0;11;4;1533110;KARAOKE FUNKY DISCO;ELECTRONICA MAYOR
27239672;;M;50;VENEZOLANO;;Extranjero;"";"";123980;2;1;2;1;123980;0;0;0;LED KIOTO 32 MI3228 SMART TV;ELECTRONICA MAYOR
11988897;Soltero;M;49;CHILENO;;X;VICTORIA                      ;ARAUCANIA;194740;3;2;0;0;0;3;2;194740;LED KIOTO 32 MI3228 SMART TV;ELECTRONICA MAYOR
15288731;;M;38;CHILENO;;X;N/D;N/D;190970;3;1;0;0;0;3;1;190970;LED KIOTO 32 MI3228 SMART TV;ELECTRONICA MAYOR
6292844;;F;70;CHILENO;;Silencioso;NATALES                       ;MAGALLANES;99990;3;1;0;0;0;3;1;99990;PARLANTE MGVIPER;ELECTRONICA MAYOR
6450428;Casado;M;69;CHILENO;;Silencioso;N/D;N/D;856960;4;2;0;0;0;4;2;856960;LED 50 50UP7500 UHD SMART TV;ELECTRONICA MAYOR
10665035;;M;52;CHILENO;;X;N/D;N/D;109990;1;1;1;1;109990;0;0;0;LED KIOTO 32 MI3228 SMART TV;ELECTRONICA MAYOR
14228383;;F;41;CHILENO;;X;NATALES                       ;MAGALLANES;684960;4;3;0;0;0;4;3;684960;LED 50 UN50TU7090GXZS UHD SMART TV;ELECTRONICA MAYOR
14089370;Divorciado;F;47;CHILENO;FACILITADOR INTERCULTOL;X;QUELLON                       ;LOS LAGOS;357810;3;1;0;0;0;3;1;357810;LED 43 UN43T5202AGXZS FHD SMART TV;ELECTRONICA MAYOR
19568946;;F;25;CHILENO;;Z;N/D;N/D;390960;4;4;0;0;0;4;4;390960;LED 43 UN43T5202AGXZS FHD SMART TV;ELECTRONICA MAYOR
26404724;;M;48;VENEZOLANO;;Extranjero;SAN PEDRO DE LA PAZ           ;BIO BIO;274990;1;1;0;0;0;1;1;274990;LED 50 UN50TU7090GXZS UHD SMART TV;ELECTRONICA MAYOR
6544082;;F;73;CHILENO;;Silencioso;ANGOL                         ;ARAUCANIA;444970;3;3;0;0;0;3;3;444970;LED 50 KEUH50 SMART TV UHD;ELECTRONICA MAYOR
19068238;Soltero;F;27;CHILENO;;Z;PROVIDENCIA                   ;METROPOLITANA;389990;2;1;2;1;389990;0;0;0;QLED 50 QN50Q60AAGXZS 4K UHD SMART TV;ELECTRONICA MAYOR
9182424;;M;57;CHILENO;;Boomers;VINA DEL MAR                  ;VALPARAISO;183750;2;1;0;0;0;2;1;183750;LED 40 KEHD4020 SMART TV;ELECTRONICA MAYOR
16318484;;M;35;CHILENO;;Millenial;LA FLORIDA                    ;METROPOLITANA;518820;4;1;0;0;0;4;1;518820;LED 50 UN50TU7090GXZS UHD SMART TV;ELECTRONICA MAYOR
8429706;;F;68;CHILENO;;Silencioso;QUINCHAO                      ;LOS LAGOS;197980;2;1;0;0;0;2;1;197980;LED 42 KHFH4221 SMART TV;ELECTRONICA MAYOR
12966540;;F;45;CHILENO;;X;RETIRO                        ;MAULE;183970;3;3;0;0;0;3;3;183970;PARLANTE ULTRAMEGA;ELECTRONICA MAYOR
6464410;;F;69;CHILENO;;Silencioso;NUEVA IMPERIAL                ;ARAUCANIA;329990;1;1;0;0;0;1;1;329990;LED 55 55P615 UHD ANDROID TV 4K;ELECTRONICA MAYOR
18062156;Soltero;M;31;CHILENO;;Millenial;"";"";402970;3;2;0;0;0;3;2;402970;LED 55UP7500 UHD SMART;ELECTRONICA MAYOR
16194144;Casado;F;35;CHILENO;;Millenial;RENCA                         ;METROPOLITANA;290980;2;1;0;0;0;2;1;290980;LED 58 KEUH5821 SMART TV UHD;ELECTRONICA MAYOR
9079281;;M;60;CHILENO;;Boomers;SAN FERNANDO                  ;L.G.B.OÂ´HIGGINS;1684881;14;4;0;0;0;14;4;1684881;LED 40 KEHD4020 SMART TV;ELECTRONICA MAYOR
12569315;Casado;M;48;CHILENO;;X;RENCA                         ;METROPOLITANA;832950;5;3;0;0;0;5;3;832950;LED 50 50NANO75 NanoCell UHD SMART + MAGIC;ELECTRONICA MAYOR
13817940;;M;42;CHILENO;;X;PROVIDENCIA                   ;METROPOLITANA;865960;4;2;4;2;865960;0;0;0;LED 43 UN43TU7090GXZS UHD SMART TV;ELECTRONICA MAYOR
11305624;;F;53;CHILENO;;X;LONGAVI                       ;MAULE;389990;1;1;0;0;0;1;1;389990;LED 58 UN58AU7000GXZS UHD 4K SMART TV;ELECTRONICA MAYOR
15060472;;F;40;CHILENO;;X;CALLE LARGA                   ;VALPARAISO;79990;1;1;0;0;0;1;1;79990;PARLANTE MGVIPER;ELECTRONICA MAYOR
15765686;;F;38;CHILENO;;Millenial;VINA DEL MAR                  ;VALPARAISO;350960;5;3;0;0;0;5;3;350960;LED 50 KEUH50 SMART TV UHD;ELECTRONICA MAYOR
13088623;;F;46;CHILENO;;X;BUIN                          ;METROPOLITANA;169970;3;4;0;0;0;3;4;169970;PARLANTE ULTRAMAGIC;ELECTRONICA MAYOR
14041586;;M;40;CHILENO;;X;ANCUD                         ;LOS LAGOS;400960;4;2;0;0;0;4;2;400960;LED 55 KEUH5521 SMART TV UHD;ELECTRONICA MAYOR
13598073;Casado;M;42;CHILENO;;X;N/D;N/D;484960;6;3;0;0;0;6;3;484960;2a ELECTRONICA MAYOR;ELECTRONICA MAYOR
14243674;;F;49;CHILENO;;X;RANCAGUA;O HIGGINS;46990;3;2;0;0;0;3;2;46990;KARAOKE STREET SONG 4 MICÂ CABLEÂ BLACK 8900;ELECTRONICA MAYOR
15444552;;M;39;CHILENO;;X;PROVIDENCIA                   ;METROPOLITANA;289980;2;2;0;0;0;2;2;289980;LED 43 43P615 ANDROID TV UHD 4K PASSION LINE;ELECTRONICA MAYOR
26918079;;M;31;HAITIANO;;Extranjero;PUERTO MONTT                  ;LOS LAGOS;222980;2;1;0;0;0;2;1;222980;LED 40 UN40T5290AGXZS FHD SMART TV;ELECTRONICA MAYOR
8136709;;F;62;CHILENO;;Boomers;ARICA                         ;ARICA Y PARINACOTA;257970;3;1;0;0;0;3;1;257970;MONITOR 24 24TL520S SMART TV HD;ELECTRONICA MAYOR
12139248;;F;48;CHILENO;;X;NANCAGUA                      ;L.G.B.OÂ´HIGGINS;192970;3;1;0;0;0;3;1;192970;LED 32 UN32T4300AGXZS HD SMART TV;ELECTRONICA MAYOR
8133721;;M;60;CHILENO;;Boomers;VALPARAISO                    ;VALPARAISO;140000;1;1;0;0;0;1;1;140000;LED 32 CS32S1 SMART TV HD NEGRO;ELECTRONICA MAYOR
13239829;;M;44;CHILENO;;X;RENCA                         ;METROPOLITANA;242980;2;1;0;0;0;2;1;242980;LED 42 KHFH4221 SMART TV;ELECTRONICA MAYOR
13627555;;M;42;CHILENO;;X;N/D;N/D;674960;4;3;0;0;0;4;3;674960;LED 50 KEUH50 SMART TV UHD;ELECTRONICA MAYOR
6200532;;F;71;CHILENO;;Silencioso;LOS ANGELES                   ;BIO BIO;954420;7;2;0;0;0;7;2;954420;LED 55 NanoCell 55NANO75 UHD SMART + MAGIC;ELECTRONICA MAYOR
13365488;;M;44;CHILENO;;X;PROVIDENCIA                   ;METROPOLITANA;259990;1;1;0;0;0;1;1;259990;LED 43 UN43TU7090GXZS UHD SMART TV;ELECTRONICA MAYOR
9943017;;M;59;CHILENO;;Boomers;TEMUCO                        ;ARAUCANIA;288980;2;2;0;0;0;2;2;288980;LED 43 43UP7500 UHD SMART TV;ELECTRONICA MAYOR
3971832;;M;82;CHILENO;;Silencioso;PADRE LAS CASAS               ;ARAUCANIA;370960;4;2;0;0;0;4;2;370960;LED 40 UN40T5290AGXZS FHD SMART TV;ELECTRONICA MAYOR
15085266;;F;39;CHILENO;;X;N/D;N/D;855410;9;5;9;5;855410;0;0;0;LED 43 UN43T5202AGXZS FHD SMART TV;ELECTRONICA MAYOR
13714928;;F;43;CHILENO;;X;MAIPU                         ;METROPOLITANA;368960;5;2;2;1;243980;3;1;124980;MINICOMPONENTE RN9;ELECTRONICA MAYOR
7880745;Casado;M;65;CHILENO;;Boomers;SAN JAVIER                    ;MAULE;314940;6;6;0;0;0;6;6;314940;LED KIOTO 32 MI3228 SMART TV;ELECTRONICA MAYOR
17444093;Soltero;M;32;CHILENO;PROFESOR;Millenial;PROVIDENCIA                   ;METROPOLITANA;205980;2;1;0;0;0;2;1;205980;PARLANTE ULTRAFORCE-I;ELECTRONICA MAYOR
7061354;;M;62;CHILENO;;Boomers;PUCON                         ;ARAUCANIA;149980;2;1;0;0;0;2;1;149980;MINICOMPONENTE CJ45;ELECTRONICA MAYOR
18448025;;F;29;CHILENO;;Millenial;N/D;N/D;414970;4;1;0;0;0;4;1;414970;LED 42 KHFH4221 SMART TV;ELECTRONICA MAYOR
17942983;;M;30;CHILENO;;Millenial;"";"";389990;2;1;0;0;0;2;1;389990;LED 50 KEUH50 SMART TV UHD;ELECTRONICA MAYOR
15152545;;M;40;CHILENO;;X;PROVIDENCIA                   ;METROPOLITANA;159990;1;1;0;0;0;1;1;159990;LED 32 UN32T4300AGXZS HD SMART TV;ELECTRONICA MAYOR
6494256;Casado;M;70;CHILENO;;Silencioso;PROVIDENCIA                   ;METROPOLITANA;32990;1;1;0;0;0;1;1;32990;KARAOKE FUNKY DISCO;ELECTRONICA MAYOR
16357198;;M;36;CHILENO;;Millenial;PROVIDENCIA                   ;METROPOLITANA;441870;2;1;0;0;0;2;1;441870;LED 58 UN58AU7000GXZS UHD 4K SMART TV;ELECTRONICA MAYOR
7360754;Casado;M;62;CHILENO;;Boomers;PROVIDENCIA                   ;METROPOLITANA;259990;1;1;0;0;0;1;1;259990;LED 43 UN43TU7090GXZS UHD SMART TV;ELECTRONICA MAYOR
20794341;;F;24;CHILENO;;Millenial;FREIRE                        ;ARAUCANIA;14990;1;1;0;0;0;1;1;14990;PARLANTE KARAOKE 8 MAXEIGHT;ELECTRONICA MAYOR
10412015;;F;56;CHILENO;;Boomers;PICHIDEGUA                    ;L.G.B.OÂ´HIGGINS;489990;1;1;0;0;0;1;1;489990;LED 60UP7750 UHD SMART + MAGIC;ELECTRONICA MAYOR
15926145;;M;36;CHILENO;;Millenial;SANTA BARBARA                 ;BIO BIO;127370;2;1;0;0;0;2;1;127370;PARLANTE ULTRAMAGIC;ELECTRONICA MAYOR
17124646;;F;33;CHILENO;;Millenial;N/D;N/D;479970;3;3;3;3;479970;0;0;0;LED 50 KEUH50 SMART TV UHD;ELECTRONICA MAYOR
12736044;;F;47;CHILENO;;X;RENCA                         ;METROPOLITANA;439330;6;4;0;0;0;6;4;439330;LED 43 Full HD Smart TV 43PFD6825;ELECTRONICA MAYOR
10810261;;F;57;CHILENO;;Boomers;ARAUCO                        ;BIO BIO;209990;1;1;0;0;0;1;1;209990;LED 43 Full HD Smart TV 43PFD6825;ELECTRONICA MAYOR
15448929;;F;39;CHILENO;;X;SANTIAGO                      ;METROPOLITANA;305970;3;3;0;0;0;3;3;305970;LED 40 UN40T5290AGXZS FHD SMART TV;ELECTRONICA MAYOR
12634807;;F;47;CHILENO;;X;RENCA                         ;METROPOLITANA;249990;2;1;2;1;249990;0;0;0;LED 50 50PUD7625 SMART TV ULTRA HD 4K;ELECTRONICA MAYOR
6743289;;M;73;CHILENO;;Silencioso;SAN ANTONIO                   ;VALPARAISO;480960;4;1;0;0;0;4;1;480960;LED 58 UN58AU7000GXZS UHD 4K SMART TV;ELECTRONICA MAYOR
14106857;;F;41;CHILENO;;X;ALTO HOSPICIO;TARAPACA;435950;5;5;0;0;0;5;5;435950;LED 32 UN32T4300AGXZS HD SMART TV;ELECTRONICA MAYOR
13824082;;M;42;CHILENO;;Silencioso;PROVIDENCIA                   ;METROPOLITANA;195980;2;1;0;0;0;2;1;195980;PARLANTE ULTRAFORCE-I;ELECTRONICA MAYOR
25766029;;F;29;EXTRANJERO - NO INFORMA NACIONALIDAD;;Extranjero;SANTIAGO                      ;METROPOLITANA;337980;2;1;0;0;0;2;1;337980;LED 50 UN50TU7090GXZS UHD SMART TV;ELECTRONICA MAYOR
17803703;;F;31;CHILENO;;Millenial;PROVIDENCIA                   ;METROPOLITANA;492970;3;1;0;0;0;3;1;492970;LED 55 NanoCell 55NANO75 UHD SMART + MAGIC;ELECTRONICA MAYOR
18331443;Soltero;M;29;CHILENO;;Millenial;PUMANQUE;O HIGGINS;408990;3;1;0;0;0;3;1;408990;LED 55 UN55TU7090GXZS SMART TV UHD;ELECTRONICA MAYOR
8371013;;F;65;CHILENO;;Boomers;PELARCO                       ;MAULE;237460;7;2;0;0;0;7;2;237460;KARAOKE STREET SONG 4 MICÂ CABLEÂ BLACK 8900;ELECTRONICA MAYOR
15272492;;M;40;CHILENO;;X;IQUIQUE                       ;TARAPACA;637510;5;3;5;3;637510;0;0;0;LED 58 UN58AU7000GXZS UHD 4K SMART TV;ELECTRONICA MAYOR
8558033;;F;59;CHILENO;;Boomers;NATALES                       ;MAGALLANES;159990;1;1;0;0;0;1;1;159990;LED 43 43S5295 SMART TV FHD;ELECTRONICA MAYOR
17401279;;F;32;CHILENO;;Millenial;"";"";275940;6;1;0;0;0;6;1;275940;PARLANTE ULTRAFORCE-I;ELECTRONICA MAYOR
12789258;;M;47;CHILENO;;X;LINARES                       ;MAULE;154980;2;1;0;0;0;2;1;154980;LED KIOTO 32 MI3228 SMART TV;ELECTRONICA MAYOR
12311855;;M;50;CHILENO;;X;"";"";879980;2;1;0;0;0;2;1;879980;QLED 65 QN65Q70AAGXZS 4K UHD SMART TV;ELECTRONICA MAYOR
7702914;;F;62;CHILENO;;Boomers;ARICA                         ;ARICA Y PARINACOTA;309990;2;1;0;0;0;2;1;309990;LED 58 KEUH5821 SMART TV UHD;ELECTRONICA MAYOR
6225578;Viudo;F;74;CHILENO;;Silencioso;EL TABO                       ;VALPARAISO;517970;4;2;0;0;0;4;2;517970;LED 40 KEHD4020 SMART TV;ELECTRONICA MAYOR
20223675;;M;23;CHILENO;;Z;N/D;N/D;159990;2;1;2;1;159990;0;0;0;LED 32 UN32T4300AGXZS HD SMART TV;ELECTRONICA MAYOR
20263337;;F;22;CHILENO;;Silencioso;PROVIDENCIA                   ;METROPOLITANA;169990;1;1;0;0;0;1;1;169990;LED 32 UN32T4300AGXZS HD SMART TV;ELECTRONICA MAYOR
11591873;;F;52;CHILENO;;X;PROVIDENCIA                   ;METROPOLITANA;455980;2;1;2;1;455980;0;0;0;LED 60 UN60AU8000GXZS UHD SMART TV;ELECTRONICA MAYOR
15502144;;F;39;CHILENO;;X;PICHILEMU                     ;L.G.B.OÂ´HIGGINS;179990;1;1;0;0;0;1;1;179990;LED 42 KHFH4221 SMART TV;ELECTRONICA MAYOR
7398011;Casado;M;65;CHILENO;;Boomers;FREIRINA                      ;ATACAMA;299990;1;1;0;0;0;1;1;299990;LED 50 50UP7500 UHD SMART TV;ELECTRONICA MAYOR
13019636;;M;46;CHILENO;;X;PROVIDENCIA                   ;METROPOLITANA;249990;1;3;2;2;499980;-1;1;-249990;LED 43 UN43TU7090GXZS UHD SMART TV;ELECTRONICA MAYOR
7646953;;M;61;CHILENO;;Boomers;OVALLE                        ;COQUIMBO;159990;1;1;0;0;0;1;1;159990;LED 32 32S60-32P ANDROID TV SMART LINE HD;ELECTRONICA MAYOR
4937356;;M;76;CHILENO;;Silencioso;TEMUCO                        ;ARAUCANIA;359990;1;1;0;0;0;1;1;359990;LED 55UP7500 UHD SMART;ELECTRONICA MAYOR
14187209;;M;41;CHILENO;;X;LA FLORIDA                    ;METROPOLITANA;403960;5;2;0;0;0;5;2;403960;LED 42 KHFH4221 SMART TV;ELECTRONICA MAYOR
15056640;;F;40;CHILENO;;X;LA LIGUA                      ;VALPARAISO;604970;3;2;2;1;274980;1;1;329990;LED 50 UN50TU7090GXZS UHD SMART TV;ELECTRONICA MAYOR
20324550;;F;21;CHILENO;;Millenial;"";"";221690;3;1;3;1;221690;0;0;0;LED 42 KHFH4221 SMART TV;ELECTRONICA MAYOR
25630552;Soltero;M;47;ECUATORIANO;;Extranjero;PENALOLEN                     ;METROPOLITANA;399990;1;1;0;0;0;1;1;399990;LED 65 KEUH6521 SMART TV UHD;ELECTRONICA MAYOR
16444193;;F;35;CHILENO;;Millenial;LOS VILOS;COQUIMBO;187970;3;1;3;1;187970;0;0;0;LED 40 KEHD4020 SMART TV;ELECTRONICA MAYOR
6017795;;F;75;CHILENO;;Silencioso;COINCO                        ;L.G.B.OÂ´HIGGINS;291980;2;1;0;0;0;2;1;291980;LED 43 UN43TU7090GXZS UHD SMART TV;ELECTRONICA MAYOR
12535454;;M;49;CHILENO;;X;PROVIDENCIA                   ;METROPOLITANA;229990;1;1;0;0;0;1;1;229990;LED 40 UN40T5290AGXZS FHD SMART TV;ELECTRONICA MAYOR
16927991;;M;33;CHILENO;;Millenial;COQUIMBO                      ;COQUIMBO;1099950;5;5;0;0;0;5;5;1099950;LED 58 UN58AU7000GXZS UHD 4K SMART TV;ELECTRONICA MAYOR
19916712;;M;23;CHILENO;;Z;SAN BERNARDO                  ;METROPOLITANA;369990;1;1;0;0;0;1;1;369990;LED 55UP7500 UHD SMART;ELECTRONICA MAYOR
11800951;;F;51;CHILENO;;X;TEMUCO                        ;ARAUCANIA;64980;2;1;0;0;0;2;1;64980;PARLANTE KARAOKE PINGUINO PORTATIL NEGRO;ELECTRONICA MAYOR
5509624;;M;74;CHILENO;;Silencioso;LA PINTANA                    ;METROPOLITANA;234980;2;2;0;0;0;2;2;234980;LED 42 KHFH4221 SMART TV;ELECTRONICA MAYOR
11770949;;F;51;CHILENO;;X;CHILLAN                       ;NUBLE;179990;1;1;0;0;0;1;1;179990;LED 40 KEHD4020 SMART TV;ELECTRONICA MAYOR
8738172;;M;62;CHILENO;;Boomers;SAN PEDRO DE LA PAZ           ;BIO BIO;69990;1;1;0;0;0;1;1;69990;PARLANTE SENSEIGTH K3175;ELECTRONICA MAYOR
16857271;;F;34;CHILENO;;Millenial;CONSTITUCION                  ;MAULE;149990;1;1;0;0;0;1;1;149990;LED KIOTO 32 MI3228 SMART TV;ELECTRONICA MAYOR
13119432;;M;46;CHILENO;;X;"";"";34990;1;1;0;0;0;1;1;34990;KARAOKE FUNKY DISCO;ELECTRONICA MAYOR
7488415;;F;68;CHILENO;;Silencioso;SAGRADA FAMILIA               ;MAULE;54980;2;1;0;0;0;2;1;54980;KARAOKE PORTATIL TWO-EIGHT 8860;ELECTRONICA MAYOR
8384383;;F;70;CHILENO;;Silencioso;PROVIDENCIA                   ;METROPOLITANA;194970;3;2;0;0;0;3;2;194970;MINICOMPONENTE OL45;ELECTRONICA MAYOR
4844890;;M;80;CHILENO;;Silencioso;RANCAGUA                      ;L.G.B.OÂ´HIGGINS;192970;3;1;0;0;0;3;1;192970;LED KIOTO 32 MI3228 SMART TV;ELECTRONICA MAYOR
9420590;;F;57;CHILENO;;Boomers;SAN CARLOS                    ;BIO BIO;295152;4;3;0;0;0;4;3;295152;LED 43 Full HD Smart TV 43PFD6825;ELECTRONICA MAYOR
17447347;;F;32;CHILENO;;Millenial;SAN JAVIER                    ;MAULE;273940;7;4;3;1;73970;4;3;199970;PARLANTE KARAOKE 8 MAXEIGHT;ELECTRONICA MAYOR
6490216;;F;66;CHILENO;;Boomers;LAS CABRAS                    ;L.G.B.OÂ´HIGGINS;396970;3;2;0;0;0;3;2;396970;LED 43 Full HD Smart TV 43PFD6825;ELECTRONICA MAYOR
18209603;Soltero;F;29;CHILENO;ENFERMERA;Millenial;CAUQUENES                     ;MAULE;241980;4;2;0;0;0;4;2;241980;LED 32 CS32S1 SMART TV HD NEGRO;ELECTRONICA MAYOR
9929747;;M;58;CHILENO;;Boomers;TALCA                         ;MAULE;693940;6;2;0;0;0;6;2;693940;LED 43 43LM6370 SMART TV FHD;ELECTRONICA MAYOR
8014434;Casado;M;52;CHILENO;;X;PROVIDENCIA                   ;METROPOLITANA;224980;2;1;0;0;0;2;1;224980;LED 32 UN32T4300AGXZS HD SMART TV;ELECTRONICA MAYOR
16115059;;F;37;CHILENO;;Millenial;N/D;N/D;242970;3;2;0;0;0;3;2;242970;PARLANTE ULTRASENSATION;ELECTRONICA MAYOR
14743483;;F;47;CHILENO;;Extranjero;PROVIDENCIA                   ;METROPOLITANA;263980;2;1;2;1;263980;0;0;0;LED 50 50P615-50P ANDROID TV PASSION LINE UHD 4K;ELECTRONICA MAYOR
15438203;Casado;F;40;CHILENO;;X;PROVIDENCIA                   ;METROPOLITANA;277980;2;1;0;0;0;2;1;277980;LED 50 50PUD7625 SMART TV ULTRA HD 4K;ELECTRONICA MAYOR
10349497;Soltero;M;53;CHILENO;;X;PROVIDENCIA                   ;METROPOLITANA;34990;1;1;0;0;0;1;1;34990;SOUNDBAR XTS-801 Negro 40W;ELECTRONICA MAYOR
10986535;;F;50;CHILENO;;X;LA CISTERNA                   ;METROPOLITANA;199990;1;1;0;0;0;1;1;199990;LED 40 UN40T5290AGXZS FHD SMART TV;ELECTRONICA MAYOR
13149915;;F;45;CHILENO;;X;CANETE                        ;BIO BIO;173960;4;2;0;0;0;4;2;173960;PARLANTE SPBYF7 PORTATIL;ELECTRONICA MAYOR
8195009;;F;62;CHILENO;;Boomers;LAMPA                         ;METROPOLITANA;658510;7;2;0;0;0;7;2;658510;LED 32 UN32T4300AGXZS HD SMART TV;ELECTRONICA MAYOR
9532921;;F;60;CHILENO;;Boomers;VALLENAR;ATACAMA;149980;2;1;0;0;0;2;1;149980;PARLANTE MEGALUX K2777;ELECTRONICA MAYOR
17602038;;F;31;CHILENO;;Millenial;N/D;N/D;49990;1;1;0;0;0;1;1;49990;PARLANTE KARAOKE 12 FM/BT/USB;ELECTRONICA MAYOR
7838009;;M;66;CHILENO;;Boomers;PUERTO MONTT                  ;LOS LAGOS;289990;1;1;0;0;0;1;1;289990;LED 43 43UP7500 UHD SMART TV;ELECTRONICA MAYOR
16206476;;F;36;CHILENO;;Millenial;ANCUD;LOS LAGOS;154990;3;2;0;0;0;3;2;154990;LED 32 CS32S1 SMART TV HD NEGRO;ELECTRONICA MAYOR
5239932;;M;77;CHILENO;;Silencioso;NACIMIENTO                    ;BIO BIO;913570;10;4;0;0;0;10;4;913570;LED 43 Full HD Smart TV 43PFD6825;ELECTRONICA MAYOR
8760624;;F;62;CHILENO;;Boomers;CORONEL                       ;BIO BIO;429970;3;2;0;0;0;3;2;429970;LED 43 UN43TU7090GXZS UHD SMART TV;ELECTRONICA MAYOR
14234382;;M;53;CHILENO;;X;IQUIQUE                       ;TARAPACA;191980;2;1;0;0;0;2;1;191980;LED 32 32S5295 SMART TV HD;ELECTRONICA MAYOR
9564450;;M;60;CHILENO;;Boomers;TEMUCO                        ;ARAUCANIA;304959;5;2;0;0;0;5;2;304959;MINICOMPONENTE OL45;ELECTRONICA MAYOR
16156569;;F;37;CHILENO;;Millenial;"";"";245830;3;2;2;1;115840;1;1;129990;LED KIOTO 32 MI3228 SMART TV;ELECTRONICA MAYOR
18200300;;F;30;CHILENO;;Millenial;SANTIAGO                      ;METROPOLITANA;438970;3;1;0;0;0;3;1;438970;LED 55UP7500 UHD SMART;ELECTRONICA MAYOR
10941296;;F;55;CHILENO;;Boomers;PROVIDENCIA                   ;METROPOLITANA;59980;2;1;0;0;0;2;1;59980;PARLANTE COBRA;ELECTRONICA MAYOR
11569984;;F;52;CHILENO;;X;N/D;N/D;345860;3;2;0;0;0;3;2;345860;PARLANTE COBRA;ELECTRONICA MAYOR
6971036;;F;68;CHILENO;;Silencioso;PROVIDENCIA                   ;METROPOLITANA;139990;1;1;0;0;0;1;1;139990;LED 32 KHHD3221 SMART TV;ELECTRONICA MAYOR
8730265;;F;60;CHILENO;;Boomers;ILLAPEL                       ;COQUIMBO;50982;2;1;0;0;0;2;1;50982;PARLANTE KARAOKE 12 FM/BT/USB;ELECTRONICA MAYOR
14621140;Soltero;F;42;CHILENO;;X;CURICO                        ;MAULE;69990;1;1;0;0;0;1;1;69990;PARLANTE KARAOKE MGROKR NEGRO;ELECTRONICA MAYOR
13358684;;M;44;CHILENO;;X;FREIRINA                      ;ATACAMA;159990;1;1;0;0;0;1;1;159990;LED 32 32PHD6825 HD SMART TV;ELECTRONICA MAYOR
24651181;;M;42;PERUANO;;Extranjero;N/D;N/D;1091950;5;1;0;0;0;5;1;1091950;LED NanoCell 65NANO75 UHD SMART + MAGIC;ELECTRONICA MAYOR
12398907;;M;48;CHILENO;;X;ILLAPEL                       ;COQUIMBO;491980;2;1;0;0;0;2;1;491980;LED 65 KEUH6521 SMART TV UHD;ELECTRONICA MAYOR
11526827;;M;52;CHILENO;;X;PROVIDENCIA                   ;METROPOLITANA;164980;2;1;0;0;0;2;1;164980;PARLANTE ULTRAFUSION;ELECTRONICA MAYOR
4456238;;F;81;CHILENO;;Silencioso;MELIPILLA                     ;METROPOLITANA;499980;2;1;0;0;0;2;1;499980;LED 60 UN60AU8000GXZS UHD SMART TV;ELECTRONICA MAYOR
14388297;;M;44;CHILENO;;X;LINARES                       ;MAULE;357960;4;2;0;0;0;4;2;357960;LED 32 KHHD3221 SMART TV;ELECTRONICA MAYOR
18375640;;F;29;CHILENO;;Millenial;"";"";371970;3;2;3;2;371970;0;0;0;LED 32 UN32T4300AGXZS HD SMART TV;ELECTRONICA MAYOR
9313590;;F;60;CHILENO;;Boomers;N/D;N/D;233980;2;1;0;0;0;2;1;233980;LED 32LM637B HD SMART;ELECTRONICA MAYOR
18252774;;F;29;CHILENO;;Millenial;N/D;N/D;289990;1;1;1;1;289990;0;0;0;LED 50 50PUD7625 SMART TV ULTRA HD 4K;ELECTRONICA MAYOR
9672380;;F;57;CHILENO;;Boomers;RENCA                         ;METROPOLITANA;189990;1;1;0;0;0;1;1;189990;LED 32LM637B HD SMART;ELECTRONICA MAYOR
12936014;;F;47;CHILENO;;X;COIHAIQUE                     ;AYSEN;409980;2;1;0;0;0;2;1;409980;LED 50 UN50TU7090GXZS UHD SMART TV;ELECTRONICA MAYOR
15800791;;F;38;CHILENO;;Millenial;PROVIDENCIA                   ;METROPOLITANA;237870;2;2;0;0;0;2;2;237870;LED 40 UN40T5290AGXZS FHD SMART TV;ELECTRONICA MAYOR
11861124;;F;51;CHILENO;;X;MAIPU                         ;METROPOLITANA;359980;2;1;0;0;0;2;1;359980;LED 40 KEHD4020 SMART TV;ELECTRONICA MAYOR
15241798;;M;51;CHILENO;;X;SAAVEDRA                      ;ARAUCANIA;353960;4;2;0;0;0;4;2;353960;LED KIOTO 32 MI3228 SMART TV;ELECTRONICA MAYOR
13394261;;F;43;CHILENO;;X;CONTULMO                      ;BIO BIO;309990;2;1;0;0;0;2;1;309990;LED 50 50PUD7625 SMART TV ULTRA HD 4K;ELECTRONICA MAYOR
16326266;;F;35;CHILENO;;Millenial;OVALLE                        ;COQUIMBO;239980;2;2;1;1;39990;1;1;199990;PARLANTE KARAOKE 12 FM/BT/USB;ELECTRONICA MAYOR
13768051;;M;43;CHILENO;;X;SAN ANTONIO                   ;VALPARAISO;129990;1;1;0;0;0;1;1;129990;PARLANTE ULTRAFUSION;ELECTRONICA MAYOR
5720979;;F;73;CHILENO;;Silencioso;ARICA                         ;ARICA Y PARINACOTA;445980;2;1;0;0;0;2;1;445980;LED 50 50NANO75 NanoCell UHD SMART + MAGIC;ELECTRONICA MAYOR
19502195;;F;25;CHILENO;;Z;CALBUCO                       ;LOS LAGOS;147980;2;1;0;0;0;2;1;147980;PARLANTE ULTRAMAGIC;ELECTRONICA MAYOR
15201607;;M;40;CHILENO;;X;CANETE                        ;BIO BIO;120980;2;1;0;0;0;2;1;120980;KARAOKE 15 HEAVY BASS MIC INA CON ATRIL 8892;ELECTRONICA MAYOR
15707876;;F;38;CHILENO;;X;N/D;N/D;389970;3;2;2;1;139980;1;1;249990;LED 43 UN43TU7090GXZS UHD SMART TV;ELECTRONICA MAYOR
15176065;;M;40;CHILENO;;X;PROVIDENCIA                   ;METROPOLITANA;32990;1;1;0;0;0;1;1;32990;KARAOKE DEPP BOUNCE 2 MIC ORANGE 8904;ELECTRONICA MAYOR
14422989;;F;58;CHILENO;;Boomers;PARRAL                        ;MAULE;491980;2;1;0;0;0;2;1;491980;LED 55UP7500 UHD SMART;ELECTRONICA MAYOR
12387086;;M;49;CHILENO;;X;RENAICO                       ;ARAUCANIA;39990;1;1;0;0;0;1;1;39990;PARLANTE SPBYF7 PORTATIL;ELECTRONICA MAYOR
5478318;;M;75;CHILENO;;Silencioso;PUENTE ALTO                   ;METROPOLITANA;703430;6;2;0;0;0;6;2;703430;LED 50 50PUD7625 SMART TV ULTRA HD 4K;ELECTRONICA MAYOR
15436445;;M;40;CHILENO;;Millenial;PROVIDENCIA                   ;METROPOLITANA;209990;1;1;0;0;0;1;1;209990;LED 40 UN40T5290AGXZS FHD SMART TV;ELECTRONICA MAYOR
11500254;;F;53;CHILENO;;X;RENCA                         ;METROPOLITANA;249990;1;1;0;0;0;1;1;249990;LED 43 43LM6370 SMART TV FHD;ELECTRONICA MAYOR
24782261;;F;40;BOLIVIANO;;Extranjero;CALAMA                        ;ANTOFAGASTA;494980;2;2;0;0;0;2;2;494980;LED 60UP7750 UHD SMART + MAGIC;ELECTRONICA MAYOR
7754027;;F;67;CHILENO;;Boomers;VICTORIA                      ;ARAUCANIA;199980;2;1;0;0;0;2;1;199980;LED 32 UN32T4300AGXZS HD SMART TV;ELECTRONICA MAYOR
18320219;Soltero;M;29;CHILENO;;Millenial;"";"";349990;1;1;1;1;349990;0;0;0;LED 58 58PUD7625 BORDES ULTRA DELGADOS 4K UHD;ELECTRONICA MAYOR
25548359;;F;30;COLOMBIANO;;Extranjero;"";"";571940;6;3;0;0;0;6;3;571940;PARLANTE SENSEIGTH K3175;ELECTRONICA MAYOR
15794332;;F;37;CHILENO;;Millenial;PUDAHUEL;METROPOLITANA;183980;2;1;2;1;183980;0;0;0;LED 43 43S5305 SMART TV FULL HD;ELECTRONICA MAYOR
13940642;;M;42;CHILENO;;X;CAUQUENES                     ;MAULE;470981;3;1;0;0;0;3;1;470981;LED 58 UN58AU7000GXZS UHD 4K SMART TV;ELECTRONICA MAYOR
18026831;Soltero;M;30;CHILENO;PUBLICISTA;Millenial;PROVIDENCIA                   ;METROPOLITANA;94990;1;1;0;0;0;1;1;94990;KARAOKE 15 HEAVY BASS MIC INA CON ATRIL 8892;ELECTRONICA MAYOR
16696640;;M;35;CHILENO;;Millenial;LA FLORIDA                    ;METROPOLITANA;183980;2;1;2;1;183980;0;0;0;LED 43 43S5305 SMART TV FULL HD;ELECTRONICA MAYOR
17962783;Soltero;F;30;CHILENO;;Millenial;PROVIDENCIA                   ;METROPOLITANA;56970;3;2;0;0;0;3;2;56970;PARLANTE KARAOKE 8 MAXEIGHT;ELECTRONICA MAYOR
17446294;;M;36;CHILENO;;Millenial;PROVIDENCIA                   ;METROPOLITANA;269980;2;2;0;0;0;2;2;269980;LED KIOTO 32 MI3228 SMART TV;ELECTRONICA MAYOR
17305305;;M;32;CHILENO;;Millenial;PROVIDENCIA                   ;METROPOLITANA;286980;2;1;2;1;286980;0;0;0;LED 50 50P615-50P ANDROID TV PASSION LINE UHD 4K;ELECTRONICA MAYOR
16194163;;M;35;CHILENO;;Millenial;N/D;N/D;34990;1;1;0;0;0;1;1;34990;MLAB KARAOKE 8 CITY SET MICROFONO INALAMBRICO AT;ELECTRONICA MAYOR
24496522;;M;39;COLOMBIANO;;Extranjero;"";"";423530;3;4;2;1;408540;1;3;14990;LED 58 UN58AU7000GXZS UHD 4K SMART TV;ELECTRONICA MAYOR
9753599;;F;58;CHILENO;;Boomers;PENCO                         ;BIO BIO;397980;2;1;0;0;0;2;1;397980;LED 50 UN50TU7090GXZS UHD SMART TV;ELECTRONICA MAYOR
14264272;;M;53;CHILENO;;X;ALTO DEL CARMEN               ;ATACAMA;64990;1;1;0;0;0;1;1;64990;PARLANTE SENSEIGTH K3175;ELECTRONICA MAYOR
19224605;Soltero;F;26;CHILENO;;Z;PROVIDENCIA                   ;METROPOLITANA;79990;1;1;0;0;0;1;1;79990;PARLANTE KARAOKE MGROKR NEGRO;ELECTRONICA MAYOR
6910243;;F;65;CHILENO;;Boomers;QUILPUE                       ;VALPARAISO;137980;2;1;0;0;0;2;1;137980;PARLANTE MEGALUX K2777;ELECTRONICA MAYOR
16946104;;M;34;CHILENO;;Millenial;TEMUCO                        ;ARAUCANIA;463970;3;2;0;0;0;3;2;463970;LED 65 KEUH6521 SMART TV UHD;ELECTRONICA MAYOR
15200679;;M;28;CHILENO;;Millenial;LOS ALAMOS                    ;BIO BIO;49990;1;1;0;0;0;1;1;49990;PARLANTE COBRA;ELECTRONICA MAYOR
13774921;;F;42;CHILENO;;X;CHEPICA                       ;L.G.B.OÂ´HIGGINS;389530;3;2;2;1;364540;1;1;24990;PARLANTE KARAOKE 8 MAXEIGHT;ELECTRONICA MAYOR
26446858;;M;25;VENEZOLANO;;Extranjero;N/D;N/D;476970;3;1;0;0;0;3;1;476970;LED 58 UN58AU7000GXZS UHD 4K SMART TV;ELECTRONICA MAYOR
8379044;;F;65;CHILENO;;Boomers;PROVIDENCIA                   ;METROPOLITANA;169990;1;1;0;0;0;1;1;169990;LED 42 KHFH4221 SMART TV;ELECTRONICA MAYOR
10848825;;M;55;CHILENO;;Boomers;PUNTA ARENAS                  ;MAGALLANES;279990;1;1;0;0;0;1;1;279990;LED 43 UN43T5202AGXZS FHD SMART TV;ELECTRONICA MAYOR
9627612;;M;59;CHILENO;;Boomers;TIRUA                         ;BIO BIO;149990;1;1;0;0;0;1;1;149990;LED 42 KHFH4221 SMART TV;ELECTRONICA MAYOR
12310115;;M;49;CHILENO;;X;DALCAHUE                      ;LOS LAGOS;279980;2;2;0;0;0;2;2;279980;KARAOKE TRUE WIRELESS DUAL 10 PULGADAS LIGHT SHO;ELECTRONICA MAYOR
11327707;;F;54;CHILENO;;X;OVALLE                        ;COQUIMBO;49990;1;1;0;0;0;1;1;49990;PARLANTE KARAOKE 12 FM/BT/USB;ELECTRONICA MAYOR
18872602;;F;28;CHILENO;;Millenial;LEBU                          ;BIO BIO;825830;4;2;2;1;635840;2;1;189990;QLED 55 QN55Q70AAGXZS 4K UHD SMART TV;ELECTRONICA MAYOR
8218147;;M;63;CHILENO;;Boomers;VALPARAISO                    ;VALPARAISO;339980;2;4;2;1;174980;0;3;165000;LED 43 43S5305 SMART TV FULL HD;ELECTRONICA MAYOR
14162649;;M;40;CHILENO;;X;CERRO NAVIA                   ;METROPOLITANA;955960;5;1;5;1;955960;0;0;0;LED 40 UN40T5290AGXZS FHD SMART TV;ELECTRONICA MAYOR
19678460;;F;25;CHILENO;;Z;N/D;N/D;71270;2;1;0;0;0;2;1;71270;PARLANTE KARAOKE 12 FM/BT/USB;ELECTRONICA MAYOR
24356467;;F;52;NO INFORMA NACIONALIDAD;;Extranjero;ANTOFAGASTA                   ;ANTOFAGASTA;119990;1;1;0;0;0;1;1;119990;MINICOMPONENTE OL45;ELECTRONICA MAYOR
14374317;;F;46;CHILENO;;X;TALCAHUANO                    ;BIO BIO;239990;1;1;0;0;0;1;1;239990;LED 40 UN40T5290AGXZS FHD SMART TV;ELECTRONICA MAYOR
13038655;;M;45;CHILENO;;X;RENCA                         ;METROPOLITANA;129990;1;1;0;0;0;1;1;129990;LED 32 KHHD3221 SMART TV;ELECTRONICA MAYOR
12317925;;M;48;CHILENO;;X;CONSTITUCION                  ;MAULE;895400;9;2;0;0;0;9;2;895400;LED 55 55P615 UHD ANDROID TV 4K;ELECTRONICA MAYOR
13744414;;M;47;CHILENO;;X;COPIAPO                       ;ATACAMA;241999;3;1;0;0;0;3;1;241999;LED 42 KHFH4221 SMART TV;ELECTRONICA MAYOR
16557615;;F;41;CHILENO;;X;PENALOLEN                     ;METROPOLITANA;73980;2;1;2;1;73980;0;0;0;PARLANTE BOLA DISCO CON MICROFONO INAL;ELECTRONICA MAYOR
6828591;Casado;M;70;CHILENO;;Silencioso;RENCA                         ;METROPOLITANA;299990;1;1;0;0;0;1;1;299990;LED 43 43LM6370 SMART TV FHD;ELECTRONICA MAYOR
11543846;;M;52;CHILENO;;X;COCHAMO                       ;LOS LAGOS;139990;1;1;0;0;0;1;1;139990;LED KIOTO 32 MI3228 SMART TV;ELECTRONICA MAYOR
10141774;Casado;M;56;CHILENO;;Boomers;RENCA                         ;METROPOLITANA;69990;1;1;0;0;0;1;1;69990;PARLANTE KARAOKE MGROKR NEGRO;ELECTRONICA MAYOR
19853320;;F;23;CHILENO;;Z;CODEGUA                       ;L.G.B.OÂ´HIGGINS;114970;3;3;1;1;24990;2;2;89980;SOUNDBAR XTS-801 Negro 40W;ELECTRONICA MAYOR
14315010;;F;47;CHILENO;;X;PERALILLO                     ;L.G.B.OÂ´HIGGINS;109990;1;1;0;0;0;1;1;109990;PARLANTE ULTRAFUSION;ELECTRONICA MAYOR
11561560;;M;51;CHILENO;;X;SAN CLEMENTE                  ;MAULE;463990;3;2;0;0;0;3;2;463990;LED 50 UN50TU7090GXZS UHD SMART TV;ELECTRONICA MAYOR
10899310;;M;48;CHILENO;;X;SAN VICENTE                   ;L.G.B.OÂ´HIGGINS;338970;3;2;3;2;338970;0;0;0;LED 42 KHFH4221 SMART TV;ELECTRONICA MAYOR
10819051;;F;56;CHILENO;;Boomers;OVALLE                        ;COQUIMBO;109990;1;1;0;0;0;1;1;109990;PARLANTE ULTRAFUSION;ELECTRONICA MAYOR
10016111;;F;53;CHILENO;;X;RENCA                         ;METROPOLITANA;191540;2;1;2;1;191540;0;0;0;LED 42 KHFH4221 SMART TV;ELECTRONICA MAYOR
10792193;Soltero;M;55;CHILENO;;Boomers;RENCA                         ;METROPOLITANA;361550;4;2;0;0;0;4;2;361550;LED 43 Full HD Smart TV 43PFD6825;ELECTRONICA MAYOR
16554066;;F;34;CHILENO;;Millenial;N/D;N/D;722420;8;4;8;4;722420;0;0;0;LED 42 KHFH4221 SMART TV;ELECTRONICA MAYOR
19952224;;M;23;CHILENO;;Z;PROVIDENCIA                   ;METROPOLITANA;179640;2;1;2;1;179640;0;0;0;LED 40 KEHD4020 SMART TV;ELECTRONICA MAYOR
13301310;;M;45;CHILENO;;X;MACHALI                       ;L.G.B.OÂ´HIGGINS;304570;2;1;0;0;0;2;1;304570;LED 43 UN43TU7090GXZS UHD SMART TV;ELECTRONICA MAYOR
18919932;;M;27;CHILENO;;Z;N/D;N/D;179990;1;1;0;0;0;1;1;179990;LED 42 KHFH4221 SMART TV;ELECTRONICA MAYOR
18846431;;M;26;CHILENO;;Z;FRESIA                        ;LOS LAGOS;461870;2;1;0;0;0;2;1;461870;LED 55UP7500 UHD SMART;ELECTRONICA MAYOR
6357942;;M;71;CHILENO;;Boomers;NUEVA IMPERIAL                ;ARAUCANIA;119670;2;1;0;0;0;2;1;119670;PARLANTE KARAOKE MGROKR NEGRO;ELECTRONICA MAYOR
8536857;;F;64;CHILENO;;Boomers;VILLA ALEMANA                 ;VALPARAISO;297979;2;1;0;0;0;2;1;297979;LED 43 UN43TU7090GXZS UHD SMART TV;ELECTRONICA MAYOR
9885111;;M;57;CHILENO;;Boomers;N/D;N/D;643170;7;3;0;0;0;7;3;643170;LED 55 55P615 UHD ANDROID TV 4K;ELECTRONICA MAYOR
7850221;;M;63;CHILENO;;Boomers;PROVIDENCIA                   ;METROPOLITANA;147370;2;1;0;0;0;2;1;147370;PARLANTE ULTRAFUSION;ELECTRONICA MAYOR
12781157;Soltero;M;47;CHILENO;;X;RENCA                         ;METROPOLITANA;227770;2;1;0;0;0;2;1;227770;LED 42 KHFH4221 SMART TV;ELECTRONICA MAYOR
17340395;Soltero;M;32;CHILENO;;Millenial;PROVIDENCIA                   ;METROPOLITANA;369980;4;2;4;2;369980;0;0;0;LED 50 50UP7500 UHD SMART TV;ELECTRONICA MAYOR
18875332;;F;27;CHILENO;;Z;TEMUCO                        ;ARAUCANIA;39990;1;1;0;0;0;1;1;39990;PARLANTE SPBYF7 PORTATIL;ELECTRONICA MAYOR
5086288;Casado;F;75;CHILENO;;Silencioso;RENCA                         ;METROPOLITANA;169990;1;1;0;0;0;1;1;169990;LED 32 KHHD3221 SMART TV;ELECTRONICA MAYOR
19071190;;F;26;CHILENO;;Z;"";"";689970;3;2;3;2;689970;0;0;0;LED 50 UN50TU7090GXZS UHD SMART TV;ELECTRONICA MAYOR
15995150;;M;36;CHILENO;;Millenial;TALCA;MAULE;259990;1;1;0;0;0;1;1;259990;LED 43 Full HD Smart TV 43PFD6825;ELECTRONICA MAYOR
12034984;;F;52;CHILENO;;X;PROVIDENCIA                   ;METROPOLITANA;340220;3;1;0;0;0;3;1;340220;LED 43 Full HD Smart TV 43PFD6825;ELECTRONICA MAYOR
15273400;;M;44;CHILENO;;X;SAN PABLO                     ;LOS LAGOS;546950;3;2;0;0;0;3;2;546950;LED 55 55UP7750 UHD SMART + MAGIC;ELECTRONICA MAYOR
7951547;;F;60;CHILENO;;Boomers;"";"";349990;2;1;0;0;0;2;1;349990;LED 49 49UN7100 UHD SMART TV;ELECTRONICA MAYOR
12630531;Casado;M;48;CHILENO;INGENIERO COMERCIAL;X;PROVIDENCIA                   ;METROPOLITANA;299980;2;1;2;1;299980;0;0;0;LED 50 50U6305 SMART TV ULTRA HD;ELECTRONICA MAYOR
16473857;;M;35;CHILENO;;Millenial;RECOLETA                      ;METROPOLITANA;79990;1;1;0;0;0;1;1;79990;SOUNDBAR HW-T400/ZS;ELECTRONICA MAYOR
15656905;;F;38;CHILENO;;Millenial;N/D;N/D;54990;1;1;0;0;0;1;1;54990;SOUNDBAR SK1;ELECTRONICA MAYOR
13271238;Soltero;F;45;CHILENO;PERIODISTA;X;RENCA                         ;METROPOLITANA;184980;2;1;2;1;184980;0;0;0;LED 32 32LM630BPSB SMART TV;ELECTRONICA MAYOR
17686588;;F;31;CHILENO;;Millenial;PROVIDENCIA                   ;METROPOLITANA;195840;2;1;2;1;195840;0;0;0;LED 32LM637B HD SMART;ELECTRONICA MAYOR
19765204;;M;24;CHILENO;;Silencioso;PROVIDENCIA                   ;METROPOLITANA;136980;2;1;2;1;136980;0;0;0;PARLANTE ULTRAFUSION;ELECTRONICA MAYOR
20828612;;F;21;CHILENO;;Z;N/D;N/D;349990;1;1;0;0;0;1;1;349990;LED 50 UN50TU7090GXZS UHD SMART TV;ELECTRONICA MAYOR
11899028;;M;51;CHILENO;;X;RENCA                         ;METROPOLITANA;492270;5;2;5;2;492270;0;0;0;LED 43 UN43TU7090GXZS UHD SMART TV;ELECTRONICA MAYOR
25040019;Soltero;F;34;BOLIVIANO;;Extranjero;"";"";25070;2;1;0;0;0;2;1;25070;PARLANTE MG TWISTER;ELECTRONICA MAYOR
14311591;Casado;M;45;CHILENO;;X;PROVIDENCIA                   ;METROPOLITANA;179990;1;1;1;1;179990;0;0;0;LED 32 UN32T4300AGXZS HD SMART TV;ELECTRONICA MAYOR
5665949;;M;74;CHILENO;;Boomers;PROVIDENCIA                   ;METROPOLITANA;169990;1;1;0;0;0;1;1;169990;LED 32 32S5295 SMART TV HD;ELECTRONICA MAYOR
17538380;;M;32;CHILENO;;Extranjero;N/D;N/D;209990;1;1;1;1;209990;0;0;0;LED 43 43S5305 SMART TV FULL HD;ELECTRONICA MAYOR
26595427;;F;36;DOMINICANO;;Extranjero;"";"";34990;1;1;0;0;0;1;1;34990;KARAOKE TOWER OUTDOOR POWER MIC BT BK 8571;ELECTRONICA MAYOR
26583583;;F;31;CHILENO;;Extranjero;CONCEPCION                    ;BIO BIO;166680;3;1;3;1;166680;0;0;0;LED 42 KHFH4221 SMART TV;ELECTRONICA MAYOR
19397914;;M;25;CHILENO;;Z;COQUIMBO                      ;COQUIMBO;403960;4;1;0;0;0;4;1;403960;LED 50 UN50TU7090GXZS UHD SMART TV;ELECTRONICA MAYOR
18154221;Soltero;F;30;CHILENO;MEDICO CIRUJANO;Millenial;COIHAIQUE                     ;AYSEN;179990;1;1;1;1;179990;0;0;0;LED 32 UN32T4300AGXZS HD SMART TV;ELECTRONICA MAYOR
13621417;;M;43;CHILENO;;X;PINTO                         ;BIO BIO;299990;1;1;0;0;0;1;1;299990;LED 43 UN43TU7090GXZS UHD SMART TV;ELECTRONICA MAYOR
6723528;;F;71;CHILENO;;Silencioso;COIHAIQUE                     ;AYSEN;240850;4;1;0;0;0;4;1;240850;LED 32 KHHD3221 SMART TV;ELECTRONICA MAYOR
13512334;Casado;F;47;CHILENO;;X;RENCA                         ;METROPOLITANA;379990;1;1;1;1;379990;0;0;0;LED 55UP7500 UHD SMART;ELECTRONICA MAYOR
16036022;;M;37;CHILENO;;Millenial;N/D;N/D;311620;4;1;4;1;311620;0;0;0;BARRA DE SONIDO HT-S350;ELECTRONICA MAYOR
9726242;;F;45;CHILENO;;X;AISEN                         ;AYSEN;169990;1;1;0;0;0;1;1;169990;LED 32 UN32T4300AGXZS HD SMART TV;ELECTRONICA MAYOR
7710101;;F;64;CHILENO;;Boomers;COIHAIQUE                     ;AYSEN;322980;2;1;0;0;0;2;1;322980;LED 49 49UN7100 UHD SMART TV;ELECTRONICA MAYOR
11770693;;F;51;CHILENO;;X;SAN CARLOS                    ;BIO BIO;149990;1;1;0;0;0;1;1;149990;LED 32 KHHD3221 SMART TV;ELECTRONICA MAYOR
16137727;;M;37;CHILENO;;Silencioso;PROVIDENCIA                   ;METROPOLITANA;319990;1;1;1;1;319990;0;0;0;LED 50 50UP7500 UHD SMART TV;ELECTRONICA MAYOR
16797639;;F;34;CHILENO;;Millenial;BULNES                        ;BIO BIO;319990;1;1;0;0;0;1;1;319990;MINICOMPONENTE MX-T70/ZS ALL IN ONE;ELECTRONICA MAYOR
18030520;;F;30;CHILENO;;Millenial;TALAGANTE                     ;METROPOLITANA;283980;2;1;2;1;283980;0;0;0;LED 43 UN43TU7090GXZS UHD SMART TV;ELECTRONICA MAYOR
20378724;;M;22;CHILENO;;Z;PROVIDENCIA                   ;METROPOLITANA;239990;1;1;1;1;239990;0;0;0;LED 40 UN40T5290AGXZS FHD SMART TV;ELECTRONICA MAYOR
16990007;Soltero;M;34;CHILENO;INGENIERO CIVIL INDUSTRIAL;Millenial;SANTIAGO                      ;METROPOLITANA;389980;2;1;2;1;389980;0;0;0;LED 55UP7500 UHD SMART;ELECTRONICA MAYOR
6410989;;M;73;CHILENO;;Silencioso;PUNTA ARENAS                  ;MAGALLANES;208980;2;1;0;0;0;2;1;208980;LED 43 43S5295 SMART TV FHD;ELECTRONICA MAYOR
16686880;Soltero;F;35;CHILENO;ARQUITECTO;Millenial;PROVIDENCIA                   ;METROPOLITANA;11010;-1;2;0;0;0;-1;2;11010;LED 32LM637B HD SMART;ELECTRONICA MAYOR
9321728;;M;60;CHILENO;;Boomers;TOCOPILLA                     ;ANTOFAGASTA;34990;1;1;0;0;0;1;1;34990;KARAOKE FUNKY DISCO;ELECTRONICA MAYOR
9742197;;F;63;CHILENO;;Boomers;LA CISTERNA                   ;METROPOLITANA;451870;2;1;0;0;0;2;1;451870;LED 55 UN55TU7090GXZS SMART TV UHD;ELECTRONICA MAYOR
17737821;;M;31;CHILENO;;Millenial;PADRE HURTADO                 ;METROPOLITANA;649990;1;1;1;1;649990;0;0;0;LED 70 UN70AU7000GXZS UHD;ELECTRONICA MAYOR
17209387;;M;33;CHILENO;;Millenial;QUILLOTA                      ;VALPARAISO;117370;2;1;0;0;0;2;1;117370;PARLANTE ULTRAMEGA;ELECTRONICA MAYOR
16805351;;M;34;CHILENO;;Millenial;N/D;N/D;339990;1;1;0;0;0;1;1;339990;LED 50 UN50TU7090GXZS UHD SMART TV;ELECTRONICA MAYOR
12385361;Casado;F;49;CHILENO;;X;RENCA                         ;METROPOLITANA;215840;2;1;2;1;215840;0;0;0;LED 32LM637B HD SMART;ELECTRONICA MAYOR
9573437;Casado;M;60;CHILENO;;Boomers;MELIPILLA                     ;METROPOLITANA;259990;1;1;0;0;0;1;1;259990;LED 43 Full HD Smart TV 43PFD6825;ELECTRONICA MAYOR
12947755;Divorciado;M;46;CHILENO;PROFESOR;X;RENCA                         ;METROPOLITANA;194980;2;1;2;1;194980;0;0;0;LED 32 UN32T4300AGXZS HD SMART TV;ELECTRONICA MAYOR
8580490;;M;62;CHILENO;;Boomers;LLAILLAY                      ;VALPARAISO;251630;5;2;0;0;0;5;2;251630;LED 32 KHHD3221 SMART TV;ELECTRONICA MAYOR
13826420;;M;42;CHILENO;;X;CHILE CHICO                   ;AYSEN;259990;1;1;0;0;0;1;1;259990;LED 40 UN40T5290AGXZS FHD SMART TV;ELECTRONICA MAYOR
7159566;;M;66;CHILENO;;Boomers;DALCAHUE                      ;LOS LAGOS;377870;2;3;0;0;0;2;3;377870;LED 43 43S5305 SMART TV FULL HD;ELECTRONICA MAYOR
16771868;;M;34;CHILENO;;Millenial;ARICA                         ;ARICA Y PARINACOTA;309990;1;1;0;0;0;1;1;309990;LED 43 43UP7500 UHD SMART TV;ELECTRONICA MAYOR
16326389;;M;36;CHILENO;;Millenial;TOCOPILLA                     ;ANTOFAGASTA;179990;1;1;0;0;0;1;1;179990;LED 32 32S5295 SMART TV HD;ELECTRONICA MAYOR
10396751;Casado;M;56;CHILENO;;Boomers;RENCA                         ;METROPOLITANA;149990;1;1;0;0;0;1;1;149990;SOUNDBAR HW-A450/ZS;ELECTRONICA MAYOR
15146652;;F;39;CHILENO;;X;TALCA                         ;MAULE;192870;2;1;0;0;0;2;1;192870;LED 32 CS32S1 SMART TV HD NEGRO;ELECTRONICA MAYOR
18062447;Soltero;M;30;CHILENO;;Millenial;PROVIDENCIA                   ;METROPOLITANA;183980;2;1;2;1;183980;0;0;0;LED 32 UN32T4300AGXZS HD SMART TV;ELECTRONICA MAYOR
8977188;;F;60;CHILENO;;Boomers;LA GRANJA                     ;METROPOLITANA;318340;5;2;0;0;0;5;2;318340;PARLANTE BT T15 NEGRO + ATRIL;ELECTRONICA MAYOR
18817825;;F;27;CHILENO;;Z;LIMACHE                       ;VALPARAISO;173070;2;1;0;0;0;2;1;173070;PARLANTE ULTRASENSATION;ELECTRONICA MAYOR
19696793;;F;24;CHILENO;;Z;PROVIDENCIA                   ;METROPOLITANA;239990;1;1;1;1;239990;0;0;0;MINICOMPONENTE RN9;ELECTRONICA MAYOR
15486649;;M;39;CHILENO;;X;PROVIDENCIA                   ;METROPOLITANA;189990;1;1;0;0;0;1;1;189990;MINICOMPONENTE RN7;ELECTRONICA MAYOR
5335493;;F;72;CHILENO;;Silencioso;CURICO                        ;MAULE;279990;1;1;0;0;0;1;1;279990;LED 50 KHUH5021 SMART TV;ELECTRONICA MAYOR
15745591;;F;38;CHILENO;;Millenial;VALLENAR;ATACAMA;189990;1;1;0;0;0;1;1;189990;LED 32 32PHD6825 HD SMART TV;ELECTRONICA MAYOR
19237784;;M;26;CHILENO;;Z;N/D;N/D;497160;3;1;0;0;0;3;1;497160;LED 55UP7500 UHD SMART;ELECTRONICA MAYOR
18143491;;F;30;CHILENO;;Millenial;N/D;N/D;329990;1;1;0;0;0;1;1;329990;LED 49 49UN7100 UHD SMART TV;ELECTRONICA MAYOR
8572053;;F;60;CHILENO;;Boomers;CAUQUENES                     ;MAULE;79990;1;1;0;0;0;1;1;79990;PARLANTE KARAOKE MGROKR NEGRO;ELECTRONICA MAYOR
10511293;;F;58;CHILENO;;Boomers;N/D;N/D;359990;1;1;1;1;359990;0;0;0;LED 50 50UP7500 UHD SMART TV;ELECTRONICA MAYOR
17641699;;F;31;CHILENO;;Millenial;PROVIDENCIA                   ;METROPOLITANA;329990;1;1;0;0;0;1;1;329990;LED 55 CS55F2 UHD SMART TV LINUX;ELECTRONICA MAYOR
14438285;;M;50;CHILENO;;Extranjero;LOS ANGELES                   ;BIO BIO;172470;2;1;0;0;0;2;1;172470;MINICOMPONENTE CJ45;ELECTRONICA MAYOR
19024227;;F;27;CHILENO;;Z;PUENTE ALTO                   ;METROPOLITANA;39990;1;1;0;0;0;1;1;39990;PARLANTE SPBYF7 PORTATIL;ELECTRONICA MAYOR
13942583;;F;42;CHILENO;;X;PENAFLOR                      ;METROPOLITANA;630860;3;1;0;0;0;3;1;630860;LED 65UP7500 UHD SMART;ELECTRONICA MAYOR
17410318;;F;32;CHILENO;;Millenial;PROVIDENCIA                   ;METROPOLITANA;346560;3;1;0;0;0;3;1;346560;LED 50 KHUH5021 SMART TV;ELECTRONICA MAYOR
26721575;Soltero;M;28;EXTRANJERO - NO INFORMA NACIONALIDAD;;Extranjero;"";"";52670;2;1;0;0;0;2;1;52670;PARLANTE SPBYF7 PORTATIL;ELECTRONICA MAYOR
8783729;;M;61;CHILENO;;Boomers;RENCA                         ;METROPOLITANA;158570;2;1;0;0;0;2;1;158570;KARAOKE SP-101BT ALL IN ONE PORTATIL 60W;ELECTRONICA MAYOR
15526745;;M;38;CHILENO;;Millenial;RENGO                         ;L.G.B.OÂ´HIGGINS;192470;2;1;0;0;0;2;1;192470;PARLANTE ULTRASENSATION;ELECTRONICA MAYOR
4911257;;M;80;CHILENO;;Silencioso;CAUQUENES                     ;MAULE;149990;1;1;0;0;0;1;1;149990;MINICOMPONENTE CJ45;ELECTRONICA MAYOR
12312748;;F;48;CHILENO;;Millenial;ALGARROBO                     ;VALPARAISO;33850;-1;2;0;0;0;-1;2;33850;LED 50 50U6305 SMART TV ULTRA HD;ELECTRONICA MAYOR
7221349;;F;75;CHILENO;;Silencioso;PROVIDENCIA                   ;METROPOLITANA;530970;3;1;0;0;0;3;1;530970;LED 55 NanoCell 55NANO75 UHD SMART + MAGIC;ELECTRONICA MAYOR
15872454;;F;37;CHILENO;;Millenial;N/D;N/D;34990;1;1;0;0;0;1;1;34990;PARLANTE SPBYF7 PORTATIL;ELECTRONICA MAYOR
13315800;;M;46;CHILENO;;X;N/D;N/D;38983;2;2;0;0;0;2;2;38983;KARAOKE RHYTHM CHARGER 12 MIC CABLE 8890;ELECTRONICA MAYOR
15026720;;M;39;CHILENO;;X;CHANARAL                      ;ATACAMA;0;0;0;0;0;0;0;0;0;SOUNDBAR HT-S100F;ELECTRONICA MAYOR
26548391;;F;35;VENEZOLANO;;Extranjero;CONCEPCION                    ;BIO BIO;0;0;0;0;0;0;0;0;0;LED KIOTO 32 MI3228 SMART TV;ELECTRONICA MAYOR
13629896;Soltero;F;43;CHILENO;;X;RENCA                         ;METROPOLITANA;0;0;0;0;0;0;0;0;0;MINICOMPONENTE RN7;ELECTRONICA MAYOR
19276604;;M;26;CHILENO;;Z;PROVIDENCIA                   ;METROPOLITANA;0;0;0;0;0;0;0;0;0;MAGIC REMOTE MR20GA;ELECTRONICA MAYOR
6250661;;F;75;CHILENO;;Silencioso;AISEN                         ;AYSEN;0;0;0;0;0;0;0;0;0;LED 32 32PHD6825 HD SMART TV;ELECTRONICA MAYOR
15822085;;M;37;CHILENO;;Millenial;MAIPU                         ;METROPOLITANA;0;0;0;0;0;0;0;0;0;LED 32 KHHD3221 SMART TV;ELECTRONICA MAYOR
11268977;;M;54;CHILENO;;Silencioso;PROVIDENCIA                   ;METROPOLITANA;0;0;0;0;0;0;0;0;0;PARLANTE SPBYF7 PORTATIL;ELECTRONICA MAYOR
19715204;;M;25;CHILENO;;Z;N/D;N/D;0;0;0;0;0;0;0;0;0;MINICOMPONENTE CJ45;ELECTRONICA MAYOR
11622546;;M;52;CHILENO;;X;PROVIDENCIA                   ;METROPOLITANA;0;0;0;0;0;0;0;0;0;LED 32 32PHD6825 HD SMART TV;ELECTRONICA MAYOR
26328584;;F;31;VENEZOLANO;;Extranjero;N/D;N/D;0;0;0;0;0;0;0;0;0;LED 55 55UN7100 UHD SMART TV;ELECTRONICA MAYOR
5843706;;M;76;CHILENO;;Silencioso;TRAIGUEN                      ;ARAUCANIA;0;0;0;0;0;0;0;0;0;LED 50 50PUD7625 SMART TV ULTRA HD 4K;ELECTRONICA MAYOR
15865095;Soltero;F;37;CHILENO;;Millenial;SAN JAVIER                    ;MAULE;0;0;0;0;0;0;0;0;0;LED 32 UN32T4300AGXZS HD SMART TV;ELECTRONICA MAYOR
10292097;;F;60;CHILENO;;Silencioso;EL BOSQUE                     ;METROPOLITANA;0;0;0;0;0;0;0;0;0;LED 40 UN40T5290AGXZS FHD SMART TV;ELECTRONICA MAYOR
10179998;;F;56;CHILENO;;Boomers;PAINE                         ;METROPOLITANA;0;0;0;0;0;0;0;0;0;LED 43 43UP7500 UHD SMART TV;ELECTRONICA MAYOR
19864828;;F;24;CHILENO;;Z;PROVIDENCIA                   ;METROPOLITANA;0;0;0;0;0;0;0;0;0;PARLANTE SPBYF7 PORTATIL;ELECTRONICA MAYOR
14032447;;M;40;CHILENO;;X;N/D;N/D;0;0;0;0;0;0;0;0;0;LED 43 CS43F2 SMART TV FHD NEGRO;ELECTRONICA MAYOR
19311186;;M;25;CHILENO;;Z;PROVIDENCIA                   ;METROPOLITANA;0;0;0;0;0;0;0;0;0;LED 43 UN43T5202AGXZS FHD SMART TV;ELECTRONICA MAYOR
7318052;;F;66;CHILENO;;Boomers;TALCA                         ;MAULE;0;0;0;0;0;0;0;0;0;MINICOMPONENTE CJ45;ELECTRONICA MAYOR
15524431;;F;39;CHILENO;;X;DONIHUE                       ;L.G.B.OÂ´HIGGINS;0;0;0;0;0;0;0;0;0;LED 32 UN32T4300AGXZS HD SMART TV;ELECTRONICA MAYOR
8142482;;F;64;CHILENO;;Boomers;N/D;N/D;0;0;0;0;0;0;0;0;0;LED 49 49UN7100 UHD SMART TV;ELECTRONICA MAYOR
17508155;;F;31;CHILENO;;Millenial;RANCAGUA                      ;L.G.B.OÂ´HIGGINS;0;0;0;0;0;0;0;0;0;MINICOMPONENTE MHC-V02 ALL IN ONE;ELECTRONICA MAYOR
18258631;Soltero;F;29;CHILENO;;Millenial;PROVIDENCIA                   ;METROPOLITANA;0;0;0;0;0;0;0;0;0;LED 50 UN50TU7090GXZS UHD SMART TV;ELECTRONICA MAYOR
11010527;;F;57;CHILENO;;Boomers;QUILPUE                       ;VALPARAISO;0;0;0;0;0;0;0;0;0;LED 55 UN55TU7090GXZS SMART TV UHD;ELECTRONICA MAYOR
14115818;;M;40;CHILENO;;X;COPIAPO                       ;ATACAMA;0;0;0;0;0;0;0;0;0;LED 70 UN70AU7000GXZS UHD;ELECTRONICA MAYOR
16479867;;M;35;CHILENO;;Millenial;VILLA ALEMANA                 ;VALPARAISO;0;0;0;0;0;0;0;0;0;LED 60 UN60AU8000GXZS UHD SMART TV;ELECTRONICA MAYOR
19403653;;M;26;CHILENO;;Z;SAN ANTONIO                   ;VALPARAISO;0;0;0;0;0;0;0;0;0;PARLANTE KARAOKE MGLIGHTNING NEGRO;ELECTRONICA MAYOR
18075300;;M;30;CHILENO;;Millenial;COIHAIQUE                     ;AYSEN;0;0;0;0;0;0;0;0;0;LED 43 UN43TU7090GXZS UHD SMART TV;ELECTRONICA MAYOR
16791936;;F;33;CHILENO;;Millenial;N/D;N/D;0;0;0;0;0;0;0;0;0;KARAOKE FUNKY DISCO;ELECTRONICA MAYOR
15753812;;M;37;CHILENO;;Millenial;COPIAPO;ATACAMA;0;0;0;0;0;0;0;0;0;LED 50 50PUD7625 SMART TV ULTRA HD 4K;ELECTRONICA MAYOR
19828505;;F;24;CHILENO;;Z;PROVIDENCIA                   ;METROPOLITANA;0;0;0;0;0;0;0;0;0;PARLANTE SPBYF7 PORTATIL;ELECTRONICA MAYOR
8379405;;F;63;CHILENO;;Boomers;COIHAIQUE                     ;AYSEN;0;0;0;0;0;0;0;0;0;LED 43 Full HD Smart TV 43PFD6825;ELECTRONICA MAYOR
11722629;;F;50;CHILENO;;X;TOCOPILLA                     ;ANTOFAGASTA;0;0;0;0;0;0;0;0;0;LED 55 NanoCell 55NANO75 UHD SMART + MAGIC;ELECTRONICA MAYOR
12498798;Soltero;F;51;CHILENO;;X;LA PINTANA                    ;METROPOLITANA;0;0;0;0;0;0;0;0;0;MINICOMPONENTE RN5;ELECTRONICA MAYOR
17991844;;F;30;CHILENO;;Millenial;SANTA CRUZ                    ;L.G.B.OÂ´HIGGINS;0;0;0;0;0;0;0;0;0;LED 43 Full HD Smart TV 43PFD6825;ELECTRONICA MAYOR
17587230;;F;32;CHILENO;;Millenial;NATALES                       ;MAGALLANES;0;0;0;0;0;0;0;0;0;PARLANTE ULTRAMEGA;ELECTRONICA MAYOR
14004725;;F;41;CHILENO;;X;PROVIDENCIA                   ;METROPOLITANA;0;0;0;0;0;0;0;0;0;LED 55 UN55TU7090GXZS SMART TV UHD;ELECTRONICA MAYOR
14185091;;F;41;CHILENO;;X;RENCA                         ;METROPOLITANA;0;0;0;0;0;0;0;0;0;PARLANTE BT T15 NEGRO + ATRIL;ELECTRONICA MAYOR
10343556;;F;56;CHILENO;;Boomers;LA CISTERNA                   ;METROPOLITANA;0;0;0;0;0;0;0;0;0;SOUNDBAR SK1;ELECTRONICA MAYOR
5873632;;M;71;CHILENO;;Silencioso;PROVIDENCIA                   ;METROPOLITANA;0;0;0;0;0;0;0;0;0;LED 32 32PHD6825 HD SMART TV;ELECTRONICA MAYOR
9690314;;F;60;CHILENO;;Silencioso;PROVIDENCIA                   ;METROPOLITANA;0;0;0;0;0;0;0;0;0;LED 50 50U6305 SMART TV ULTRA HD;ELECTRONICA MAYOR
11565803;Viudo;F;52;CHILENO;;Silencioso;PROVIDENCIA                   ;METROPOLITANA;0;0;0;0;0;0;0;0;0;MINICOMPONENTE RN5;ELECTRONICA MAYOR
14452922;;F;49;CHILENO;;X;VINA DEL MAR                  ;VALPARAISO;0;0;0;0;0;0;0;0;0;MINICOMPONENTE RN5;ELECTRONICA MAYOR
14324497;;F;45;CHILENO;;X;CONSTITUCION                  ;MAULE;0;0;0;0;0;0;0;0;0;LED KIOTO 32 MI3228 SMART TV;ELECTRONICA MAYOR
11573193;;F;51;CHILENO;;X;RENCA                         ;METROPOLITANA;0;0;0;0;0;0;0;0;0;PARLANTE BOLA DISCO CON MICROFONO INAL;ELECTRONICA MAYOR
17032223;;M;33;CHILENO;;Millenial;N/D;N/D;0;0;0;0;0;0;0;0;0;LED 32 UN32T4300AGXZS HD SMART TV;ELECTRONICA MAYOR
19571180;;M;25;CHILENO;;Z;SAN CARLOS                    ;BIO BIO;0;0;0;0;0;0;0;0;0;PARLANTE ULTRAFORCE-I;ELECTRONICA MAYOR
5853930;;F;74;CHILENO;;Silencioso;RENCA                         ;METROPOLITANA;0;0;0;0;0;0;0;0;0;LED 50 UN50TU7090GXZS UHD SMART TV;ELECTRONICA MAYOR
19297393;Soltero;F;26;CHILENO;TECNICO SUPERIOR EN QUIMICA Y FARMACIA;Z;SAN BERNARDO                  ;METROPOLITANA;0;0;0;0;0;0;0;0;0;LED 43 UN43T5202AGXZS FHD SMART TV;ELECTRONICA MAYOR
12077738;;M;53;CHILENO;;X;SAN BERNARDO                  ;METROPOLITANA;0;0;0;0;0;0;0;0;0;QLED 65 QN65Q70AAGXZS 4K UHD SMART TV;ELECTRONICA MAYOR
8877665;;F;68;CHILENO;;Boomers;VINA DEL MAR                  ;VALPARAISO;0;0;0;0;0;0;0;0;0;LED 50 CS50S1USM UHD SMART TV NEGRO;ELECTRONICA MAYOR
7945309;;M;64;CHILENO;;Boomers;ALTO HOSPICIO;TARAPACA;0;0;0;0;0;0;0;0;0;LED 50 50U6305 SMART TV ULTRA HD;ELECTRONICA MAYOR
8746883;Viudo;F;60;CHILENO;;Boomers;MALLOA                        ;L.G.B.OÂ´HIGGINS;0;0;0;0;0;0;0;0;0;PARLANTE ULTRAFORCE-I;ELECTRONICA MAYOR
18085254;;M;30;CHILENO;;Millenial;PROVIDENCIA                   ;METROPOLITANA;0;0;0;0;0;0;0;0;0;LED 65UP7500 UHD SMART;ELECTRONICA MAYOR
14320318;Casado;M;46;CHILENO;ABOGADO;X;RENCA                         ;METROPOLITANA;0;0;0;0;0;0;0;0;0;LED 43 UN43T5202AGXZS FHD SMART TV;ELECTRONICA MAYOR
13374759;;F;43;CHILENO;;X;PARRAL                        ;MAULE;0;0;0;0;0;0;0;0;0;LED 50 KEUH50 SMART TV UHD;ELECTRONICA MAYOR
27007115;;M;22;EXTRANJERO - NO INFORMA NACIONALIDAD;;Extranjero;N/D;N/D;0;0;0;0;0;0;0;0;0;LED 43 Full HD Smart TV 43PFD6825;ELECTRONICA MAYOR
15048831;;M;38;CHILENO;;X;LOS VILOS                     ;COQUIMBO;0;0;0;0;0;0;0;0;0;LED 40 KEHD4020 SMART TV;ELECTRONICA MAYOR
10982803;;F;57;CHILENO;;Boomers;CARAHUE                       ;ARAUCANIA;0;0;0;0;0;0;0;0;0;LED 32 32PHD6825 HD SMART TV;ELECTRONICA MAYOR
11490509;;F;52;CHILENO;;X;INDEPENDENCIA                 ;METROPOLITANA;0;0;0;0;0;0;0;0;0;MLAB KARAOKE 8 CITY SET MICROFONO INALAMBRICO AT;ELECTRONICA MAYOR
7902877;;M;63;CHILENO;;Boomers;RETIRO                        ;MAULE;0;0;0;0;0;0;0;0;0;LED 43 43LM6300PSB SMART TV HD;ELECTRONICA MAYOR
7763185;;M;66;CHILENO;;Boomers;COCHRANE                      ;AYSEN;0;0;0;0;0;0;0;0;0;LED 40 40S65A-40P ANDROID TV SMART LINE FHD;ELECTRONICA MAYOR
13372329;;M;44;CHILENO;;X;SAN JAVIER                    ;MAULE;0;0;0;0;0;0;0;0;0;LED 43 Full HD Smart TV 43PFD6825;ELECTRONICA MAYOR
9705818;;F;59;CHILENO;;Boomers;N/D;N/D;0;0;0;0;0;0;0;0;0;LED KIOTO 32 MI3228 SMART TV;ELECTRONICA MAYOR
15256887;;M;41;CHILENO;;X;N/D;N/D;0;0;0;0;0;0;0;0;0;PARLANTE ULTRAFORCE-I;ELECTRONICA MAYOR
17708429;Soltero;M;31;CHILENO;;Millenial;PROVIDENCIA                   ;METROPOLITANA;0;0;0;0;0;0;0;0;0;MAGIC REMOTE MR20GA;ELECTRONICA MAYOR
9734075;;F;61;CHILENO;;Boomers;SAN JAVIER                    ;MAULE;0;0;0;0;0;0;0;0;0;PARLANTE COBRA;ELECTRONICA MAYOR
11716311;;M;50;CHILENO;;X;CALBUCO                       ;LOS LAGOS;0;0;0;0;0;0;0;0;0;PARLANTE KARAOKE 12 FM/BT/USB;ELECTRONICA MAYOR
16327014;;F;36;CHILENO;;Millenial;PENCO                         ;BIO BIO;0;0;0;0;0;0;0;0;0;LED KIOTO 32 MI3228 SMART TV;ELECTRONICA MAYOR
10108091;;F;60;CHILENO;;Extranjero;PEUMO                         ;L.G.B.OÂ´HIGGINS;0;0;0;0;0;0;0;0;0;PARLANTE KARAOKE 12 FM/BT/USB;ELECTRONICA MAYOR
12970177;;F;46;CHILENO;;X;COIHUECO                      ;BIO BIO;0;0;0;0;0;0;0;0;0;MINICOMPONENTE MX-T50/ZS ALL IN ONE;ELECTRONICA MAYOR
11505513;;M;52;CHILENO;;X;ARICA                         ;ARICA Y PARINACOTA;0;0;0;0;0;0;0;0;0;LED 65 65NANO80 NanoCell UHD SMART TV + MAGIC;ELECTRONICA MAYOR
10212971;;M;56;CHILENO;;Boomers;CURICO                        ;MAULE;0;0;0;0;0;0;0;0;0;LED 65 65UN7100 UHD SMART TV;ELECTRONICA MAYOR
13248626;;M;45;CHILENO;;X;MAIPU                         ;METROPOLITANA;0;0;0;0;0;0;0;0;0;PARLANTE ULTRAFORCE-I;ELECTRONICA MAYOR
19412390;;M;25;CHILENO;;Z;PROVIDENCIA                   ;METROPOLITANA;0;0;0;0;0;0;0;0;0;LED 60 UN60AU8000GXZS UHD SMART TV;ELECTRONICA MAYOR
5420762;;F;77;CHILENO;;Silencioso;LONCOCHE                      ;ARAUCANIA;0;0;0;0;0;0;0;0;0;LED 60 UN60AU8000GXZS UHD SMART TV;ELECTRONICA MAYOR
25710672;;M;30;VENEZOLANO;;Extranjero;N/D;N/D;0;0;0;0;0;0;0;0;0;LED 50 50PUD6513/44 SMART TV UHD 4K;ELECTRONICA MAYOR
15782316;;M;38;CHILENO;;Millenial;PROVIDENCIA                   ;METROPOLITANA;0;0;0;0;0;0;0;0;0;KARAOKE RHYTHM CHARGER 12 MIC CABLE 8890;ELECTRONICA MAYOR
19114295;;M;27;CHILENO;;Z;EL BOSQUE                     ;METROPOLITANA;0;0;0;0;0;0;0;0;0;LED 32 32S60-32P ANDROID TV SMART LINE HD;ELECTRONICA MAYOR
8394508;;F;70;CHILENO;;Silencioso;CHILLAN                       ;BIO BIO;0;0;0;0;0;0;0;0;0;KARAOKE RHYTHM CHARGER 12 MIC CABLE 8890;ELECTRONICA MAYOR
12376847;;F;49;CHILENO;;X;N/D;N/D;0;0;0;0;0;0;0;0;0;LED 40 KEHD4020 SMART TV;ELECTRONICA MAYOR
13651993;;F;43;CHILENO;;X;"";"";0;0;0;0;0;0;0;0;0;OLED 55 A1 UHD SMART + MAGIC;ELECTRONICA MAYOR
18987721;;F;27;CHILENO;;Millenial;N/D;N/D;0;0;0;0;0;0;0;0;0;LED 32 UN32T4300AGXZS HD SMART TV;ELECTRONICA MAYOR
13227984;;F;45;CHILENO;;X;VALPARAISO                    ;VALPARAISO;0;0;0;0;0;0;0;0;0;LED KIOTO 32 MI3228 SMART TV;ELECTRONICA MAYOR
10327977;;F;54;CHILENO;;Boomers;LA CISTERNA                   ;METROPOLITANA;0;0;0;0;0;0;0;0;0;MONITOR 24 24TL520S SMART TV HD;ELECTRONICA MAYOR
17130244;;F;33;CHILENO;;Millenial;TALCAHUANO                    ;BIO BIO;0;0;0;0;0;0;0;0;0;PARLANTE BT T15 NEGRO + ATRIL;ELECTRONICA MAYOR
11912902;;M;50;CHILENO;;X;PROVIDENCIA                   ;METROPOLITANA;0;0;0;0;0;0;0;0;0;LED 43 43LM6300PSB SMART TV HD;ELECTRONICA MAYOR
10320119;;M;57;CHILENO;;Boomers;COPIAPO                       ;ATACAMA;0;0;0;0;0;0;0;0;0;LED 43 43LM6300PSB SMART TV HD;ELECTRONICA MAYOR
16246201;;M;36;CHILENO;;Millenial;MARIQUINA                     ;LOS LAGOS;0;0;0;0;0;0;0;0;0;LED 40 KEHD4020 SMART TV;ELECTRONICA MAYOR
19623758;;M;24;CHILENO;;Z;TALAGANTE                     ;METROPOLITANA;0;0;0;0;0;0;0;0;0;MINICOMPONENTE RN5;ELECTRONICA MAYOR
13902139;;F;42;CHILENO;;X;RENCA                         ;METROPOLITANA;0;0;0;0;0;0;0;0;0;LED 43 43LM6300PSB SMART TV HD;ELECTRONICA MAYOR
16806801;;M;34;CHILENO;;Silencioso;PROVIDENCIA                   ;METROPOLITANA;0;0;0;0;0;0;0;0;0;LED 65 KUHK6520 UHD SMART TV;ELECTRONICA MAYOR
9704348;;F;45;CHILENO;;X;PROVIDENCIA                   ;METROPOLITANA;0;0;0;0;0;0;0;0;0;LED 32 UN32T4300AGXZS HD SMART TV;ELECTRONICA MAYOR
14594405;;F;46;CHILENO;;X;REQUINOA                      ;L.G.B.OÂ´HIGGINS;0;0;0;0;0;0;0;0;0;LED 43 43LM6300PSB SMART TV HD;ELECTRONICA MAYOR
17923985;;M;31;CHILENO;;Silencioso;PROVIDENCIA                   ;METROPOLITANA;0;0;0;0;0;0;0;0;0;LED 43 43LM6300PSB SMART TV HD;ELECTRONICA MAYOR
17969028;;F;30;CHILENO;;Millenial;N/D;N/D;0;0;0;0;0;0;0;0;0;LED 40 KEHD4020 SMART TV;ELECTRONICA MAYOR
16455664;;M;35;CHILENO;;Millenial;N/D;N/D;0;0;0;0;0;0;0;0;0;LED 50 50NANO75 NanoCell UHD SMART + MAGIC;ELECTRONICA MAYOR
13836173;;M;42;CHILENO;;X;PUENTE ALTO                   ;METROPOLITANA;0;0;0;0;0;0;0;0;0;LED 49 49UN7100 UHD SMART TV;ELECTRONICA MAYOR
17006830;;M;33;CHILENO;;Millenial;PUCON;ARAUCANIA;0;0;0;0;0;0;0;0;0;LED KIOTO 32 MI3228 SMART TV;ELECTRONICA MAYOR
10916631;;M;56;CHILENO;;Boomers;SAN CARLOS                    ;BIO BIO;0;0;0;0;0;0;0;0;0;LED 50 KEUH50 SMART TV UHD;ELECTRONICA MAYOR
17482931;Soltero;M;32;CHILENO;;Millenial;PROVIDENCIA                   ;METROPOLITANA;0;0;0;0;0;0;0;0;0;LED 55 UN55TU7090GXZS SMART TV UHD;ELECTRONICA MAYOR
20120608;;F;23;CHILENO;;Silencioso;PROVIDENCIA                   ;METROPOLITANA;0;0;0;0;0;0;0;0;0;LED 50 50U6295 SMART TV UHD;ELECTRONICA MAYOR
7734289;Soltero;M;66;CHILENO;;Boomers;LINARES                       ;MAULE;0;0;0;0;0;0;0;0;0;LED 43 43LM6370 SMART TV FHD;ELECTRONICA MAYOR
15059573;;M;38;CHILENO;;Millenial;PAPUDO                        ;VALPARAISO;0;0;0;0;0;0;0;0;0;LED 40 KEHD4020 SMART TV;ELECTRONICA MAYOR
16401048;Soltero;M;35;CHILENO;;Silencioso;PROVIDENCIA                   ;METROPOLITANA;0;0;0;0;0;0;0;0;0;LED 50 KEUH50 SMART TV UHD;ELECTRONICA MAYOR
5468109;;F;76;CHILENO;;Silencioso;MELIPILLA                     ;METROPOLITANA;0;0;0;0;0;0;0;0;0;LED 50 KEUH50 SMART TV UHD;ELECTRONICA MAYOR
12179865;Casado;F;50;CHILENO;;X;PROVIDENCIA                   ;METROPOLITANA;0;0;0;0;0;0;0;0;0;PARLANTE MG TWISTER;ELECTRONICA MAYOR
16696338;;M;34;CHILENO;;Millenial;LA PINTANA                    ;METROPOLITANA;0;0;0;0;0;0;0;0;0;LED 43 43S5295 SMART TV FHD;ELECTRONICA MAYOR
12519908;;F;49;CHILENO;;X;RENCA                         ;METROPOLITANA;0;0;0;0;0;0;0;0;0;LED 65 KUHK6520 UHD SMART TV;ELECTRONICA MAYOR
26155557;;F;25;EXTRANJERO - NO INFORMA NACIONALIDAD;;Extranjero;N/D;N/D;0;0;0;0;0;0;0;0;0;MINICOMPONENTE OL45;ELECTRONICA MAYOR
19032866;;F;27;CHILENO;;Millenial;PUENTE ALTO                   ;METROPOLITANA;0;0;0;0;0;0;0;0;0;LED 32 UN32T4300AGXZS HD SMART TV;ELECTRONICA MAYOR
15237176;;M;41;CHILENO;;X;CASTRO                        ;LOS LAGOS;0;0;0;0;0;0;0;0;0;LED 50 50P615-50P ANDROID TV PASSION LINE UHD 4K;ELECTRONICA MAYOR
20229781;;M;23;CHILENO;;Z;LINARES                       ;MAULE;0;0;0;0;0;0;0;0;0;LED 43 43S5295 SMART TV FHD;ELECTRONICA MAYOR
12258795;;F;49;CHILENO;;X;PROVIDENCIA                   ;METROPOLITANA;0;0;0;0;0;0;0;0;0;LED 49 49UN7100 UHD SMART TV;ELECTRONICA MAYOR
11659047;;F;52;CHILENO;;X;N/D;N/D;0;0;0;0;0;0;0;0;0;LED 40 KEHD4020 SMART TV;ELECTRONICA MAYOR
11338442;;F;54;CHILENO;;X;MAIPU                         ;METROPOLITANA;0;0;0;0;0;0;0;0;0;LED 50 50U6295 SMART TV UHD;ELECTRONICA MAYOR
15149098;;M;40;CHILENO;;X;PROVIDENCIA                   ;METROPOLITANA;0;0;0;0;0;0;0;0;0;LED 43 43LM6300PSB SMART TV HD;ELECTRONICA MAYOR
11024702;;F;56;CHILENO;;Boomers;VALPARAISO                    ;VALPARAISO;0;0;0;0;0;0;0;0;0;LED KIOTO 32 MI3228 SMART TV;ELECTRONICA MAYOR
12744245;;M;47;CHILENO;;X;LANCO                         ;LOS RIOS;0;0;0;0;0;0;0;0;0;LED 40 KEHD4020 SMART TV;ELECTRONICA MAYOR
5304975;;M;77;CHILENO;;Silencioso;ARAUCO                        ;BIO BIO;0;0;0;0;0;0;0;0;0;LED KIOTO 32 MI3228 SMART TV;ELECTRONICA MAYOR
14140687;;M;40;CHILENO;;X;SAN BERNARDO;METROPOLITANA;0;0;0;0;0;0;0;0;0;LED 43 43S5295 SMART TV FHD;ELECTRONICA MAYOR
19047345;;F;27;CHILENO;;Z;LIMACHE                       ;VALPARAISO;0;0;0;0;0;0;0;0;0;LED 43 UN43T5202AGXZS FHD SMART TV;ELECTRONICA MAYOR
16594301;;F;34;CHILENO;;Millenial;ALTO HOSPICIO;TARAPACA;0;0;0;0;0;0;0;0;0;LED KIOTO 32 MI3228 SMART TV;ELECTRONICA MAYOR
19082561;Soltero;F;26;CHILENO;;Z;PROVIDENCIA                   ;METROPOLITANA;0;0;0;0;0;0;0;0;0;LED 40 KEHD4020 SMART TV;ELECTRONICA MAYOR
16618331;;F;34;CHILENO;;Millenial;PROVIDENCIA                   ;METROPOLITANA;0;0;0;0;0;0;0;0;0;LED KIOTO 32 MI3228 SMART TV;ELECTRONICA MAYOR
19943020;;F;23;CHILENO;;Z;PROVIDENCIA                   ;METROPOLITANA;0;0;0;0;0;0;0;0;0;LED 32 32LM630BPSB SMART TV;ELECTRONICA MAYOR
11549315;;M;52;CHILENO;;X;CERRO NAVIA                   ;METROPOLITANA;0;0;0;0;0;0;0;0;0;LED 60UP7750 UHD SMART + MAGIC;ELECTRONICA MAYOR
18644361;;M;28;CHILENO;;Millenial;N/D;N/D;0;0;0;0;0;0;0;0;0;LED 50 50U6305 SMART TV ULTRA HD;ELECTRONICA MAYOR
20042416;;M;23;CHILENO;;Silencioso;PROVIDENCIA                   ;METROPOLITANA;0;0;0;0;0;0;0;0;0;MINICOMPONENTE CJ45;ELECTRONICA MAYOR
5787724;;F;75;CHILENO;;Silencioso;SAN JAVIER                    ;MAULE;0;0;0;0;0;0;0;0;0;LED 40 KEHD4020 SMART TV;ELECTRONICA MAYOR
19186782;;M;26;CHILENO;;Z;SAN JOAQUIN                   ;METROPOLITANA;0;0;0;0;0;0;0;0;0;LED 32 32LM630BPSB SMART TV;ELECTRONICA MAYOR
8026567;;M;65;CHILENO;;Boomers;LINARES                       ;MAULE;0;0;0;0;0;0;0;0;0;LED 50 50U6295 SMART TV UHD;ELECTRONICA MAYOR
15786847;;M;38;CHILENO;;Millenial;HUECHURABA                    ;METROPOLITANA;0;0;0;0;0;0;0;0;0;LED KIOTO 32 MI3228 SMART TV;ELECTRONICA MAYOR
6012249;;F;69;CHILENO;;Silencioso;RENCA                         ;METROPOLITANA;0;0;0;0;0;0;0;0;0;LED 43 UN43TU7090GXZS UHD SMART TV;ELECTRONICA MAYOR
17369458;Soltero;F;32;CHILENO;KINESIOLOGO;Millenial;PROVIDENCIA                   ;METROPOLITANA;0;0;0;0;0;0;0;0;0;LED 43 43S5295 SMART TV FHD;ELECTRONICA MAYOR
9078409;;M;57;CHILENO;;Boomers;N/D;N/D;0;0;0;0;0;0;0;0;0;LED KIOTO 32 MI3228 SMART TV;ELECTRONICA MAYOR
9481180;Casado;M;59;CHILENO;ARQUITECTO;Boomers;PROVIDENCIA                   ;METROPOLITANA;0;0;0;0;0;0;0;0;0;LED 32 UN32T4300AGXZS HD SMART TV;ELECTRONICA MAYOR
10678268;;M;57;CHILENO;;Boomers;PROVIDENCIA                   ;METROPOLITANA;0;0;0;0;0;0;0;0;0;MINICOMPONENTE CJ45;ELECTRONICA MAYOR
12305787;Soltero;M;50;CHILENO;;X;PROVIDENCIA                   ;METROPOLITANA;0;0;0;0;0;0;0;0;0;LED 43 UN43T5202AGXZS FHD SMART TV;ELECTRONICA MAYOR
20208563;;M;22;CHILENO;;Millenial;PROVIDENCIA                   ;METROPOLITANA;0;0;0;0;0;0;0;0;0;LED 50 50PUD6513/44 SMART TV UHD 4K;ELECTRONICA MAYOR
15695759;Soltero;M;38;CHILENO;;Silencioso;PROVIDENCIA                   ;METROPOLITANA;0;0;0;0;0;0;0;0;0;LED 49 49UN7100 UHD SMART TV;ELECTRONICA MAYOR
20052038;;M;23;CHILENO;;Z;MAIPU                         ;METROPOLITANA;0;0;0;0;0;0;0;0;0;LED 50 KEUH50 SMART TV UHD;ELECTRONICA MAYOR
10417355;;F;55;CHILENO;;Boomers;ALHUE                         ;METROPOLITANA;0;0;0;0;0;0;0;0;0;LED 40 KEHD4020 SMART TV;ELECTRONICA MAYOR
16021281;Soltero;M;36;CHILENO;PUBLICISTA;Silencioso;PROVIDENCIA                   ;METROPOLITANA;0;0;0;0;0;0;0;0;0;LED 50 50PUD6513/44 SMART TV UHD 4K;ELECTRONICA MAYOR
26339352;;M;46;EXTRANJERO - NO INFORMA NACIONALIDAD;;Extranjero;SAN MIGUEL                    ;METROPOLITANA;0;0;0;0;0;0;0;0;0;LED 55 UN55TU7090GXZS SMART TV UHD;ELECTRONICA MAYOR
19619587;;F;24;CHILENO;;Z;N/D;N/D;0;0;0;0;0;0;0;0;0;LED 43 CS43S1USM UHD SMART TV NEGRO;ELECTRONICA MAYOR
11810486;;F;51;CHILENO;;Silencioso;PROVIDENCIA                   ;METROPOLITANA;0;0;0;0;0;0;0;0;0;MINICOMPONENTE RN5;ELECTRONICA MAYOR
12338993;;F;48;CHILENO;;X;OSORNO                        ;LOS LAGOS;0;0;0;0;0;0;0;0;0;MINICOMPONENTE CM4360;ELECTRONICA MAYOR
9157462;;M;60;CHILENO;;Boomers;SANTIAGO                      ;METROPOLITANA;0;0;0;0;0;0;0;0;0;LED 55 UN55TU7090GXZS SMART TV UHD;ELECTRONICA MAYOR
6451996;Divorciado;M;72;CHILENO;;Silencioso;LANCO                         ;LOS LAGOS;0;0;0;0;0;0;0;0;0;LED 43 UN43TU7090GXZS UHD SMART TV;ELECTRONICA MAYOR
6055919;;F;71;CHILENO;;Silencioso;COLINA                        ;METROPOLITANA;0;0;0;0;0;0;0;0;0;LED 50 50U6295 SMART TV UHD;ELECTRONICA MAYOR
10300683;;M;55;CHILENO;;Boomers;RENCA                         ;METROPOLITANA;0;0;0;0;0;0;0;0;0;MONITOR 24 24TL520S SMART TV HD;ELECTRONICA MAYOR
19666234;;F;25;CHILENO;;Z;OVALLE                        ;COQUIMBO;0;0;0;0;0;0;0;0;0;LED 50 KEUH50 SMART TV UHD;ELECTRONICA MAYOR
16571899;;F;34;CHILENO;;Silencioso;PROVIDENCIA                   ;METROPOLITANA;0;0;0;0;0;0;0;0;0;LED 43 UN43TU7090GXZS UHD SMART TV;ELECTRONICA MAYOR
15901913;;M;37;CHILENO;;Millenial;N/D;N/D;0;0;0;0;0;0;0;0;0;HERVIDOR ELECTRICO RH-3001 3L + TOSTADOR RH-1400;ELECTRONICA MAYOR
5118830;;M;72;CHILENO;;Silencioso;CHILLAN                       ;BIO BIO;0;0;0;0;0;0;0;0;0;LED 55 UN55TU8300GXZS UHD SMART TV CURVO;ELECTRONICA MAYOR
11466499;;F;53;CHILENO;;X;ALTO HOSPICIO;TARAPACA;0;0;0;0;0;0;0;0;0;LED 43 43S5295 SMART TV FHD;ELECTRONICA MAYOR
19521649;;M;24;CHILENO;;Z;CORONEL                       ;BIO BIO;0;0;0;0;0;0;0;0;0;LED 43 43S5295 SMART TV FHD;ELECTRONICA MAYOR
8799533;;F;62;CHILENO;;Boomers;SAN CARLOS                    ;BIO BIO;0;0;0;0;0;0;0;0;0;LED 58 KUHK5820 UHD SMART TV;ELECTRONICA MAYOR
14382568;;M;42;CHILENO;;X;PROVIDENCIA                   ;METROPOLITANA;0;0;0;0;0;0;0;0;0;LED 58 58PUD6513/44 SMART TV UHD;ELECTRONICA MAYOR
10063691;;F;58;CHILENO;;Boomers;LO ESPEJO                     ;METROPOLITANA;0;0;0;0;0;0;0;0;0;LED 43 43LM6300PSB SMART TV HD;ELECTRONICA MAYOR
19805834;;F;24;CHILENO;;Z;PROVIDENCIA                   ;METROPOLITANA;0;0;0;0;0;0;0;0;0;LED 40 KEHD4020 SMART TV;ELECTRONICA MAYOR
11738529;Casado;M;50;CHILENO;;X;RENCA                         ;METROPOLITANA;0;0;0;0;0;0;0;0;0;LED 43 UN43T5202AGXZS FHD SMART TV;ELECTRONICA MAYOR
12682715;;M;48;CHILENO;;X;CHILLAN                       ;BIO BIO;0;0;0;0;0;0;0;0;0;LED 40 KEHD4020 SMART TV;ELECTRONICA MAYOR
17898600;Soltero;M;31;CHILENO;;Millenial;PROVIDENCIA                   ;METROPOLITANA;0;0;0;0;0;0;0;0;0;PARLANTE ULTRAMAGIC;ELECTRONICA MAYOR
17759587;;F;31;CHILENO;;Silencioso;PROVIDENCIA                   ;METROPOLITANA;0;0;0;0;0;0;0;0;0;LED 32 32LM630BPSB SMART TV;ELECTRONICA MAYOR
20269145;;M;22;CHILENO;;Z;PROVIDENCIA                   ;METROPOLITANA;0;0;0;0;0;0;0;0;0;LED 55 55UN7100 UHD SMART TV;ELECTRONICA MAYOR
16997874;;M;34;CHILENO;;Millenial;PROVIDENCIA                   ;METROPOLITANA;0;0;0;0;0;0;0;0;0;LED 32 UN32T4300AGXZS HD SMART TV;ELECTRONICA MAYOR
8484692;;F;71;CHILENO;;Silencioso;PUERTO MONTT                  ;LOS LAGOS;0;0;0;0;0;0;0;0;0;LED 40 KEHD4020 SMART TV;ELECTRONICA MAYOR
13578770;;M;43;CHILENO;;X;N/D;N/D;0;0;0;0;0;0;0;0;0;LED 40 KEHD4020 SMART TV;ELECTRONICA MAYOR
17359730;;F;32;CHILENO;;Millenial;PROVIDENCIA                   ;METROPOLITANA;0;0;0;0;0;0;0;0;0;LED 55 UN55TU8300GXZS UHD SMART TV CURVO;ELECTRONICA MAYOR
7874911;;M;62;CHILENO;;Boomers;LOTA                          ;BIO BIO;0;0;0;0;0;0;0;0;0;LED 40 KEHD4020 SMART TV;ELECTRONICA MAYOR
16654589;;F;46;CHILENO;;X;PROVIDENCIA                   ;METROPOLITANA;0;0;0;0;0;0;0;0;0;LED 55 UN55TU7090GXZS SMART TV UHD;ELECTRONICA MAYOR
17595870;Soltero;F;28;CHILENO;;Silencioso;PROVIDENCIA                   ;METROPOLITANA;0;0;0;0;0;0;0;0;0;LED 50 KEUH50 SMART TV UHD;ELECTRONICA MAYOR
18291265;;M;29;CHILENO;;Millenial;PROVIDENCIA                   ;METROPOLITANA;0;0;0;0;0;0;0;0;0;LED 32 CS32S1 SMART TV HD NEGRO;ELECTRONICA MAYOR
19880234;;F;24;CHILENO;;Z;PROVIDENCIA                   ;METROPOLITANA;0;0;0;0;0;0;0;0;0;LED 50 UN50TU7090GXZS UHD SMART TV;ELECTRONICA MAYOR
12856576;;F;47;CHILENO;;X;PROVIDENCIA                   ;METROPOLITANA;0;0;0;0;0;0;0;0;0;LED 55 55NANO79 NanoCell UHD SMART TV;ELECTRONICA MAYOR
16341209;;F;35;CHILENO;;Millenial;N/D;N/D;0;0;0;0;0;0;0;0;0;LED 55 55PUD6794 SMART TV UHD 4K;ELECTRONICA MAYOR
13520976;;M;44;CHILENO;;X;LA FLORIDA                    ;METROPOLITANA;0;0;0;0;0;0;0;0;0;LED KIOTO 32 MI3228 SMART TV;ELECTRONICA MAYOR
13539014;;M;43;CHILENO;;X;PROVIDENCIA                   ;METROPOLITANA;0;0;0;0;0;0;0;0;0;LED KIOTO 32 MI3228 SMART TV;ELECTRONICA MAYOR
19261037;;M;26;CHILENO;;Z;RANCAGUA                      ;L.G.B.OÂ´HIGGINS;0;0;0;0;0;0;0;0;0;LED 50 UN50TU7090GXZS UHD SMART TV;ELECTRONICA MAYOR
7133798;Casado;M;67;CHILENO;;Boomers;RANCAGUA                      ;L.G.B.OÂ´HIGGINS;0;0;0;0;0;0;0;0;0;LED 40 KEHD4020 SMART TV;ELECTRONICA MAYOR
10914253;;M;55;CHILENO;;Boomers;PROVIDENCIA                   ;METROPOLITANA;0;0;0;0;0;0;0;0;0;LED 55 55UN7100 UHD SMART TV;ELECTRONICA MAYOR
9811751;;M;58;CHILENO;;Silencioso;PICHIDEGUA                    ;L.G.B.OÂ´HIGGINS;0;0;0;0;0;0;0;0;0;PARLANTE SPBYF7 PORTATIL;ELECTRONICA MAYOR
18452177;;F;28;CHILENO;;Silencioso;PROVIDENCIA                   ;METROPOLITANA;0;0;0;0;0;0;0;0;0;LED 50 UN50TU7090GXZS UHD SMART TV;ELECTRONICA MAYOR
12316439;;F;48;CHILENO;;X;COLBUN                        ;MAULE;0;0;0;0;0;0;0;0;0;LED 43 UN43T5202AGXZS FHD SMART TV;ELECTRONICA MAYOR
6364487;Divorciado;F;67;CHILENO;;Boomers;SANTIAGO                      ;METROPOLITANA;0;0;0;0;0;0;0;0;0;QLED FRAME 32 QN32LS03TBGXZS FHD SMART TV;ELECTRONICA MAYOR
17420434;Soltero;M;32;CHILENO;;Silencioso;PROVIDENCIA                   ;METROPOLITANA;0;0;0;0;0;0;0;0;0;LED 50 50PUD6513/44 SMART TV UHD 4K;ELECTRONICA MAYOR
19154913;Soltero;F;26;CHILENO;;Z;PROVIDENCIA                   ;METROPOLITANA;0;0;0;0;0;0;0;0;0;LED 40 KEHD4020 SMART TV;ELECTRONICA MAYOR
16084364;;F;37;CHILENO;;Millenial;PROVIDENCIA                   ;METROPOLITANA;0;0;0;0;0;0;0;0;0;LED 50 UN50TU7090GXZS UHD SMART TV;ELECTRONICA MAYOR
20254336;;M;23;CHILENO;;Millenial;PROVIDENCIA                   ;METROPOLITANA;0;0;0;0;0;0;0;0;0;LED 50 50U6295 SMART TV UHD;ELECTRONICA MAYOR
8832160;;M;63;CHILENO;;Boomers;CURANILAHUE                   ;BIO BIO;0;0;0;0;0;0;0;0;0;LED 43 43LM6300PSB SMART TV HD;ELECTRONICA MAYOR
19630731;;M;25;CHILENO;;Silencioso;PROVIDENCIA                   ;METROPOLITANA;0;0;0;0;0;0;0;0;0;LED 49 49UN7100 UHD SMART TV;ELECTRONICA MAYOR
17633315;;F;43;CHILENO;;X;PUERTO MONTT                  ;LOS LAGOS;0;0;0;0;0;0;0;0;0;MINICOMPONENTE RN9;ELECTRONICA MAYOR
7322569;;F;66;CHILENO;;Boomers;FREIRE                        ;ARAUCANIA;0;0;0;0;0;0;0;0;0;LED KIOTO 32 MI3228 SMART TV;ELECTRONICA MAYOR
18215299;;M;30;CHILENO;;Millenial;PROVIDENCIA                   ;METROPOLITANA;0;0;0;0;0;0;0;0;0;LED 55 UN55TU7090GXZS SMART TV UHD;ELECTRONICA MAYOR
8438279;;M;65;CHILENO;;Boomers;TALCAHUANO                    ;BIO BIO;0;0;0;0;0;0;0;0;0;LED 55 UN55TU8300GXZS UHD SMART TV CURVO;ELECTRONICA MAYOR
19253664;Soltero;F;26;CHILENO;;Z;PROVIDENCIA                   ;METROPOLITANA;0;0;0;0;0;0;0;0;0;LED 50 50P615-50P ANDROID TV PASSION LINE UHD 4K;ELECTRONICA MAYOR
14332874;;F;45;CHILENO;;X;ANGOL                         ;ARAUCANIA;0;0;0;0;0;0;0;0;0;LED 43 UN43T5202AGXZS FHD SMART TV;ELECTRONICA MAYOR
15420744;Soltero;M;40;CHILENO;;X;PENAFLOR                      ;METROPOLITANA;0;0;0;0;0;0;0;0;0;LED 40 KEHD4020 SMART TV;ELECTRONICA MAYOR
18285688;;M;29;CHILENO;;Millenial;N/D;N/D;0;0;0;0;0;0;0;0;0;LED 40 KEHD4020 SMART TV;ELECTRONICA MAYOR
13057468;;M;45;CHILENO;;Millenial;N/D;N/D;0;0;0;0;0;0;0;0;0;LED 40 KEHD4020 SMART TV;ELECTRONICA MAYOR
17918592;;F;30;CHILENO;;Millenial;PROVIDENCIA                   ;METROPOLITANA;0;0;0;0;0;0;0;0;0;LED 50 UN50TU7090GXZS UHD SMART TV;ELECTRONICA MAYOR
11327427;;M;54;CHILENO;;X;PROVIDENCIA                   ;METROPOLITANA;0;0;0;0;0;0;0;0;0;LED 50 UN50TU7090GXZS UHD SMART TV;ELECTRONICA MAYOR
13473143;Soltero;M;44;CHILENO;INGENIERO;X;RENCA                         ;METROPOLITANA;0;0;0;0;0;0;0;0;0;LED 43 UN43T5202AGXZS FHD SMART TV;ELECTRONICA MAYOR
7729046;;M;65;CHILENO;;Boomers;GORBEA                        ;ARAUCANIA;0;0;0;0;0;0;0;0;0;LED 43 43UN7300 UHD SMART TV 4K;ELECTRONICA MAYOR
19430846;;M;25;CHILENO;;Z;N/D;N/D;0;0;0;0;0;0;0;0;0;LED 40 KEHD4020 SMART TV;ELECTRONICA MAYOR
23365988;;M;49;VENEZOLANO;;Extranjero;SANTIAGO                      ;METROPOLITANA;0;0;0;0;0;0;0;0;0;SOUNDBAR SN6Y;ELECTRONICA MAYOR
15712149;Soltero;F;38;CHILENO;;X;PUERTO MONTT                  ;LOS LAGOS;0;0;0;0;0;0;0;0;0;LED 50 UN50TU7090GXZS UHD SMART TV;ELECTRONICA MAYOR
13009096;Soltero;F;45;CHILENO;;X;RENCA                         ;METROPOLITANA;0;0;0;0;0;0;0;0;0;LED 55 55UN7100 UHD SMART TV;ELECTRONICA MAYOR
15477670;;M;39;CHILENO;;X;COIHAIQUE                     ;AYSEN;0;0;0;0;0;0;0;0;0;LED 49 49UN7100 UHD SMART TV;ELECTRONICA MAYOR
12330077;;F;48;CHILENO;;X;LEBU                          ;BIO BIO;0;0;0;0;0;0;0;0;0;LED KIOTO 32 MI3228 SMART TV;ELECTRONICA MAYOR
7957743;;F;64;CHILENO;;Boomers;CURICO                        ;MAULE;0;0;0;0;0;0;0;0;0;LED 50 50U6295 SMART TV UHD;ELECTRONICA MAYOR
19685222;;M;24;CHILENO;;Silencioso;PROVIDENCIA                   ;METROPOLITANA;0;0;0;0;0;0;0;0;0;LED 43 43UN7300 UHD SMART TV 4K;ELECTRONICA MAYOR
9846956;;F;55;CHILENO;;Boomers;CALBUCO                       ;LOS LAGOS;0;0;0;0;0;0;0;0;0;LED 32 32S5295 SMART TV HD;ELECTRONICA MAYOR
20311089;;F;22;CHILENO;;Silencioso;PROVIDENCIA                   ;METROPOLITANA;0;0;0;0;0;0;0;0;0;MONITOR 24 24TL520S SMART TV HD;ELECTRONICA MAYOR
17853950;Casado;F;30;CHILENO;;Silencioso;PROVIDENCIA                   ;METROPOLITANA;0;0;0;0;0;0;0;0;0;LED 50 50PUD6513/44 SMART TV UHD 4K;ELECTRONICA MAYOR
18096983;Soltero;M;30;CHILENO;;Millenial;PROVIDENCIA                   ;METROPOLITANA;0;0;0;0;0;0;0;0;0;LED 32 32LM630BPSB SMART TV;ELECTRONICA MAYOR
10855372;;F;52;CHILENO;;X;LA GRANJA                     ;METROPOLITANA;0;0;0;0;0;0;0;0;0;LED KIOTO 32 MI3228 SMART TV;ELECTRONICA MAYOR
18979734;;M;26;CHILENO;;Z;PROVIDENCIA                   ;METROPOLITANA;0;0;0;0;0;0;0;0;0;LED 43 UN43T5202AGXZS FHD SMART TV;ELECTRONICA MAYOR
20109421;;M;23;CHILENO;;Silencioso;PROVIDENCIA                   ;METROPOLITANA;0;0;0;0;0;0;0;0;0;KARAOKE FUNKY DISCO;ELECTRONICA MAYOR
20086099;;F;29;CHILENO;;Millenial;N/D;N/D;0;0;0;0;0;0;0;0;0;LED 55 55UN7100 UHD SMART TV;ELECTRONICA MAYOR
17633112;;M;43;CHILENO;;X;PUERTO MONTT                  ;LOS LAGOS;0;0;0;0;0;0;0;0;0;LED KIOTO 32 MI3228 SMART TV;ELECTRONICA MAYOR
19749876;;M;24;CHILENO;;Z;PROVIDENCIA                   ;METROPOLITANA;0;0;0;0;0;0;0;0;0;PARLANTE COBRA;ELECTRONICA MAYOR
14405524;;M;49;CHILENO;;X;CASTRO                        ;LOS LAGOS;0;0;0;0;0;0;0;0;0;SISTEMA DE SONIDO LK72B;ELECTRONICA MAYOR
10867553;;F;54;CHILENO;;X;VINA DEL MAR                  ;VALPARAISO;0;0;0;0;0;0;0;0;0;LED 49 49UN7100 UHD SMART TV;ELECTRONICA MAYOR
16195299;;M;36;CHILENO;;Millenial;ALTO HOSPICIO;TARAPACA;0;0;0;0;0;0;0;0;0;MONITOR 24 24TL520S SMART TV HD;ELECTRONICA MAYOR
5180152;;M;76;CHILENO;;Silencioso;BUIN                          ;METROPOLITANA;0;0;0;0;0;0;0;0;0;PARLANTE SPBYF7 PORTATIL;ELECTRONICA MAYOR
11275288;;M;53;CHILENO;;X;RANCAGUA                      ;L.G.B.OÂ´HIGGINS;0;0;0;0;0;0;0;0;0;LED 50 UN50TU7090GXZS UHD SMART TV;ELECTRONICA MAYOR
15602934;;F;38;CHILENO;;X;N/D;N/D;0;0;0;0;0;0;0;0;0;LED 40 40S65A-40P ANDROID TV SMART LINE FHD;ELECTRONICA MAYOR
16874854;;F;34;CHILENO;;Millenial;COPIAPO                       ;ATACAMA;0;0;0;0;0;0;0;0;0;LED 55 UN55TU7090GXZS SMART TV UHD;ELECTRONICA MAYOR
19758988;;M;24;CHILENO;;Z;HUALAIHUE                     ;LOS LAGOS;0;0;0;0;0;0;0;0;0;LED 55 55UN7100 UHD SMART TV;ELECTRONICA MAYOR
4814640;;M;77;CHILENO;;Silencioso;N/D;N/D;0;0;0;0;0;0;0;0;0;LED 32 UN32T4300AGXZS HD SMART TV;ELECTRONICA MAYOR
18878454;Soltero;F;26;CHILENO;NUTRICIONISTA;Z;PROVIDENCIA                   ;METROPOLITANA;0;0;0;0;0;0;0;0;0;LED 50 50UN8000 UHD SMART;ELECTRONICA MAYOR
20283368;;M;23;CHILENO;;Silencioso;PROVIDENCIA                   ;METROPOLITANA;0;0;0;0;0;0;0;0;0;LED 43 UN43T5202AGXZS FHD SMART TV;ELECTRONICA MAYOR
12307773;;M;50;CHILENO;;X;PUENTE ALTO                   ;METROPOLITANA;0;0;0;0;0;0;0;0;0;MINICOMPONENTE MHC-V13 ALL IN ONE;ELECTRONICA MAYOR
6972972;;M;68;CHILENO;;Boomers;EL BOSQUE                     ;METROPOLITANA;0;0;0;0;0;0;0;0;0;LED 43 UN43TU7090GXZS UHD SMART TV;ELECTRONICA MAYOR
15530591;;M;39;CHILENO;;X;PROVIDENCIA                   ;METROPOLITANA;0;0;0;0;0;0;0;0;0;LED 32 UN32T4300AGXZS HD SMART TV;ELECTRONICA MAYOR
11557161;;F;52;CHILENO;;X;CURICO                        ;MAULE;0;0;0;0;0;0;0;0;0;LED 43 UN43T5202AGXZS FHD SMART TV;ELECTRONICA MAYOR
13673230;;F;42;CHILENO;;Silencioso;PROVIDENCIA                   ;METROPOLITANA;0;0;0;0;0;0;0;0;0;LED 32 UN32T4300AGXZS HD SMART TV;ELECTRONICA MAYOR
18675115;;F;28;CHILENO;;Millenial;PROVIDENCIA                   ;METROPOLITANA;0;0;0;0;0;0;0;0;0;MINICOMPONENTE CJ45;ELECTRONICA MAYOR
12820427;;F;47;CHILENO;;X;QUILLOTA                      ;VALPARAISO;0;0;0;0;0;0;0;0;0;PARLANTE ULTRAFUSION;ELECTRONICA MAYOR
16733028;Soltero;M;34;CHILENO;;Millenial;PROVIDENCIA                   ;METROPOLITANA;0;0;0;0;0;0;0;0;0;LED KIOTO 32 MI3228 SMART TV;ELECTRONICA MAYOR
8605218;;F;62;CHILENO;;Boomers;N/D;N/D;0;0;0;0;0;0;0;0;0;LED 58 58PUD6513/44 SMART TV UHD;ELECTRONICA MAYOR
15288991;Casado;F;40;CHILENO;;X;PROVIDENCIA                   ;METROPOLITANA;0;0;0;0;0;0;0;0;0;LED 50 KEUH50 SMART TV UHD;ELECTRONICA MAYOR
8267686;;M;48;CHILENO;;Silencioso;PROVIDENCIA                   ;METROPOLITANA;0;0;0;0;0;0;0;0;0;LED 40 KEHD4020 SMART TV;ELECTRONICA MAYOR
14279352;;M;49;CHILENO;;X;RENCA                         ;METROPOLITANA;0;0;0;0;0;0;0;0;0;LED KIOTO 32 MI3228 SMART TV;ELECTRONICA MAYOR
14377016;;M;45;CHILENO;;X;N/D;N/D;0;0;0;0;0;0;0;0;0;SISTEMA DE SONIDO LK72B;ELECTRONICA MAYOR
8745107;Casado;M;61;CHILENO;;Boomers;PROVIDENCIA                   ;METROPOLITANA;0;0;0;0;0;0;0;0;0;LED KIOTO 32 MI3228 SMART TV;ELECTRONICA MAYOR
9709004;;M;58;CHILENO;;Boomers;LA GRANJA                     ;METROPOLITANA;0;0;0;0;0;0;0;0;0;LED 40 KEHD4020 SMART TV;ELECTRONICA MAYOR
19014312;Soltero;M;26;CHILENO;;Silencioso;PROVIDENCIA                   ;METROPOLITANA;0;0;0;0;0;0;0;0;0;MINICOMPONENTE CJ45;ELECTRONICA MAYOR
7067571;Casado;F;66;CHILENO;;Boomers;VALPARAISO                    ;VALPARAISO;0;0;0;0;0;0;0;0;0;LED 32 UN32T4300AGXZS HD SMART TV;ELECTRONICA MAYOR
6955847;;F;67;CHILENO;;Boomers;CALBUCO                       ;LOS LAGOS;0;0;0;0;0;0;0;0;0;LED 40 KEHD4020 SMART TV;ELECTRONICA MAYOR
6372522;Casado;M;66;CHILENO;;Silencioso;PROVIDENCIA                   ;METROPOLITANA;0;0;0;0;0;0;0;0;0;LED 32 32LM630BPSB SMART TV;ELECTRONICA MAYOR
10338932;;F;45;CHILENO;;X;RENCA                         ;METROPOLITANA;0;0;0;0;0;0;0;0;0;MINICOMPONENTE MX-T70/ZS ALL IN ONE;ELECTRONICA MAYOR
12799218;Casado;F;47;CHILENO;;X;PROVIDENCIA                   ;METROPOLITANA;0;0;0;0;0;0;0;0;0;PARLANTE SPBYF7 PORTATIL;ELECTRONICA MAYOR
19461569;;F;25;CHILENO;;Z;COIHAIQUE                     ;AYSEN;0;0;0;0;0;0;0;0;0;LED 55 UN55TU7090GXZS SMART TV UHD;ELECTRONICA MAYOR
15313411;Casado;M;39;CHILENO;MEDICO CIRUJANO;Silencioso;PROVIDENCIA                   ;METROPOLITANA;0;0;0;0;0;0;0;0;0;LED 32 UN32T4300AGXZS HD SMART TV;ELECTRONICA MAYOR
6897519;Soltero;M;69;CHILENO;;Silencioso;PADRE LAS CASAS               ;ARAUCANIA;0;0;0;0;0;0;0;0;0;PARLANTE BT T15 NEGRO + ATRIL;ELECTRONICA MAYOR
10580296;;F;58;CHILENO;;Boomers;CANETE                        ;BIO BIO;0;0;0;0;0;0;0;0;0;LED KIOTO 32 MI3228 SMART TV;ELECTRONICA MAYOR
18877754;Soltero;F;27;CHILENO;PROFESOR;Z;PROVIDENCIA                   ;METROPOLITANA;0;0;0;0;0;0;0;0;0;SISTEMA DE SONIDO CM1560;ELECTRONICA MAYOR
18093751;Soltero;F;29;CHILENO;;Millenial;PROVIDENCIA                   ;METROPOLITANA;0;0;0;0;0;0;0;0;0;PARLANTE BT T15 NEGRO + ATRIL;ELECTRONICA MAYOR
13709677;Casado;M;43;CHILENO;CONTADOR GENERAL;X;CURACAVI                      ;METROPOLITANA;0;0;0;0;0;0;0;0;0;LED 40 KEHD4020 SMART TV;ELECTRONICA MAYOR
25727032;;M;46;CUBANO;;Extranjero;CONCEPCION                    ;BIO BIO;0;0;0;0;0;0;0;0;0;LED KIOTO 32 MI3228 SMART TV;ELECTRONICA MAYOR
13907557;;M;42;CHILENO;;Silencioso;PROVIDENCIA                   ;METROPOLITANA;0;0;0;0;0;0;0;0;0;LED 32 32LM630BPSB SMART TV;ELECTRONICA MAYOR
17212057;;M;33;CHILENO;;Millenial;PUENTE ALTO                   ;METROPOLITANA;0;0;0;0;0;0;0;0;0;LED 55 55UN7100 UHD SMART TV;ELECTRONICA MAYOR
17061111;;M;33;CHILENO;;Millenial;PROVIDENCIA                   ;METROPOLITANA;0;0;0;0;0;0;0;0;0;MINICOMPONENTE RN9;ELECTRONICA MAYOR
18842100;Soltero;M;27;CHILENO;;Silencioso;PROVIDENCIA                   ;METROPOLITANA;0;0;0;0;0;0;0;0;0;LED 40 KEHD4020 SMART TV;ELECTRONICA MAYOR
17582218;;F;32;CHILENO;;Millenial;LONCOCHE                      ;ARAUCANIA;0;0;0;0;0;0;0;0;0;LED 43 UN43T5202AGXZS FHD SMART TV;ELECTRONICA MAYOR
13510701;;M;43;CHILENO;;X;TALCAHUANO                    ;BIO BIO;0;0;0;0;0;0;0;0;0;LED 43 43S5295 SMART TV FHD;ELECTRONICA MAYOR
6175812;Viudo;F;72;CHILENO;;Silencioso;PROVIDENCIA                   ;METROPOLITANA;0;0;0;0;0;0;0;0;0;MINICOMPONENTE CM4360;ELECTRONICA MAYOR
17116610;Soltero;M;34;CHILENO;BIOTECNOLOGO INDUSTRIAL;Millenial;CASTRO                        ;LOS LAGOS;0;0;0;0;0;0;0;0;0;LED 55 55UN7100 UHD SMART TV;ELECTRONICA MAYOR
26200932;;M;32;HAITIANO;;Extranjero;SAN ANTONIO                   ;VALPARAISO;0;0;0;0;0;0;0;0;0;MONITOR 24 24TL520S SMART TV HD;ELECTRONICA MAYOR
12227321;;F;49;CHILENO;;X;PROVIDENCIA                   ;METROPOLITANA;0;0;0;0;0;0;0;0;0;LED 32 UN32T4300AGXZS HD SMART TV;ELECTRONICA MAYOR
17013173;;F;35;CHILENO;;Millenial;ARICA                         ;ARICA Y PARINACOTA;0;0;0;0;0;0;0;0;0;MINICOMPONENTE MHC-V13 ALL IN ONE;ELECTRONICA MAYOR
8983006;;M;62;CHILENO;;Boomers;TALCA                         ;MAULE;0;0;0;0;0;0;0;0;0;PARLANTE KARAOKE RM2 15 PULGADAS;ELECTRONICA MAYOR
7610722;;F;65;CHILENO;;Boomers;SAN CLEMENTE                  ;MAULE;0;0;0;0;0;0;0;0;0;LED 55 UN55TU8300GXZS UHD SMART TV CURVO;ELECTRONICA MAYOR
16098734;;M;40;CHILENO;;X;PROVIDENCIA                   ;METROPOLITANA;0;0;0;0;0;0;0;0;0;LED 43 43UN7300 UHD SMART TV 4K;ELECTRONICA MAYOR
12350963;;M;49;CHILENO;;X;RENCA                         ;METROPOLITANA;0;0;0;0;0;0;0;0;0;LED 49 49UN7100 UHD SMART TV;ELECTRONICA MAYOR
16603612;;M;35;CHILENO;;Millenial;LA PINTANA                    ;METROPOLITANA;0;0;0;0;0;0;0;0;0;LED 43 43LM6300PSB SMART TV HD;ELECTRONICA MAYOR
12283657;;F;50;CHILENO;;X;RENCA                         ;METROPOLITANA;0;0;0;0;0;0;0;0;0;LED 32 UN32T4300AGXZS HD SMART TV;ELECTRONICA MAYOR
10162668;Casado;M;54;CHILENO;INGENIERO COMERCIAL;Boomers;PROVIDENCIA                   ;METROPOLITANA;0;0;0;0;0;0;0;0;0;QLED 55 QN55Q60TAGXZS SMART TV;ELECTRONICA MAYOR
9865158;;M;59;CHILENO;;Boomers;LA PINTANA                    ;METROPOLITANA;0;0;0;0;0;0;0;0;0;LED 55 UN55TU8300GXZS UHD SMART TV CURVO;ELECTRONICA MAYOR
9786191;;M;59;CHILENO;;Boomers;PROVIDENCIA                   ;METROPOLITANA;0;0;0;0;0;0;0;0;0;MINICOMPONENTE MHC-V13 ALL IN ONE;ELECTRONICA MAYOR
7083590;;M;68;CHILENO;;Silencioso;PUNTA ARENAS                  ;MAGALLANES;0;0;0;0;0;0;0;0;0;LED 58 58PUD6513/44 SMART TV UHD;ELECTRONICA MAYOR
17821363;;F;31;CHILENO;;Silencioso;PROVIDENCIA                   ;METROPOLITANA;0;0;0;0;0;0;0;0;0;LED 40 KEHD4020 SMART TV;ELECTRONICA MAYOR
13764720;Soltero;M;41;CHILENO;;X;RENCA                         ;METROPOLITANA;0;0;0;0;0;0;0;0;0;MONITOR 24 24TL520S SMART TV HD;ELECTRONICA MAYOR
11176066;;M;54;CHILENO;;Boomers;YERBAS BUENAS                 ;MAULE;0;0;0;0;0;0;0;0;0;LED 55 55NANO79 NanoCell UHD SMART TV;ELECTRONICA MAYOR
15499114;;M;36;CHILENO;;Millenial;PROVIDENCIA                   ;METROPOLITANA;0;0;0;0;0;0;0;0;0;LED 55 55UN7100 UHD SMART TV;ELECTRONICA MAYOR
8038925;;M;62;CHILENO;;Boomers;PROVIDENCIA                   ;METROPOLITANA;0;0;0;0;0;0;0;0;0;LED 55 55UN7100 UHD SMART TV;ELECTRONICA MAYOR
19923788;;M;24;CHILENO;;Z;PROVIDENCIA                   ;METROPOLITANA;0;0;0;0;0;0;0;0;0;LED 43 CS43S1USM UHD SMART TV NEGRO;ELECTRONICA MAYOR
7536459;;M;62;CHILENO;;Boomers;LO ESPEJO                     ;METROPOLITANA;0;0;0;0;0;0;0;0;0;LED 32 32PHD5813 SMART TV HD;ELECTRONICA MAYOR
15324999;;F;55;CHILENO;;Boomers;TEMUCO                        ;ARAUCANIA;0;0;0;0;0;0;0;0;0;LED 43 43PFD5813 SMART TV FULL HD;ELECTRONICA MAYOR
7465410;;F;67;CHILENO;;Boomers;RANCAGUA                      ;L.G.B.OÂ´HIGGINS;0;0;0;0;0;0;0;0;0;LED KIOTO 32 MI3228 SMART TV;ELECTRONICA MAYOR
16875998;Soltero;F;34;CHILENO;TECNICO DE NIVEL SUPERIOR EN ENFERMERIA;Millenial;PROVIDENCIA                   ;METROPOLITANA;0;0;0;0;0;0;0;0;0;MINICOMPONENTE RN7;ELECTRONICA MAYOR
17781488;Soltero;M;31;CHILENO;;Millenial;N/D;N/D;0;0;0;0;0;0;0;0;0;LED 32 UN32T4300AGXZS HD SMART TV;ELECTRONICA MAYOR
7449506;Casado;M;64;CHILENO;;Boomers;EL MONTE                      ;METROPOLITANA;0;0;0;0;0;0;0;0;0;MINICOMPONENTE OL45;ELECTRONICA MAYOR
8528305;;M;63;CHILENO;;Boomers;COLINA                        ;METROPOLITANA;0;0;0;0;0;0;0;0;0;MINICOMPONENTE RN5;ELECTRONICA MAYOR
5131541;;M;76;CHILENO;;Silencioso;RENCA                         ;METROPOLITANA;0;0;0;0;0;0;0;0;0;LED 32 32PHD5813 SMART TV HD;ELECTRONICA MAYOR
10275259;;M;53;CHILENO;;X;INDEPENDENCIA                 ;METROPOLITANA;0;0;0;0;0;0;0;0;0;LED 43 43S5295 SMART TV FHD;ELECTRONICA MAYOR
16492960;;F;36;CHILENO;;Millenial;PROVIDENCIA                   ;METROPOLITANA;0;0;0;0;0;0;0;0;0;MINICOMPONENTE RN5;ELECTRONICA MAYOR
9587037;;M;59;CHILENO;;Boomers;RECOLETA                      ;METROPOLITANA;0;0;0;0;0;0;0;0;0;LED 43 UN43J5202AGXZS SMART TV FHD;ELECTRONICA MAYOR
13135618;;M;45;CHILENO;;X;TALCAHUANO                    ;BIO BIO;0;0;0;0;0;0;0;0;0;MINICOMPONENTE OL45;ELECTRONICA MAYOR
19293105;;F;26;CHILENO;;Z;LOS ANGELES                   ;BIO BIO;0;0;0;0;0;0;0;0;0;LED KIOTO 32 MI3228 SMART TV;ELECTRONICA MAYOR
11432991;;F;53;CHILENO;;X;PUERTO MONTT                  ;LOS LAGOS;0;0;0;0;0;0;0;0;0;KARAOKE STREET3 8 CON MICROFONO RED;ELECTRONICA MAYOR
11279073;;F;54;CHILENO;;X;COINCO                        ;L.G.B.OÂ´HIGGINS;0;0;0;0;0;0;0;0;0;PARLANTE ULTRAMEGA;ELECTRONICA MAYOR
10560622;;M;55;CHILENO;;Boomers;CASTRO                        ;LOS LAGOS;0;0;0;0;0;0;0;0;0;LED 32 32LK540 HD SMART;ELECTRONICA MAYOR
13362086;;M;45;CHILENO;;X;LA SERENA                     ;COQUIMBO;0;0;0;0;0;0;0;0;0;MINICOMPONENTE MX-T40/ZS ALL IN ONE;ELECTRONICA MAYOR
10394971;;F;58;CHILENO;;Boomers;PICHILEMU                     ;L.G.B.OÂ´HIGGINS;0;0;0;0;0;0;0;0;0;LED 43 43LM6300PSB SMART TV HD;ELECTRONICA MAYOR
11694145;;F;51;CHILENO;;X;RENCA                         ;METROPOLITANA;0;0;0;0;0;0;0;0;0;KARAOKE RHYTHM CHARGER 12 MIC CABLE 8890;ELECTRONICA MAYOR
19755806;;F;24;CHILENO;;Z;N/D;N/D;0;0;0;0;0;0;0;0;0;LED 43 43S5295 SMART TV FHD;ELECTRONICA MAYOR
17706048;;M;31;CHILENO;;Millenial;RENCA                         ;METROPOLITANA;0;0;0;0;0;0;0;0;0;LED 32 32LM630BPSB SMART TV;ELECTRONICA MAYOR
10364890;;M;54;CHILENO;;X;LOS ANDES                     ;VALPARAISO;0;0;0;0;0;0;0;0;0;KARAOKE RHYTHM CHARGER 12 MIC CABLE 8890;ELECTRONICA MAYOR
13583002;;M;43;CHILENO;;X;SAN JAVIER                    ;MAULE;0;0;0;0;0;0;0;0;0;LED 32 32LK540 HD SMART;ELECTRONICA MAYOR
25686476;;M;33;VENEZOLANO;;Extranjero;QUILICURA                     ;METROPOLITANA;0;0;0;0;0;0;0;0;0;MINICOMPONENTE CJ45;ELECTRONICA MAYOR
12664585;;M;48;CHILENO;;X;OVALLE                        ;COQUIMBO;0;0;0;0;0;0;0;0;0;PARLANTE ULTRAMAGIC;ELECTRONICA MAYOR
19145389;;M;26;CHILENO;;Z;PROVIDENCIA                   ;METROPOLITANA;0;0;0;0;0;0;0;0;0;LED 55 55NANO79 NanoCell UHD SMART TV;ELECTRONICA MAYOR
12595792;;M;48;CHILENO;;X;RENCA                         ;METROPOLITANA;0;0;0;0;0;0;0;0;0;LED 43 CS43S1USM UHD SMART TV NEGRO;ELECTRONICA MAYOR
13911695;;M;42;CHILENO;;X;PROVIDENCIA                   ;METROPOLITANA;0;0;0;0;0;0;0;0;0;LED 32 UN32T4300AGXZS HD SMART TV;ELECTRONICA MAYOR
7014699;;M;64;CHILENO;;Boomers;EL QUISCO                     ;VALPARAISO;0;0;0;0;0;0;0;0;0;LED 55 UN55TU7090GXZS SMART TV UHD;ELECTRONICA MAYOR
18485799;Soltero;M;28;CHILENO;;Millenial;PROVIDENCIA                   ;METROPOLITANA;0;0;0;0;0;0;0;0;0;LED 32 CS32S1 SMART TV HD NEGRO;ELECTRONICA MAYOR
13897702;;F;42;CHILENO;;X;MELIPILLA                     ;METROPOLITANA;0;0;0;0;0;0;0;0;0;LED 32 32LK540 HD SMART;ELECTRONICA MAYOR
19455378;;F;37;CHILENO;;Millenial;CURICO                        ;MAULE;0;0;0;0;0;0;0;0;0;LED 43 43PFD5813 SMART TV FULL HD;ELECTRONICA MAYOR
8933867;Casado;M;59;CHILENO;;Boomers;RENCA                         ;METROPOLITANA;0;0;0;0;0;0;0;0;0;SOUNDBAR HW-T450/ZS;ELECTRONICA MAYOR
11276198;;F;53;CHILENO;;X;RENCA                         ;METROPOLITANA;0;0;0;0;0;0;0;0;0;LED 43 43S5295 SMART TV FHD;ELECTRONICA MAYOR
12189693;;F;49;CHILENO;;X;PEDRO AGUIRRE CERDA           ;METROPOLITANA;0;0;0;0;0;0;0;0;0;LED 55 UN55TU7090GXZS SMART TV UHD;ELECTRONICA MAYOR
18414828;;F;29;CHILENO;;Millenial;NUEVA IMPERIAL                ;ARAUCANIA;0;0;0;0;0;0;0;0;0;KARAOKE RHYTHM CHARGER 12 MIC CABLE 8890;ELECTRONICA MAYOR
25169791;;F;45;PERUANO;;Extranjero;ANTOFAGASTA                   ;ANTOFAGASTA;0;0;0;0;0;0;0;0;0;PARLANTE ULTRAFORCE-I;ELECTRONICA MAYOR
15983422;Soltero;F;37;CHILENO;;Millenial;"";"";0;0;0;0;0;0;0;0;0;LED 60 60UN7310 SMART TV UHD;ELECTRONICA MAYOR
19263899;Soltero;F;26;CHILENO;;Z;PROVIDENCIA                   ;METROPOLITANA;0;0;0;0;0;0;0;0;0;LED 49 49LJ5100 FHD;ELECTRONICA MAYOR
8965816;;M;45;CHILENO;;Silencioso;PROVIDENCIA                   ;METROPOLITANA;0;0;0;0;0;0;0;0;0;LED 32 UN32T4300AGXZS HD SMART TV;ELECTRONICA MAYOR
10767173;;M;53;CHILENO;;X;CONCEPCION                    ;BIO BIO;0;0;0;0;0;0;0;0;0;LED 43 UN43J5202AGXZS SMART TV FHD;ELECTRONICA MAYOR
19325262;Soltero;F;25;CHILENO;;Silencioso;PROVIDENCIA                   ;METROPOLITANA;0;0;0;0;0;0;0;0;0;LED 50 50PUD6654 SMART TV UHD BL BT SILVER;ELECTRONICA MAYOR
8022592;;M;65;CHILENO;;Boomers;ARICA                         ;TARAPACA;0;0;0;0;0;0;0;0;0;LED 50 UN50TU7090GXZS UHD SMART TV;ELECTRONICA MAYOR
9070144;;M;59;CHILENO;;Boomers;RENCA                         ;METROPOLITANA;0;0;0;0;0;0;0;0;0;LED 40 KDL-40W655D LA8 SMART TV FHD;ELECTRONICA MAYOR
17607131;;M;30;CHILENO;;Millenial;PROVIDENCIA                   ;METROPOLITANA;0;0;0;0;0;0;0;0;0;LED 50 UN50TU7090GXZS UHD SMART TV;ELECTRONICA MAYOR
14191684;;M;41;CHILENO;;Silencioso;PROVIDENCIA                   ;METROPOLITANA;0;0;0;0;0;0;0;0;0;LED 49 49UN7100 UHD SMART TV;ELECTRONICA MAYOR
12452267;;M;49;CHILENO;;X;PROVIDENCIA                   ;METROPOLITANA;0;0;0;0;0;0;0;0;0;LED 43 UN43J5202AGXZS SMART TV FHD;ELECTRONICA MAYOR
18711010;Soltero;F;28;CHILENO;NUTRICIONISTA;Millenial;PROVIDENCIA                   ;METROPOLITANA;0;0;0;0;0;0;0;0;0;PARLANTE ULTRAFORCE-I;ELECTRONICA MAYOR
12307359;;F;50;CHILENO;;X;PUENTE ALTO                   ;METROPOLITANA;0;0;0;0;0;0;0;0;0;PARLANTE ULTRASENSATION;ELECTRONICA MAYOR
17324662;;M;32;CHILENO;;Millenial;N/D;N/D;0;0;0;0;0;0;0;0;0;PARLANTE ULTRAFORCE-I;ELECTRONICA MAYOR
24969059;;F;41;BOLIVIANO;;Extranjero;ARICA                         ;ARICA Y PARINACOTA;0;0;0;0;0;0;0;0;0;LED 55 55UN7100 UHD SMART TV;ELECTRONICA MAYOR
16534693;Soltero;M;35;CHILENO;INGENIERO INFORMATICO;Millenial;RENCA                         ;METROPOLITANA;0;0;0;0;0;0;0;0;0;MONITOR 24 24TL520S SMART TV HD;ELECTRONICA MAYOR
12788364;;M;47;CHILENO;;X;CHANCO                        ;MAULE;0;0;0;0;0;0;0;0;0;PARLANTE ULTRAFORCE-I;ELECTRONICA MAYOR
15305856;;M;39;CHILENO;;X;RENCA                         ;METROPOLITANA;0;0;0;0;0;0;0;0;0;LED 32 UN32T4300AGXZS HD SMART TV;ELECTRONICA MAYOR
10111159;;M;55;CHILENO;;Boomers;N/D;N/D;0;0;0;0;0;0;0;0;0;LED 55 55UN7100 UHD SMART TV;ELECTRONICA MAYOR
4485167;;M;79;CHILENO;;Silencioso;ALTO HOSPICIO;TARAPACA;0;0;0;0;0;0;0;0;0;LED 32 32S5295 SMART TV HD;ELECTRONICA MAYOR
16987411;;M;33;CHILENO;;Millenial;N/D;N/D;0;0;0;0;0;0;0;0;0;MINICOMPONENTE OL45;ELECTRONICA MAYOR
7885664;;F;68;CHILENO;;Boomers;RENCA                         ;METROPOLITANA;0;0;0;0;0;0;0;0;0;KARAOKE RHYTHM CHARGER 12 MIC CABLE 8890;ELECTRONICA MAYOR
8263308;;F;62;CHILENO;;Boomers;CONCEPCION                    ;BIO BIO;0;0;0;0;0;0;0;0;0;LED 32 32LK540 HD SMART;ELECTRONICA MAYOR
13454303;Soltero;M;44;CHILENO;INGENIERO DE PROYECTOS;X;PROVIDENCIA                   ;METROPOLITANA;0;0;0;0;0;0;0;0;0;LED 50 50PUD6654 SMART TV UHD BL BT SILVER;ELECTRONICA MAYOR
17664693;Soltero;M;31;CHILENO;;Millenial;PROVIDENCIA                   ;METROPOLITANA;0;0;0;0;0;0;0;0;0;MINICOMPONENTE MX-T50/ZS ALL IN ONE;ELECTRONICA MAYOR
12644814;Casado;M;48;CHILENO;INGENIERO INDUSTRIAL;X;RENCA                         ;METROPOLITANA;0;0;0;0;0;0;0;0;0;LED 43 43LM6300PSB SMART TV HD;ELECTRONICA MAYOR
15983164;Casado;M;37;CHILENO;;Millenial;RENCA                         ;METROPOLITANA;0;0;0;0;0;0;0;0;0;LED 49 49LJ5100 FHD;ELECTRONICA MAYOR
17141391;;F;33;CHILENO;;Millenial;"";"";0;0;0;0;0;0;0;0;0;LED 55 55NANO79 NanoCell UHD SMART TV;ELECTRONICA MAYOR
9505847;;F;57;CHILENO;;Boomers;TOME                          ;BIO BIO;0;0;0;0;0;0;0;0;0;LED 32 UN32T4300AGXZS HD SMART TV;ELECTRONICA MAYOR
13721578;;M;42;CHILENO;;X;PROVIDENCIA                   ;METROPOLITANA;0;0;0;0;0;0;0;0;0;PARLANTE ULTRAMEGA;ELECTRONICA MAYOR
16024469;;M;37;CHILENO;;Millenial;PROVIDENCIA                   ;METROPOLITANA;0;0;0;0;0;0;0;0;0;LED 55 UN55NU7095GXZS SMART TV TV 4K;ELECTRONICA MAYOR
4377559;;M;83;CHILENO;;Silencioso;PAINE                         ;METROPOLITANA;0;0;0;0;0;0;0;0;0;LED 43 UN43TU7090GXZS UHD SMART TV;ELECTRONICA MAYOR
5676496;Viudo;F;72;CHILENO;;Silencioso;RENCA                         ;METROPOLITANA;0;0;0;0;0;0;0;0;0;PARLANTE ULTRAFORCE-I;ELECTRONICA MAYOR
12205301;;M;49;CHILENO;;X;MAIPU                         ;METROPOLITANA;0;0;0;0;0;0;0;0;0;MONITOR 24 24TL520S SMART TV HD;ELECTRONICA MAYOR
12360315;;F;48;CHILENO;;X;PARRAL                        ;MAULE;0;0;0;0;0;0;0;0;0;LED KIOTO 32 MI3228 SMART TV;ELECTRONICA MAYOR
15409606;;M;37;CHILENO;;Millenial;MELIPILLA                     ;METROPOLITANA;0;0;0;0;0;0;0;0;0;PARLANTE ULTRAMAGIC;ELECTRONICA MAYOR
16819565;;F;34;CHILENO;;Millenial;QUILLOTA                      ;VALPARAISO;0;0;0;0;0;0;0;0;0;PARLANTE ULTRAFORCE-I;ELECTRONICA MAYOR
4913613;;F;81;CHILENO;;Silencioso;NOGALES                       ;VALPARAISO;0;0;0;0;0;0;0;0;0;LED 32 32S5295 SMART TV HD;ELECTRONICA MAYOR
17705881;Soltero;M;31;CHILENO;;Millenial;PROVIDENCIA                   ;METROPOLITANA;0;0;0;0;0;0;0;0;0;LED 32 32LK540 HD SMART;ELECTRONICA MAYOR
12405134;;M;49;CHILENO;;X;EL BOSQUE                     ;METROPOLITANA;0;0;0;0;0;0;0;0;0;SOUNDBAR HW-T450/ZS;ELECTRONICA MAYOR
8171772;;M;61;CHILENO;;Boomers;SAN VICENTE                   ;L.G.B.OÂ´HIGGINS;0;0;0;0;0;0;0;0;0;LED 55 55NANO79 NanoCell UHD SMART TV;ELECTRONICA MAYOR
8912625;;F;61;CHILENO;;Boomers;N/D;N/D;0;0;0;0;0;0;0;0;0;LED 55 55UN7100 UHD SMART TV;ELECTRONICA MAYOR
8074138;;M;55;CHILENO;;Boomers;CALERA                        ;VALPARAISO;0;0;0;0;0;0;0;0;0;PARLANTE ULTRAMEGA;ELECTRONICA MAYOR
13381482;;M;43;CHILENO;;X;N/D;N/D;0;0;0;0;0;0;0;0;0;KARAOKE RHYTHM CHARGER 12 MIC CABLE 8890;ELECTRONICA MAYOR
11290613;;F;54;CHILENO;;X;PROVIDENCIA                   ;METROPOLITANA;0;0;0;0;0;0;0;0;0;LED 43 43S5295 SMART TV FHD;ELECTRONICA MAYOR
7671007;;F;72;CHILENO;;Silencioso;CURICO                        ;MAULE;0;0;0;0;0;0;0;0;0;LED 43 UN43J5202AGXZS SMART TV FHD;ELECTRONICA MAYOR
13183040;Soltero;M;45;CHILENO;;X;PROVIDENCIA                   ;METROPOLITANA;0;0;0;0;0;0;0;0;0;LED 32 32PHD5813 SMART TV HD;ELECTRONICA MAYOR
11691492;;F;52;CHILENO;;X;SAN BERNARDO                  ;METROPOLITANA;0;0;0;0;0;0;0;0;0;LED 32 UN32T4300AGXZS HD SMART TV;ELECTRONICA MAYOR
8750467;;M;60;CHILENO;;Boomers;PROVIDENCIA                   ;METROPOLITANA;0;0;0;0;0;0;0;0;0;LED 43 MI4328 SMART TV;ELECTRONICA MAYOR
10264907;;F;55;CHILENO;;Boomers;ANGOL                         ;ARAUCANIA;0;0;0;0;0;0;0;0;0;KARAOKE RHYTHM CHARGER 12 MIC CABLE 8890;ELECTRONICA MAYOR
7714694;;F;66;CHILENO;;Boomers;PUDAHUEL                      ;METROPOLITANA;0;0;0;0;0;0;0;0;0;LED 32 UN32T4300AGXZS HD SMART TV;ELECTRONICA MAYOR
7819517;;F;60;CHILENO;;Boomers;PROVIDENCIA                   ;METROPOLITANA;0;0;0;0;0;0;0;0;0;LED 43 UN43J5202AGXZS SMART TV FHD;ELECTRONICA MAYOR
5180200;;M;75;CHILENO;;Silencioso;SAN CARLOS                    ;BIO BIO;0;0;0;0;0;0;0;0;0;MINICOMPONENTE OL45;ELECTRONICA MAYOR
17751225;;M;31;CHILENO;;Millenial;NANCAGUA                      ;L.G.B.OÂ´HIGGINS;0;0;0;0;0;0;0;0;0;LED 55 UN55NU7095GXZS SMART TV TV 4K;ELECTRONICA MAYOR
26257760;;M;39;EXTRANJERO - NO INFORMA NACIONALIDAD;;Extranjero;TEMUCO                        ;ARAUCANIA;0;0;0;0;0;0;0;0;0;LED 55 UN55NU7095GXZS SMART TV TV 4K;ELECTRONICA MAYOR
12166338;;M;44;CHILENO;;X;PROVIDENCIA                   ;METROPOLITANA;0;0;0;0;0;0;0;0;0;LED KIOTO 32 MI3228 SMART TV;ELECTRONICA MAYOR
13997698;;M;41;CHILENO;;X;PROVIDENCIA                   ;METROPOLITANA;0;0;0;0;0;0;0;0;0;LED 49 49UN7100 UHD SMART TV;ELECTRONICA MAYOR
12400823;;F;49;CHILENO;;X;SAN FELIPE                    ;VALPARAISO;0;0;0;0;0;0;0;0;0;LED 43 MI4328 SMART TV;ELECTRONICA MAYOR
17833572;;M;31;CHILENO;;Millenial;ESTACION CENTRAL              ;METROPOLITANA;0;0;0;0;0;0;0;0;0;LED 50 50PUD6513/44 SMART TV UHD 4K;ELECTRONICA MAYOR
17556965;;M;31;CHILENO;;Millenial;N/D;N/D;0;0;0;0;0;0;0;0;0;LED 55 UN55TU7100GXZS SMART TV;ELECTRONICA MAYOR
24027981;;F;51;COLOMBIANO;;Extranjero;ANTOFAGASTA                   ;ANTOFAGASTA;0;0;0;0;0;0;0;0;0;MNICOMPONENTE OM4560 ALL IN ONE;ELECTRONICA MAYOR
9138420;;F;57;CHILENO;;Boomers;PROVIDENCIA                   ;METROPOLITANA;0;0;0;0;0;0;0;0;0;LED 32 32LM630BPSB SMART TV;ELECTRONICA MAYOR
7966582;;M;64;CHILENO;;Boomers;"";"";0;0;0;0;0;0;0;0;0;LED 65 65UN7300 UHD SMART TV;ELECTRONICA MAYOR
18980942;;M;27;CHILENO;;Millenial;PROVIDENCIA                   ;METROPOLITANA;0;0;0;0;0;0;0;0;0;LED 43 MI4328 SMART TV;ELECTRONICA MAYOR
16832697;;F;34;CHILENO;;Millenial;COPIAPO                       ;ATACAMA;0;0;0;0;0;0;0;0;0;MINICOMPONENTE RN9;ELECTRONICA MAYOR
25939150;;M;34;VENEZOLANO;;Extranjero;N/D;N/D;0;0;0;0;0;0;0;0;0;LED KIOTO 32 MI3228 SMART TV;ELECTRONICA MAYOR
15338765;;M;39;CHILENO;;X;PROVIDENCIA                   ;METROPOLITANA;0;0;0;0;0;0;0;0;0;LED 50 UN50TU7090GXZS UHD SMART TV;ELECTRONICA MAYOR
16354187;Soltero;M;35;CHILENO;ABOGADO;Millenial;RENCA                         ;METROPOLITANA;0;0;0;0;0;0;0;0;0;KARAOKE PORTATIL TWO-EIGHT 8860;ELECTRONICA MAYOR
15845432;;M;37;CHILENO;;Millenial;ARICA                         ;ARICA Y PARINACOTA;0;0;0;0;0;0;0;0;0;LED 43 MI4328 SMART TV;ELECTRONICA MAYOR
14377440;;M;44;CHILENO;;X;RENCA                         ;METROPOLITANA;0;0;0;0;0;0;0;0;0;LED 43 43S6500 SMART TV TV FHD;ELECTRONICA MAYOR
18650683;;M;27;CHILENO;;Z;RANCAGUA                      ;L.G.B.OÂ´HIGGINS;0;0;0;0;0;0;0;0;0;LED 43 MI4328 SMART TV;ELECTRONICA MAYOR
15677611;;M;41;CHILENO;;X;CHILLAN                       ;BIO BIO;0;0;0;0;0;0;0;0;0;MLAB KARAOKE 8 CITY SET MICROFONO INALAMBRICO AT;ELECTRONICA MAYOR
11432046;;M;54;CHILENO;;X;RENCA                         ;METROPOLITANA;0;0;0;0;0;0;0;0;0;LED KIOTO 32 MI3228 SMART TV;ELECTRONICA MAYOR
11725905;;F;51;CHILENO;;X;RENCA                         ;METROPOLITANA;0;0;0;0;0;0;0;0;0;LED 43 UN43J5202AGXZS SMART TV FHD;ELECTRONICA MAYOR
10629204;;F;45;CHILENO;;X;SAN FELIPE                    ;VALPARAISO;0;0;0;0;0;0;0;0;0;LED 50 UN50TU7090GXZS UHD SMART TV;ELECTRONICA MAYOR
18422838;;F;29;CHILENO;;Millenial;GRANEROS                      ;L.G.B.OÂ´HIGGINS;0;0;0;0;0;0;0;0;0;LED 43 MI4328 SMART TV;ELECTRONICA MAYOR
18646733;;F;28;CHILENO;;Millenial;RANCAGUA                      ;L.G.B.OÂ´HIGGINS;0;0;0;0;0;0;0;0;0;LED 43 43S6500 SMART TV TV FHD;ELECTRONICA MAYOR
6850738;;M;71;CHILENO;;Silencioso;RANCAGUA                      ;L.G.B.OÂ´HIGGINS;0;0;0;0;0;0;0;0;0;LED 32 M1370 HD;ELECTRONICA MAYOR
12804118;;M;47;CHILENO;;X;VALLENAR;ATACAMA;0;0;0;0;0;0;0;0;0;LED 43 43LM6300PSB SMART TV HD;ELECTRONICA MAYOR
17552829;Soltero;M;32;CHILENO;INGENIERIA EN MAQUINARIA VEHICULOS AUTOMOTRICES Y SISTEMAS ELECTRONICOS;Millenial;PROVIDENCIA                   ;METROPOLITANA;0;0;0;0;0;0;0;0;0;LED 50 50PUD6513/44 SMART TV UHD 4K;ELECTRONICA MAYOR
18871625;;M;27;CHILENO;;Z;PROVIDENCIA                   ;METROPOLITANA;0;0;0;0;0;0;0;0;0;LED 50 UN50TU7090GXZS UHD SMART TV;ELECTRONICA MAYOR
20125993;;F;25;CHILENO;;Z;PROVIDENCIA                   ;METROPOLITANA;0;0;0;0;0;0;0;0;0;LED 32 32S5295 SMART TV HD;ELECTRONICA MAYOR
16692016;;F;35;CHILENO;;Millenial;PROVIDENCIA                   ;METROPOLITANA;0;0;0;0;0;0;0;0;0;LED 32 32LM630BPSB SMART TV;ELECTRONICA MAYOR
13456498;Casado;M;44;CHILENO;INGENIERO EN ADMINISTRACION DE EMPRESAS;X;PROVIDENCIA                   ;METROPOLITANA;0;0;0;0;0;0;0;0;0;LED 43 43LM6300PSB SMART TV HD;ELECTRONICA MAYOR
24138158;;M;34;PERUANO;;Extranjero;N/D;N/D;0;0;0;0;0;0;0;0;0;LED 58 58PUD6513/44 SMART TV UHD;ELECTRONICA MAYOR
17722993;Soltero;M;31;CHILENO;;Millenial;PROVIDENCIA                   ;METROPOLITANA;0;0;0;0;0;0;0;0;0;LED 43 MI4328 SMART TV;ELECTRONICA MAYOR
18137553;;F;30;CHILENO;;Millenial;CORONEL;BIO-BIO;0;0;0;0;0;0;0;0;0;LED 58 58PUD6513/44 SMART TV UHD;ELECTRONICA MAYOR
17740317;Soltero;F;31;CHILENO;PERIODISTA;Millenial;PROVIDENCIA                   ;METROPOLITANA;0;0;0;0;0;0;0;0;0;LED 32 32LM630BPSB SMART TV;ELECTRONICA MAYOR
16831438;;F;34;CHILENO;;Millenial;PROVIDENCIA                   ;METROPOLITANA;0;0;0;0;0;0;0;0;0;LED 43 43PFD5813 SMART TV FULL HD;ELECTRONICA MAYOR
15411597;;F;40;CHILENO;;X;PROVIDENCIA                   ;METROPOLITANA;0;0;0;0;0;0;0;0;0;LED 32 32S5295 SMART TV HD;ELECTRONICA MAYOR
15900786;Soltero;M;37;CHILENO;;Millenial;PROVIDENCIA                   ;METROPOLITANA;0;0;0;0;0;0;0;0;0;LED 58 58PUD6513/44 SMART TV UHD;ELECTRONICA MAYOR
9978446;;M;41;CHILENO;;X;PROVIDENCIA                   ;METROPOLITANA;0;0;0;0;0;0;0;0;0;LED 43 UN43J5202AGXZS SMART TV FHD;ELECTRONICA MAYOR
9745795;Soltero;M;58;CHILENO;AUXILIAR PARAMEDICO DE ENFERMERIA;Boomers;EL BOSQUE                     ;METROPOLITANA;0;0;0;0;0;0;0;0;0;LED KIOTO 32 MI3228 SMART TV;ELECTRONICA MAYOR
8752517;;M;61;CHILENO;;Boomers;CAUQUENES                     ;MAULE;869690;9;6;0;0;0;9;6;869690;BICICLETA INFANTIL ARO 12 ROSADA;BICICLETAS
12423095;;M;48;CHILENO;;X;PROVIDENCIA                   ;METROPOLITANA;132980;2;1;2;1;132980;0;0;0;BICI BMX FREESTYLE ARO 20 AZUL;BICICLETAS
19038533;;M;26;CHILENO;;Z;EL BOSQUE                     ;METROPOLITANA;208980;2;1;2;1;208980;0;0;0;BC XTS MTB ALU STRIKER 29 21VEL DISCO NEGRO;BICICLETAS
15226476;;M;38;CHILENO;;Millenial;ANTOFAGASTA;ANTOFAGASTA;72480;2;1;2;1;72480;0;0;0;BICICLETA INFANTIL ARO 12 CELESTE;BICICLETAS
18958320;;F;26;CHILENO;;Z;MARIQUINA                     ;LOS LAGOS;157980;2;1;2;1;157980;0;0;0;BICI SHINEPLUS BLANCA 27,5 FRENO DISCO;BICICLETAS
19104143;;F;26;CHILENO;;Z;PROVIDENCIA                   ;METROPOLITANA;83480;2;1;2;1;83480;0;0;0;BICICLETA INFANTIL ARO 16 ROSADA;BICICLETAS
26092373;Soltero;M;27;HAITIANO;;Extranjero;LIMACHE                       ;VALPARAISO;520350;4;2;0;0;0;4;2;520350;BICICLETA MONKEL 29 ALUMINIO AZUL;BICICLETAS
19569647;Soltero;M;25;CHILENO;;Z;PROVIDENCIA                   ;METROPOLITANA;537060;6;3;6;3;537060;0;0;0;BICI ALLEYCAT NEGRA/TURQUESA 28 FITZER;BICICLETAS
16658583;;M;35;CHILENO;;Millenial;MAIPU                         ;METROPOLITANA;63980;2;1;2;1;63980;0;0;0;BICICLETA INFANTIL ARO 12 ROSADA;BICICLETAS
12385746;;F;49;CHILENO;;X;LOS ALAMOS                    ;BIO BIO;709940;6;3;0;0;0;6;3;709940;BICI VIGOR NEGRA 24 V-BRAKE;BICICLETAS
13912891;;F;42;CHILENO;;X;N/D;N/D;199980;2;3;2;1;169980;0;2;30000;BICI VIGORPLUS VERDE 27,5 V-BRAKE;BICICLETAS
19239731;;F;26;CHILENO;;Z;N/D;N/D;189990;1;1;0;0;0;1;1;189990;BICI VIGORPLUS VERDE 27,5 V-BRAKE;BICICLETAS
16059297;;M;36;CHILENO;;Millenial;"";"";254980;2;1;2;1;254980;0;0;0;BICICLETA MONKEL 29 ALUMINIO GRIS;BICICLETAS
14353163;;M;43;CHILENO;;X;N/D;N/D;564240;5;2;0;0;0;5;2;564240;MOTOBIKE INFANTIL ROJA ARO 12;BICICLETAS
13974916;;M;42;CHILENO;;X;RENCA                         ;METROPOLITANA;205980;2;1;2;1;205980;0;0;0;BICI VIGORPLUS NEGRA 27,5 V-BRAKE;BICICLETAS
15813894;;F;37;CHILENO;;Millenial;N/D;N/D;189990;1;1;1;1;189990;0;0;0;BICI VIGORPLUS VERDE 27,5 V-BRAKE;BICICLETAS
15551046;;M;36;CHILENO;;Millenial;PROVIDENCIA                   ;METROPOLITANA;551850;4;2;2;1;129980;2;1;421870;FREESTYLE PRO ARO 20 NEGRA/AZUL;BICICLETAS
9411854;;M;58;CHILENO;;Boomers;RENCA                         ;METROPOLITANA;225980;2;1;0;0;0;2;1;225980;BC XTS MTB ACE MUJ SHINE 27 18VEL DISCO TURQ;BICICLETAS
17977764;;M;30;CHILENO;;Millenial;CALERA                        ;VALPARAISO;109980;2;1;2;1;109980;0;0;0;BICICLETA INFANTIL ARO 20 NEGRA;BICICLETAS
17621366;Soltero;M;32;CHILENO;;Millenial;PROVIDENCIA                   ;METROPOLITANA;409960;3;1;3;1;409960;0;0;0;BICI VIGORPLUS VERDE 27,5 V-BRAKE;BICICLETAS
14558591;;F;41;CHILENO;;X;LOS ALAMOS                    ;BIO BIO;755660;6;3;6;3;755660;0;0;0;BICI SHINEPLUS GRIS 27,5 FRENO DISCO;BICICLETAS
14613966;;F;43;CHILENO;;X;N/D;N/D;186970;3;1;3;1;186970;0;0;0;MOTOBIKE NARANJA ARO 16;BICICLETAS
8852755;;M;63;CHILENO;;Boomers;ILLAPEL                       ;COQUIMBO;121980;2;1;0;0;0;2;1;121980;MOTOBIKE NARANJA ARO 16;BICICLETAS
17207095;Soltero;F;33;CHILENO;PROFESOR;Millenial;PROVIDENCIA                   ;METROPOLITANA;65840;2;1;2;1;65840;0;0;0;BICICLETA INFANTIL ARO 16 NEGRA;BICICLETAS
14425078;;M;48;CHILENO;;X;SAN FERNANDO                  ;L.G.B.OÂ´HIGGINS;289980;2;1;0;0;0;2;1;289980;BICICLETA MTB ELBRUS ARO 26 AZUL;BICICLETAS
18718404;;M;27;CHILENO;;Millenial;"";"";103980;2;1;2;1;103980;0;0;0;BICICLETA INFANTIL ARO 20 NEGRA;BICICLETAS
7966957;;M;57;CHILENO;;Boomers;RENCA                         ;METROPOLITANA;164980;2;1;2;1;164980;0;0;0;BICI RETROPLUS CELESTE ARO 26;BICICLETAS
12944115;;F;47;CHILENO;;X;DIEGO DE ALMAGRO              ;ATACAMA;398970;3;1;0;0;0;3;1;398970;BICI SHINEPLUS GRIS 27,5 FRENO DISCO;BICICLETAS
5940930;;F;78;CHILENO;;Silencioso;ARAUCO                        ;BIO BIO;179990;1;1;0;0;0;1;1;179990;BICI VIGORPLUS NEGRA 27,5 V-BRAKE;BICICLETAS
10800364;Casado;M;56;CHILENO;;Boomers;PROVIDENCIA                   ;METROPOLITANA;321441;7;2;0;0;0;7;2;321441;BICICLETA INFANTIL ARO 20 NEGRA;BICICLETAS
17322277;;M;32;CHILENO;;Millenial;N/D;N/D;159990;1;1;0;0;0;1;1;159990;BICICLETA VISION PETROL FREESTYLE ARO 20 1V.;BICICLETAS
15223006;;M;39;CHILENO;;X;CORONEL                       ;BIO BIO;223980;2;1;2;1;223980;0;0;0;BC XTS MTB ACE MUJ SHINE 27 18VEL DISCO TURQ;BICICLETAS
6649749;;M;70;CHILENO;;Silencioso;SAN FERNANDO                  ;L.G.B.OÂ´HIGGINS;245980;2;1;0;0;0;2;1;245980;BICICLETA ELECTRICA DYU D1;BICICLETAS
16912736;;M;33;CHILENO;;Millenial;N/D;N/D;113980;2;1;2;1;113980;0;0;0;BICICLETA INFANTIL ARO 20 AMARILLA;BICICLETAS
6943158;;M;67;CHILENO;;Boomers;LA UNION                      ;LOS RIOS;103980;2;1;2;1;103980;0;0;0;BICICLETA INFANTIL ARO 16 ROSADA;BICICLETAS
16861571;Soltero;F;34;CHILENO;PSICOPEDAGOGO;Millenial;PROVIDENCIA                   ;METROPOLITANA;93980;2;1;2;1;93980;0;0;0;V-MTB ARO 16 MINNIE ROSADO;BICICLETAS
17211031;;F;32;CHILENO;;Millenial;PUERTO MONTT                  ;LOS LAGOS;168540;2;1;2;1;168540;0;0;0;V-MTB ARO 16 HOMBRE AVENGERS GRIS;BICICLETAS
20301406;;F;22;CHILENO;;Millenial;N/D;N/D;367650;4;2;0;0;0;4;2;367650;BICICLETA MTB VERMONT ARO 27,5 VIOLETA;BICICLETAS
6188183;;M;67;CHILENO;;Boomers;TALCA                         ;MAULE;334980;3;1;0;0;0;3;1;334980;BICICLETA MONKEL 29 ALUMINIO GRIS;BICICLETAS
15508072;;F;35;CHILENO;;Millenial;CURACAUTIN                    ;ARAUCANIA;256980;2;1;2;1;256980;0;0;0;BICICLETA MONKEL 29 ALUMINIO GRIS;BICICLETAS
20037664;;M;23;CHILENO;;Z;PROVIDENCIA                   ;METROPOLITANA;235480;2;1;2;1;235480;0;0;0;BICICLETA VISION KRYPTON ALUMINIO (NEGRO / VERDE;BICICLETAS
13300460;;F;45;CHILENO;;X;RENCA                         ;METROPOLITANA;179990;1;1;0;0;0;1;1;179990;BIANCHI STREET 20 LADY AMARILLO CLARO VERDE;BICICLETAS
19569190;;F;24;CHILENO;;Z;LOS VILOS                     ;COQUIMBO;0;0;0;0;0;0;0;0;0;BARBIE 12 ROSADO;BICICLETAS
19574005;;M;25;CHILENO;;Z;PROVIDENCIA                   ;METROPOLITANA;0;0;0;0;0;0;0;0;0;BICI STRIKER NEGRA 29 FRENO DISCO;BICICLETAS
14044170;;F;41;CHILENO;;X;NUNOA                         ;METROPOLITANA;0;0;0;0;0;0;0;0;0;BIANCHI GOLIAT 16 ROJO;BICICLETAS
19690577;;M;25;CHILENO;;Z;N/D;N/D;0;0;0;0;0;0;0;0;0;BICI STRIKER AMARILLA 29 V-BRAKE;BICICLETAS
17067212;Soltero;F;33;CHILENO;INGENIERIA EN PRODUCCION GANADERA;Silencioso;PROVIDENCIA                   ;METROPOLITANA;0;0;0;0;0;0;0;0;0;MODELO SUNPEED STELLA ARO 27.5 MORADA S;BICICLETAS
12948645;;M;46;CHILENO;;X;RENCA                         ;METROPOLITANA;0;0;0;0;0;0;0;0;0;BICICLETA INFANTIL ARO 12 ROSADA;BICICLETAS
18691015;;M;27;CHILENO;;Millenial;"";"";0;0;0;0;0;0;0;0;0;MODELO SUNPEED ZERO ARO 27.5 GRIS DISCO L;BICICLETAS
13883067;;M;42;CHILENO;;X;MELIPILLA                     ;METROPOLITANA;0;0;0;0;0;0;0;0;0;BICI VIGOR NEGRA 24 V-BRAKE;BICICLETAS
20190493;;M;22;CHILENO;;Z;PROVIDENCIA                   ;METROPOLITANA;0;0;0;0;0;0;0;0;0;BICI FALCONPLUS AZUL 29 FRENO DISCO;BICICLETAS
7542972;;M;68;CHILENO;;Silencioso;SAN ANTONIO                   ;VALPARAISO;0;0;0;0;0;0;0;0;0;SET DE PROTECCIONES BIA;BICICLETAS
10680375;;M;55;CHILENO;;Boomers;RENCA                         ;METROPOLITANA;0;0;0;0;0;0;0;0;0;BIANCHI STONE MOUNTAIN 27,5 SX SIZE M PLATA SEMI;BICICLETAS
16904391;Casado;M;34;CHILENO;;Millenial;PROVIDENCIA                   ;METROPOLITANA;0;0;0;0;0;0;0;0;0;BICI VIGORPLUS VERDE 27,5 V-BRAKE;BICICLETAS
13411375;;F;43;CHILENO;;X;PROVIDENCIA                   ;METROPOLITANA;0;0;0;0;0;0;0;0;0;BICI STRIKER NEGRA 29 FRENO DISCO;BICICLETAS
17417690;;M;32;CHILENO;;Millenial;PROVIDENCIA                   ;METROPOLITANA;0;0;0;0;0;0;0;0;0;BICI STRIKER AMARILLA 29 V-BRAKE;BICICLETAS
15718861;;F;38;CHILENO;;X;TALCA                         ;MAULE;0;0;0;0;0;0;0;0;0;BC XTS MTB ACE MUJ SHINE 27 18VEL DISCO NEGRA;BICICLETAS
17290267;;M;32;CHILENO;;Millenial;PROVIDENCIA                   ;METROPOLITANA;0;0;0;0;0;0;0;0;0;BICICLETA MTB 29 LLEUQUE TX;BICICLETAS
20393394;;F;21;CHILENO;;Z;PROVIDENCIA                   ;METROPOLITANA;0;0;0;0;0;0;0;0;0;BIANCHI STONE MOUNTAIN 29 SX ALLOY SIZE M AZUL C;BICICLETAS
18875236;;F;27;CHILENO;;Z;N/D;N/D;0;0;0;0;0;0;0;0;0;CASCO SKATE LE TOUR C/REGULACION AZUL;BICICLETAS
19707474;;F;24;CHILENO;;Z;PROVIDENCIA                   ;METROPOLITANA;0;0;0;0;0;0;0;0;0;BICICLETA INFANTIL ARO 20 BLANCA;BICICLETAS
16903266;;F;33;CHILENO;;Millenial;SAN BERNARDO                  ;METROPOLITANA;0;0;0;0;0;0;0;0;0;BICI RETROPLUS ROSADA 26 V-BRAKE;BICICLETAS
18039482;;M;30;CHILENO;;Millenial;N/D;N/D;0;0;0;0;0;0;0;0;0;BICI BMX FREESTYLE ARO 20 NEGRA;BICICLETAS
15851386;Soltero;M;37;CHILENO;;Millenial;PROVIDENCIA                   ;METROPOLITANA;0;0;0;0;0;0;0;0;0;BIANCHI GOLIAT 16 ROJO;BICICLETAS
20004426;;F;23;CHILENO;;Z;PROVIDENCIA                   ;METROPOLITANA;0;0;0;0;0;0;0;0;0;BC XTS MTB ACE MUJ SHINE 27 18VEL DISCO NEGRA;BICICLETAS
14338220;;F;44;CHILENO;;X;N/D;N/D;0;0;0;0;0;0;0;0;0;BICI VIGORPLUS VERDE 27,5 V-BRAKE;BICICLETAS
9993939;;M;58;CHILENO;;Boomers;SAN ANTONIO                   ;VALPARAISO;0;0;0;0;0;0;0;0;0;BICI OX 27.5 RAPTOR DOBLE 21V M NEGRO/NARANJA;BICICLETAS
17132615;;M;33;CHILENO;;Millenial;PROVIDENCIA                   ;METROPOLITANA;0;0;0;0;0;0;0;0;0;BICI CITYPETITE ROJA 24 V-BRAKE;BICICLETAS
16346828;;F;44;CHILENO;;X;"";"";0;0;0;0;0;0;0;0;0;BICICLETA INFANTIL ARO 16 ROSADA;BICICLETAS
13236390;;M;45;CHILENO;;X;PROVIDENCIA                   ;METROPOLITANA;0;0;0;0;0;0;0;0;0;FREESTYLE PRO ARO 20 NEGRA/AZUL;BICICLETAS
17839410;Soltero;F;30;CHILENO;;Millenial;PROVIDENCIA                   ;METROPOLITANA;0;0;0;0;0;0;0;0;0;BC XTS MTB ACE MUJ SHINE 27 18VEL DISCO NEGRA;BICICLETAS
18235455;;M;29;CHILENO;;Millenial;ANTOFAGASTA                   ;ANTOFAGASTA;0;0;0;0;0;0;0;0;0;BICI STRIKER NEGRA 29 FRENO DISCO;BICICLETAS
17007602;;F;33;CHILENO;;Millenial;PROVIDENCIA                   ;METROPOLITANA;0;0;0;0;0;0;0;0;0;BICICLETA INFANTIL ARO 20 NEGRA;BICICLETAS
17760682;;M;30;CHILENO;;Millenial;SAN CARLOS                    ;BIO BIO;0;0;0;0;0;0;0;0;0;BICICLETA INFANTIL ARO 20 AMARILLA;BICICLETAS
19399701;Soltero;M;26;CHILENO;;Z;PROVIDENCIA                   ;METROPOLITANA;0;0;0;0;0;0;0;0;0;BICICLETA MTB 29 LLEUQUE NX;BICICLETAS
6489112;;M;67;CHILENO;;Boomers;CERRILLOS                     ;METROPOLITANA;0;0;0;0;0;0;0;0;0;V-MTB ARO 12 SPIDERMAN ROJO;BICICLETAS
9629818;;M;58;CHILENO;;Boomers;CHONCHI                       ;LOS LAGOS;0;0;0;0;0;0;0;0;0;MOTOBIKE NARANJA ARO 16;BICICLETAS
16085250;;F;36;CHILENO;;Millenial;PADRE HURTADO                 ;METROPOLITANA;0;0;0;0;0;0;0;0;0;BICICLETA INFANTIL ARO 16 ROSADA;BICICLETAS
13991859;;M;41;CHILENO;;X;PUENTE ALTO                   ;METROPOLITANA;0;0;0;0;0;0;0;0;0;BICI CITYPETITE VERDE 24 V-BRAKE;BICICLETAS
10085714;;M;57;CHILENO;;Boomers;LINARES                       ;MAULE;0;0;0;0;0;0;0;0;0;BICICLETA INFANTIL ARO 20 BLANCA;BICICLETAS
16374408;;M;35;CHILENO;;Millenial;PROVIDENCIA                   ;METROPOLITANA;0;0;0;0;0;0;0;0;0;MOTOBIKE NARANJA ARO 16;BICICLETAS
16031729;;F;37;CHILENO;;Millenial;PROVIDENCIA                   ;METROPOLITANA;0;0;0;0;0;0;0;0;0;BICICLETA INFANTIL ARO 12 ROSADA;BICICLETAS
13639778;Casado;M;42;CHILENO;PROFESOR;X;PROVIDENCIA                   ;METROPOLITANA;0;0;0;0;0;0;0;0;0;BICICLETA INFANTIL ARO 16 ROSADA;BICICLETAS
11055068;;F;55;CHILENO;;Boomers;N/D;N/D;0;0;0;0;0;0;0;0;0;BICI VIGORPLUS VERDE 27,5 V-BRAKE;BICICLETAS
16767701;;M;34;CHILENO;;Millenial;PROVIDENCIA                   ;METROPOLITANA;0;0;0;0;0;0;0;0;0;BICICLETA MTB 29 LLEUQUE NX;BICICLETAS
9338888;Soltero;M;60;CHILENO;;Boomers;PROVIDENCIA                   ;METROPOLITANA;0;0;0;0;0;0;0;0;0;V-BICICLETA PASEO 26MUJER ATLANTA 7V ROJO;BICICLETAS
14206885;;M;41;CHILENO;;X;PROVIDENCIA                   ;METROPOLITANA;0;0;0;0;0;0;0;0;0;BICI BMX FREESTYLE ARO 20 AZUL;BICICLETAS
7903158;;M;62;CHILENO;;Boomers;EL BOSQUE                     ;METROPOLITANA;0;0;0;0;0;0;0;0;0;BICI OX 27.5 MERAK 1 21V M GRAFITO/NARANJA A20;BICICLETAS
14442288;;M;49;CHILENO;;X;VALPARAISO                    ;VALPARAISO;0;0;0;0;0;0;0;0;0;BICI BMX FREESTYLE ARO 20 AZUL;BICICLETAS
15328964;;F;39;CHILENO;;X;MAIPU                         ;METROPOLITANA;67840;2;1;2;1;67840;0;0;0;Saco de Dormir Doble Discovery DXL65, 2 Personas;OUTDOOR
16253588;;F;36;CHILENO;;Millenial;REQUINOA                      ;L.G.B.OÂ´HIGGINS;230971;3;4;0;0;0;3;4;230971;CAMA ELASTICA (2,44M) CON MALLA GAMEPOWER AZUL;OUTDOOR
17736005;;F;31;CHILENO;;Millenial;ANTOFAGASTA;ANTOFAGASTA;23480;2;1;2;1;23480;0;0;0;Scooter Peluche Leon y Luces Led KeyRiders;OUTDOOR
15061199;;M;40;CHILENO;;X;LOS ANDES                     ;VALPARAISO;88980;2;1;2;1;88980;0;0;0;GO-KART PEDALES NEGRO;OUTDOOR
17737609;;F;32;CHILENO;;Millenial;LOS ANGELES                   ;BIO BIO;47970;3;2;0;0;0;3;2;47970;Scooter Peluche Flamenco y Luces Led KeyRiders;OUTDOOR
15066715;;M;38;CHILENO;;X;RENCA                         ;METROPOLITANA;32970;3;1;3;1;32970;0;0;0;Scooter Peluche Leon y Luces Led KeyRiders;OUTDOOR
26354804;;M;45;EXTRANJERO - NO INFORMA NACIONALIDAD;;Extranjero;RANCAGUA;O HIGGINS;89980;2;1;2;1;89980;0;0;0;PISCINA CIRCULAR STEEL PRO;OUTDOOR
15676746;Casado;M;39;CHILENO;;X;PROVIDENCIA                   ;METROPOLITANA;30380;2;1;2;1;30380;0;0;0;Gabinete Para Bano C/Espejo Rimax Blanco;OUTDOOR
14032380;;F;40;CHILENO;;X;PROVIDENCIA                   ;METROPOLITANA;148990;1;1;0;0;0;1;1;148990;MESA DE PING PONG GAMEPOWER AZUL;OUTDOOR
16997982;Soltero;F;34;CHILENO;;Silencioso;PROVIDENCIA                   ;METROPOLITANA;201950;5;3;5;3;201950;0;0;0;MINI TRAMPOLIN 38 GAMEPOWER AZUL;OUTDOOR
17932351;;F;30;CHILENO;;Millenial;PROVIDENCIA                   ;METROPOLITANA;137980;2;1;2;1;137980;0;0;0;Auto Electrico 4x4 Descapotable Verde Militar;OUTDOOR
12541621;;F;49;CHILENO;;X;PUNTA ARENAS                  ;MAGALLANES;81980;2;2;0;0;0;2;2;81980;Juego de Mesa Camcorro 10 en 1;OUTDOOR
14312000;;F;46;CHILENO;;X;MELIPILLA                     ;METROPOLITANA;1060860;12;3;0;0;0;12;3;1060860;Auto Electrico 4x4 Descapotable Verde Militar;OUTDOOR
10984401;;M;52;CHILENO;;X;PROVIDENCIA                   ;N/D;72990;1;1;0;0;0;1;1;72990;MOTO ELECTRICA NARANJA;OUTDOOR
17754725;;M;31;CHILENO;;Millenial;SANTIAGO                      ;METROPOLITANA;33980;2;1;2;1;33980;0;0;0;Juego de Mesa Camcorro 10 en 1;OUTDOOR
16475626;;F;35;CHILENO;;Millenial;PROVIDENCIA                   ;METROPOLITANA;33980;2;1;2;1;33980;0;0;0;Juego de Mesa Camcorro 10 en 1;OUTDOOR
15563537;;M;39;CHILENO;;X;PROVIDENCIA                   ;METROPOLITANA;77960;3;1;3;1;77960;0;0;0;V-CARPA 4 PERSONAS TORONTO NAT GEO S17;OUTDOOR
13827621;;M;42;CHILENO;;X;PROVIDENCIA                   ;METROPOLITANA;128480;2;1;2;1;128480;0;0;0;Auto Electrico Descapotable Coupe Rojo;OUTDOOR
11820796;;M;50;CHILENO;;X;ANTOFAGASTA                   ;ANTOFAGASTA;19990;1;1;0;0;0;1;1;19990;Scooter Peluche Leon y Luces Led KeyRiders;OUTDOOR
17319186;;F;32;CHILENO;;Millenial;N/D;N/D;18990;1;1;0;0;0;1;1;18990;V-MOCHILA HIDRATACION OREGON 12LTS VERDE/GRIS;OUTDOOR
16192124;;F;36;CHILENO;;Millenial;PROVIDENCIA                   ;METROPOLITANA;93980;2;1;2;1;93980;0;0;0;PISCINA STEEL PRO 300X201X66CM;OUTDOOR
10483443;;F;57;CHILENO;;Boomers;PROVIDENCIA                   ;METROPOLITANA;13970;3;1;3;1;13970;0;0;0;Quitasol Outback 160 Cms.;OUTDOOR
16652795;;F;34;CHILENO;;Millenial;MARCHIHUE                     ;L.G.B.OÂ´HIGGINS;118330;3;1;3;1;118330;0;0;0;V-BODEGA NORTHWEST 270L;OUTDOOR
10627900;;F;43;CHILENO;;X;NATALES                       ;MAGALLANES;943920;8;4;0;0;0;8;4;943920;PISCINA RECTANGULAR 211CM BESTWAY AZUL;OUTDOOR
15547962;;M;39;CHILENO;;X;PROVIDENCIA                   ;METROPOLITANA;46530;3;1;3;1;46530;0;0;0;COLCHON 2 PZA 203X152X22 CM;OUTDOOR
14100300;;F;40;CHILENO;;X;ANDACOLLO                     ;COQUIMBO;87540;2;1;2;1;87540;0;0;0;PISCINA STEEL PRO 300X201X66CM;OUTDOOR
20222134;;F;22;CHILENO;;Z;MAIPU                         ;METROPOLITANA;89990;1;1;0;0;0;1;1;89990;V-PISCINA ESTRUCTURAL BESTWAY STEEL PRO 3.05M X;OUTDOOR
6816815;;F;72;CHILENO;;Silencioso;QUILLOTA                      ;VALPARAISO;139990;1;1;0;0;0;1;1;139990;PISCINA CIRCULAR STEEL PRO 6473 L;OUTDOOR
10992245;;M;53;CHILENO;;X;RENCA                         ;METROPOLITANA;15990;1;1;1;1;15990;0;0;0;COLCHON 2 PZA 203X152X22 CM;OUTDOOR
15629095;;M;38;CHILENO;;X;PROVIDENCIA                   ;METROPOLITANA;95840;2;1;2;1;95840;0;0;0;V-CARPA 6 PERSONAS TORONTO NAT GEO S17;OUTDOOR
13786889;;M;42;CHILENO;;X;ARICA                         ;ARICA Y PARINACOTA;19990;1;1;0;0;0;1;1;19990;COLCHON 2 PZA 203X152X22 CM;OUTDOOR
9516929;;F;59;CHILENO;;Boomers;VILLARICA                     ;ARAUCANIA;149990;1;1;0;0;0;1;1;149990;PISCINA CIRCULAR STEEL PRO 6473 L;OUTDOOR
16534356;;F;35;CHILENO;;Millenial;RENCA                         ;METROPOLITANA;146980;2;1;2;1;146980;0;0;0;PISCINA CIRCULAR STEEL PRO 6473 L;OUTDOOR
8970645;;M;60;CHILENO;;Boomers;SAN PABLO                     ;LOS LAGOS;118540;2;1;2;1;118540;0;0;0;PISCINA STEEL PRO 300X201X66CM;OUTDOOR
16456611;;M;35;CHILENO;;Millenial;PROVIDENCIA                   ;METROPOLITANA;347950;5;3;4;2;333960;1;1;13990;MESA DE PING PONG GAMEPOWER AZUL;OUTDOOR
13436138;;M;43;CHILENO;;X;PROVIDENCIA                   ;METROPOLITANA;379990;1;1;0;0;0;1;1;379990;PISCINA STEEL PRO C/ESCALERA Y COBERTOR;OUTDOOR
17265634;Soltero;M;33;CHILENO;ABOGADO;Millenial;PROVIDENCIA                   ;METROPOLITANA;124980;2;1;2;1;124980;0;0;0;PISCINA CIRCULAR STEEL PRO;OUTDOOR
18521457;Soltero;F;28;CHILENO;INSTRUCTOR DEPORTIVO;Silencioso;PROVIDENCIA                   ;METROPOLITANA;108540;2;1;2;1;108540;0;0;0;PISCINA STEEL PRO 300X201X66CM;OUTDOOR
19404031;Soltero;M;25;CHILENO;;Z;SAN ANTONIO;VALPARAISO;89990;1;1;0;0;0;1;1;89990;CAMA ELASTICA (1,83M) CON MALLA GAMEPOWER AZUL;OUTDOOR
7269575;;M;66;CHILENO;;Boomers;MELIPILLA                     ;METROPOLITANA;239980;2;2;0;0;0;2;2;239980;PISCINA CIRCULAR STEEL PRO 6473 L;OUTDOOR
19486982;;M;25;CHILENO;;Z;SAN CARLOS                    ;BIO BIO;74990;1;1;0;0;0;1;1;74990;PISCINA STEEL PRO 300X201X66CM;OUTDOOR
17296567;;F;32;CHILENO;;Millenial;PUERTO MONTT                  ;LOS LAGOS;68120;4;4;0;0;0;4;4;68120;Scooter Peluche Unicornio y Luces Led KeyRiders;OUTDOOR
17323115;;F;32;CHILENO;;Millenial;TALCA                         ;MAULE;139990;1;1;0;0;0;1;1;139990;PISCINA CIRCULAR STEEL PRO 6473 L;OUTDOOR
15776487;;F;38;CHILENO;;Millenial;SAN VICENTE                   ;L.G.B.OÂ´HIGGINS;69990;1;1;0;0;0;1;1;69990;TACA TACA MADERA EVER GROUP;OUTDOOR
12194142;;M;50;CHILENO;;X;N/D;N/D;116980;2;1;2;1;116980;0;0;0;PISCINA CIRCULAR STEEL PRO;OUTDOOR
18278312;Soltero;F;29;CHILENO;;Millenial;EL BOSQUE                     ;METROPOLITANA;47980;2;1;2;1;47980;0;0;0;V-MOCHILA DE CAMPING EVEREST 55LTS NAT GEO S17;OUTDOOR
9656872;;F;57;CHILENO;;Boomers;TALAGANTE                     ;METROPOLITANA;809800;5;4;0;0;0;5;4;809800;Scooter Burbujas Barbie;OUTDOOR
13060385;;M;46;CHILENO;;X;RENCA;METROPOLITANA;163970;3;2;2;1;103980;1;1;59990;PISCINA RECTANGULAR 150CM BESTWAY AZUL;OUTDOOR
16710899;;F;34;CHILENO;;Millenial;ANTOFAGASTA;ANTOFAGASTA;79962;4;2;4;1;79960;0;1;2;Scooter con Burbujas KeyRiders;OUTDOOR
15599308;;F;38;CHILENO;;X;PROVIDENCIA                   ;METROPOLITANA;144540;2;1;2;1;144540;0;0;0;PISCINA CIRCULAR STEEL PRO 6473 L;OUTDOOR
19148410;;F;26;CHILENO;;Z;VINA DEL MAR                  ;VALPARAISO;29990;1;1;0;0;0;1;1;29990;Scooter con Vapor KeyRiders;OUTDOOR
16949001;;F;33;CHILENO;;Millenial;PROVIDENCIA                   ;METROPOLITANA;116980;2;1;2;1;116980;0;0;0;PISCINA CIRCULAR STEEL PRO;OUTDOOR
16353179;;F;36;CHILENO;;Millenial;PROVIDENCIA                   ;METROPOLITANA;99990;1;1;0;0;0;1;1;99990;V-PISCINA ESTRUCTURAL BESTWAY STEEL PRO 3.05M X;OUTDOOR
17195243;;F;32;CHILENO;;Millenial;COPIAPO;ATACAMA;78640;2;1;2;1;78640;0;0;0;PISCINA STEEL PRO 300X201X66CM;OUTDOOR
19053008;;F;27;CHILENO;;Z;LOS ANGELES;BIO-BIO;215840;2;1;2;1;215840;0;0;0;PISCINA ESTRUCTURAL STEEL PRO 5700LT;OUTDOOR
15247461;;M;40;CHILENO;;X;COLINA                        ;METROPOLITANA;228930;7;2;2;1;83980;5;1;144950;PISCINA STEEL PRO 300X201X66CM;OUTDOOR
20403203;;F;22;CHILENO;;Z;LINARES;MAULE;145470;3;1;3;1;145470;0;0;0;Cuatrimoto Electrica Force Rosada;OUTDOOR
11108617;;M;55;CHILENO;;Boomers;PROVIDENCIA                   ;METROPOLITANA;125840;2;1;2;1;125840;0;0;0;PISCINA CIRCULAR STEEL PRO;OUTDOOR
17991117;Soltero;F;30;CHILENO;;Millenial;PROVIDENCIA                   ;METROPOLITANA;109990;1;1;0;0;0;1;1;109990;PISCINA CIRCULAR STEEL PRO;OUTDOOR
15467015;;F;40;CHILENO;;X;HUECHURABA                    ;METROPOLITANA;303960;4;2;4;2;303960;0;0;0;V-PISCINA ESTRUCTURAL BESTWAY STEEL PRO 3.05M X;OUTDOOR
19209138;;M;26;CHILENO;;Z;N/D;N/D;314930;6;2;6;2;314930;0;0;0;V-CARPA 4 PERSONAS OTTAWA NAT GEO S17;OUTDOOR
26033977;;M;32;VENEZOLANO;;Extranjero;"";"";176950;4;1;4;1;176950;0;0;0;CARPA FIORDLAND NATIONAL GEOGRAPHIC IV 4P AZUL;OUTDOOR
18403082;;M;29;CHILENO;;Millenial;PROVIDENCIA                   ;METROPOLITANA;366980;2;1;2;1;366980;0;0;0;PISCINA STEEL PRO C/ESCALERA Y COBERTOR;OUTDOOR
10267331;Casado;F;60;CHILENO;;Boomers;SANTA CRUZ                    ;L.G.B.OÂ´HIGGINS;24990;1;1;0;0;0;1;1;24990;Scooter Lanza Agua hasta 5 mts KeyRiders;OUTDOOR
13787947;;F;41;CHILENO;;X;EMPEDRADO                     ;MAULE;249970;4;2;0;0;0;4;2;249970;PISCINA CIRCULAR STEEL PRO;OUTDOOR
11950052;;F;50;CHILENO;;X;REQUINOA                      ;L.G.B.OÂ´HIGGINS;265630;6;2;0;0;0;6;2;265630;CAMA ELASTICA (1,83M) CON MALLA GAMEPOWER AZUL;OUTDOOR
14211367;;F;40;CHILENO;;X;PROVIDENCIA                   ;METROPOLITANA;355840;2;1;2;1;355840;0;0;0;PISCINA STEEL PRO C/ESCALERA Y COBERTOR;OUTDOOR
16779490;Soltero;F;34;CHILENO;;Millenial;RENCA                         ;METROPOLITANA;168540;2;1;2;1;168540;0;0;0;PISCINA CIRCULAR STEEL PRO 6473 L;OUTDOOR
17344628;;F;35;CHILENO;;Millenial;CONCEPCION                    ;BIO BIO;44990;1;1;0;0;0;1;1;44990;Scooter Burbujas Barbie;OUTDOOR
19824785;;F;24;CHILENO;;Z;CALAMA;ANTOFAGASTA;129990;1;1;1;1;129990;0;0;0;GO-KART PEDALES NEGRO;OUTDOOR
18324072;;F;29;CHILENO;;Millenial;PROVIDENCIA                   ;METROPOLITANA;36990;1;1;0;0;0;1;1;36990;Scooter con Burbujas KeyRiders;OUTDOOR
17443310;;F;32;CHILENO;;Millenial;N/D;N/D;195480;2;1;2;1;195480;0;0;0;PISCINA RECTANGULAR 211CM BESTWAY AZUL;OUTDOOR
17423728;;M;31;CHILENO;;Millenial;"";"";65840;2;1;2;1;65840;0;0;0;V-CARPA 4 PERSONAS TORONTO NAT GEO S17;OUTDOOR
18306416;;F;35;CHILENO;;Millenial;PROVIDENCIA                   ;METROPOLITANA;209990;1;1;0;0;0;1;1;209990;CAMA ELASTICA (3,66M) CON MALLA GAMEPOWER AZUL;OUTDOOR
16688712;;F;34;CHILENO;;Millenial;N/D;N/D;150960;4;2;0;0;0;4;2;150960;PISCINA STEEL PRO 300X201X66CM;OUTDOOR
18921322;Casado;M;27;CHILENO;;Z;PROVIDENCIA                   ;METROPOLITANA;233980;2;1;2;1;233980;0;0;0;PISCINA ESTRUCTURAL STEEL PRO 5700LT;OUTDOOR
14462842;;M;41;CHILENO;;X;"";"";115840;2;1;2;1;115840;0;0;0;PISCINA CIRCULAR STEEL PRO;OUTDOOR
13567922;;M;42;CHILENO;;X;GRANEROS                      ;L.G.B.OÂ´HIGGINS;134540;2;1;2;1;134540;0;0;0;MESA DE PING PONG GAMEPOWER AZUL;OUTDOOR
15264457;;M;50;CHILENO;;X;LANCO                         ;LOS RIOS;249980;2;2;0;0;0;2;2;249980;PISCINA CIRCULAR STEEL PRO 6473 L;OUTDOOR
18399748;;F;29;CHILENO;;Millenial;SAN BERNARDO                  ;METROPOLITANA;19990;1;1;0;0;0;1;1;19990;Scooter Peluche Unicornio y Luces Led KeyRiders;OUTDOOR
13400265;;F;44;CHILENO;;X;N/D;N/D;59990;1;1;0;0;0;1;1;59990;PISCINA RECTANGULAR 150CM BESTWAY AZUL;OUTDOOR
14580806;;M;40;CHILENO;;X;LINARES                       ;MAULE;89990;1;1;0;0;0;1;1;89990;PISCINA STEEL PRO 300X201X66CM;OUTDOOR
13621091;;F;42;CHILENO;;X;PENCO                         ;BIO BIO;124980;2;2;0;0;0;2;2;124980;PISCINA CIRCULAR STEEL PRO;OUTDOOR
12359416;;F;48;CHILENO;;X;SAN JAVIER                    ;MAULE;264980;2;2;0;0;0;2;2;264980;TACA TACA MADERA EVER GROUP;OUTDOOR
18430599;;F;29;CHILENO;;Millenial;PROVIDENCIA                   ;METROPOLITANA;125840;2;1;2;1;125840;0;0;0;PISCINA CIRCULAR STEEL PRO;OUTDOOR
16409958;;M;35;CHILENO;;Millenial;LA GRANJA                     ;METROPOLITANA;79990;1;1;0;0;0;1;1;79990;PISCINA STEEL PRO 300X201X66CM;OUTDOOR
17211585;;F;33;CHILENO;;Millenial;CONSTITUCION                  ;MAULE;59990;1;1;0;0;0;1;1;59990;PISCINA RECTANGULAR 150CM BESTWAY AZUL;OUTDOOR
13786252;Casado;F;41;CHILENO;PROFESOR;X;RENCA                         ;METROPOLITANA;14990;1;1;0;0;0;1;1;14990;SPIN BALL;OUTDOOR
10616844;;F;56;CHILENO;;Boomers;VILLA ALEMANA                 ;VALPARAISO;99990;1;1;0;0;0;1;1;99990;SCOOTER ELECTRICO CERO EKIDS NEGRO;OUTDOOR
17324135;;F;32;CHILENO;;Millenial;LANCO                         ;LOS LAGOS;125980;2;2;0;0;0;2;2;125980;SCOOTER ELECTRICO CERO EKIDS NEGRO;OUTDOOR
19809543;;F;24;CHILENO;;Silencioso;"";"";119990;1;1;1;1;119990;0;0;0;PISCINA CIRCULAR STEEL PRO;OUTDOOR
20142577;;F;22;CHILENO;;Z;PROVIDENCIA                   ;METROPOLITANA;12980;2;1;2;1;12980;0;0;0;V-CARPA PLAYA OUTBACK OUTBACK;OUTDOOR
17527703;;M;31;CHILENO;;Millenial;GRANEROS                      ;L.G.B.OÂ´HIGGINS;359990;1;1;0;0;0;1;1;359990;PISCINA STEEL PRO C/ESCALERA Y COBERTOR;OUTDOOR
15592226;;F;38;CHILENO;;X;PROVIDENCIA                   ;METROPOLITANA;165840;2;1;2;1;165840;0;0;0;PISCINA RECTANGULAR 211CM BESTWAY AZUL;OUTDOOR
18473296;;M;29;CHILENO;;Millenial;N/D;N/D;66980;2;1;0;0;0;2;1;66980;Cuatrimoto Electrica Force Rosada;OUTDOOR
20563896;;M;21;CHILENO;;Z;CURICO;MAULE;59990;1;1;1;1;59990;0;0;0;TACA TACA MADERA EVER GROUP;OUTDOOR
10383367;;F;58;CHILENO;;Boomers;MAIPU                         ;METROPOLITANA;39980;2;2;0;0;0;2;2;39980;Juego de Mesa Camcorro 10 en 1;OUTDOOR
18747516;;F;28;CHILENO;;Millenial;N/D;N/D;81970;3;2;3;2;81970;0;0;0;PISCINA RECTANGULAR 150CM BESTWAY AZUL;OUTDOOR
15805077;;F;38;CHILENO;;Millenial;N/D;N/D;748970;3;2;3;2;748970;0;0;0;PISCINA STEEL PRO MAXÂ¿ 56462 BESTWAY GRIS;OUTDOOR
17999455;;F;30;CHILENO;;Millenial;"";"";266980;2;1;2;1;266980;0;0;0;PISCINA STEEL PRO MAXÂ¿ 56709 BESTWAY DISENO RATT;OUTDOOR
16715378;Soltero;M;34;CHILENO;PUBLICISTA;Millenial;"";"";56180;2;1;2;1;56180;0;0;0;V-MOCHILA CAMPING EVEREST 65LTS NAT GEO S17;OUTDOOR
15813141;Casado;M;37;CHILENO;;Millenial;RENCA                         ;METROPOLITANA;99990;1;1;1;1;99990;0;0;0;PISCINA STEEL PRO 300X201X66CM;OUTDOOR
7698286;;M;60;CHILENO;;Boomers;PROVIDENCIA                   ;METROPOLITANA;19990;1;1;0;0;0;1;1;19990;Scooter Peluche Leon y Luces Led KeyRiders;OUTDOOR
11544496;Casado;F;52;CHILENO;;X;PROVIDENCIA                   ;METROPOLITANA;99990;1;1;0;0;0;1;1;99990;PISCINA STEEL PRO 300X201X66CM;OUTDOOR
18987811;;F;27;CHILENO;;Millenial;SAN FERNANDO                  ;L.G.B.OÂ´HIGGINS;64520;4;1;4;1;64520;0;0;0;Scooter Peluche Dotty Dalmata y Luces Led Keyrid;OUTDOOR
19232477;Soltero;F;26;CHILENO;PSICOLOGA;Z;PROVIDENCIA                   ;METROPOLITANA;29980;2;1;2;1;29980;0;0;0;V-CARPA 2 PERSONAS OTTAWA NAT GEO S17;OUTDOOR
13417955;Casado;M;43;CHILENO;INGENIERO;X;ANTOFAGASTA                   ;ANTOFAGASTA;659640;2;1;2;1;659640;0;0;0;Piscina Power Steel Swim Vista Series Oval 4.8x3;OUTDOOR
18389502;;F;28;CHILENO;;Millenial;N/D;N/D;185840;2;1;2;1;185840;0;0;0;PISCINA RECTANGULAR 211CM BESTWAY AZUL;OUTDOOR
18063356;;F;30;CHILENO;;Millenial;N/D;N/D;29990;1;1;0;0;0;1;1;29990;Scooter con Vapor KeyRiders;OUTDOOR
14324017;Casado;M;45;CHILENO;ESTADISTICO;Silencioso;PROVIDENCIA                   ;METROPOLITANA;133980;2;1;2;1;133980;0;0;0;V-PISCINA ESTRUCTURAL BESTWAY STEEL PRO 3.05M X;OUTDOOR
9145960;;M;60;CHILENO;;Boomers;TALCAHUANO                    ;BIO BIO;79980;2;1;0;0;0;2;1;79980;Triciclo 360 Desmontable Bebesit;OUTDOOR
10022271;;F;58;CHILENO;;Boomers;"";"";10990;1;1;0;0;0;1;1;10990;COLCHON 2 PZA 203X152X22 CM;OUTDOOR
26291649;;F;30;VENEZOLANO;;Extranjero;N/D;N/D;59990;1;1;0;0;0;1;1;59990;Centro Juegos 2en1 Juego De Bloques Y Escritorio;OUTDOOR
10457955;;M;57;CHILENO;;Boomers;SALAMANCA                     ;COQUIMBO;0;0;0;0;0;0;0;0;0;Mochila National Geographic Redwood 65lt;OUTDOOR
7290824;;M;69;CHILENO;;Silencioso;CALDERA                       ;ATACAMA;0;0;0;0;0;0;0;0;0;TACA TACA MADERA EVER GROUP;OUTDOOR
17049754;;F;33;CHILENO;;Millenial;PROVIDENCIA                   ;METROPOLITANA;0;0;0;0;0;0;0;0;0;Correpasillos Unicornio Rosado;OUTDOOR
27372338;;M;32;EXTRANJERO - NO INFORMA NACIONALIDAD;;Extranjero;"";"";0;0;0;0;0;0;0;0;0;Correpasillos Unicornio Rosado;OUTDOOR
19590092;;F;25;CHILENO;;Silencioso;PROVIDENCIA                   ;METROPOLITANA;0;0;0;0;0;0;0;0;0;TACA TACA MADERA EVER GROUP;OUTDOOR
7470520;;F;65;CHILENO;;Silencioso;PROVIDENCIA                   ;METROPOLITANA;0;0;0;0;0;0;0;0;0;Mi Primer Resbalin Dolu Plegable;OUTDOOR
17227812;;F;35;CHILENO;;Millenial;PROVIDENCIA                   ;METROPOLITANA;0;0;0;0;0;0;0;0;0;Triciclo 360 Desmontable Bebesit;OUTDOOR
11839874;;M;50;CHILENO;;X;N/D;N/D;0;0;0;0;0;0;0;0;0;GO-KART PEDALES ROJO;OUTDOOR
18950856;;M;27;CHILENO;;Millenial;CASTRO                        ;LOS LAGOS;0;0;0;0;0;0;0;0;0;Mesa De Hockey 122X61X78 Cms;OUTDOOR
16299391;Casado;F;35;CHILENO;ABOGADO;Millenial;PROVIDENCIA                   ;METROPOLITANA;0;0;0;0;0;0;0;0;0;TUNEL DE JUEGO 46X180 CM;OUTDOOR
8070281;Casado;M;64;CHILENO;PROFESOR;Boomers;RENCA                         ;METROPOLITANA;0;0;0;0;0;0;0;0;0;V-COLCHON 191x137x30CM. C/INFLADOR;OUTDOOR
18750422;;M;27;CHILENO;;Millenial;N/D;N/D;0;0;0;0;0;0;0;0;0;2EN1 CABALLO MECEDOR+SILLA;OUTDOOR
12766757;Soltero;M;47;CHILENO;;Silencioso;PROVIDENCIA                   ;METROPOLITANA;0;0;0;0;0;0;0;0;0;COLCHON 2 PZA 203X152X22 CM;OUTDOOR
12353072;;M;49;CHILENO;;X;PROVIDENCIA                   ;METROPOLITANA;0;0;0;0;0;0;0;0;0;V-CARPA PLAYA OUTBACK OUTBACK;OUTDOOR
18024143;Soltero;F;29;CHILENO;;Millenial;PROVIDENCIA                   ;METROPOLITANA;0;0;0;0;0;0;0;0;0;TACA TACA MADERA EVER GROUP;OUTDOOR
14161195;;M;41;CHILENO;;X;GALVARINO                     ;ARAUCANIA;0;0;0;0;0;0;0;0;0;V-COLCHON NATGEO DOBLE 191X137X22CM S17;OUTDOOR
9026720;;F;62;CHILENO;;Boomers;PROVIDENCIA                   ;METROPOLITANA;0;0;0;0;0;0;0;0;0;V-CARPA MONTANA 4 PERSONAS OUTBACK;OUTDOOR
15003684;;F;40;CHILENO;;Silencioso;PROVIDENCIA                   ;METROPOLITANA;0;0;0;0;0;0;0;0;0;Mesa Rimax Eterna Familiar Wengue 150X80;OUTDOOR
17968177;;M;30;CHILENO;;Millenial;PROVIDENCIA                   ;METROPOLITANA;0;0;0;0;0;0;0;0;0;MOTO ELECTRICA LUCES BLANCA;OUTDOOR
15699022;;F;38;CHILENO;;Millenial;SAN FERNANDO                  ;L.G.B.OÂ´HIGGINS;0;0;0;0;0;0;0;0;0;COLCHON 2 PZA 203X152X22 CM;OUTDOOR
18218585;;F;30;CHILENO;;Millenial;CALAMA                        ;ANTOFAGASTA;0;0;0;0;0;0;0;0;0;V-PISCINA ESTRUCTURAL BESTWAY STEEL PRO 3.05M X;OUTDOOR
17502887;;F;32;CHILENO;;Millenial;RANCAGUA                      ;L.G.B.OÂ´HIGGINS;0;0;0;0;0;0;0;0;0;V-CARPA 2 PERSONAS MONTANA VERDE OUTBACK;OUTDOOR
12155563;Casado;M;52;CHILENO;;X;RENCA                         ;METROPOLITANA;0;0;0;0;0;0;0;0;0;SCOOTER ELECTRICO CERO EKIDS NEGRO;OUTDOOR
9459245;;M;56;CHILENO;;Boomers;VILLA ALEMANA                 ;VALPARAISO;0;0;0;0;0;0;0;0;0;V-Piscina Inflable Espacial 152X43Cm.;OUTDOOR
18897654;;F;27;CHILENO;;Millenial;PROVIDENCIA                   ;METROPOLITANA;0;0;0;0;0;0;0;0;0;PISCINA STEEL PRO 300X201X66CM;OUTDOOR
11829073;;F;50;CHILENO;;X;COMBARBALA                    ;COQUIMBO;0;0;0;0;0;0;0;0;0;JUEGO INFLABL BOUNCEJAM;OUTDOOR
18301618;;F;30;CHILENO;;Millenial;QUINTERO                      ;VALPARAISO;0;0;0;0;0;0;0;0;0;SCOOTER ELECTRICO ASD NEGRO;OUTDOOR
17173446;;M;33;CHILENO;;Millenial;LA SERENA                     ;COQUIMBO;0;0;0;0;0;0;0;0;0;PISCINA STEEL PRO 300X201X66CM;OUTDOOR
9744880;;M;46;CHILENO;;X;PROVIDENCIA                   ;METROPOLITANA;0;0;0;0;0;0;0;0;0;FLOTADOR ANILLO 56 CM;OUTDOOR
13586629;;F;43;CHILENO;;X;RENCA                         ;METROPOLITANA;0;0;0;0;0;0;0;0;0;PISCINA ESTRUCTURAL STEEL PRO 5700LT;OUTDOOR
17771764;;F;30;CHILENO;;Millenial;RENCA                         ;METROPOLITANA;0;0;0;0;0;0;0;0;0;V-PISCINA Steel Pro 221x150x43cm;OUTDOOR
8671244;;F;62;CHILENO;;Boomers;RENCA                         ;METROPOLITANA;0;0;0;0;0;0;0;0;0;GO-KART PEDALES ROJO;OUTDOOR
5154909;;F;80;CHILENO;;Silencioso;LA SERENA                     ;COQUIMBO;0;0;0;0;0;0;0;0;0;PISCINA CIRCULAR STEEL PRO;OUTDOOR
12771540;;F;46;CHILENO;;X;OVALLE                        ;COQUIMBO;0;0;0;0;0;0;0;0;0;CAMA ELASTICA (1,83M) CON MALLA GAMEPOWER AZUL;OUTDOOR
16595864;;F;35;CHILENO;;Millenial;DIEGO DE ALMAGRO              ;ATACAMA;0;0;0;0;0;0;0;0;0;CAMIONETA ELECTRICA TODO TERRENO BLANCO;OUTDOOR
10662633;;M;53;CHILENO;;X;RENCA                         ;METROPOLITANA;0;0;0;0;0;0;0;0;0;PISCINA CIRCULAR STEEL PRO;OUTDOOR
13123997;;M;46;CHILENO;;X;RENCA                         ;METROPOLITANA;0;0;0;0;0;0;0;0;0;PISCINA RECTANGULAR 211CM BESTWAY AZUL;OUTDOOR
10788138;Soltero;M;42;CHILENO;PSICOLOGO;X;PROVIDENCIA                   ;METROPOLITANA;0;0;0;0;0;0;0;0;0;PISCINA STEEL PRO 300X201X66CM;OUTDOOR
18917551;;M;27;CHILENO;;Z;PROVIDENCIA                   ;METROPOLITANA;0;0;0;0;0;0;0;0;0;PISCINA STEEL PRO 300X201X66CM;OUTDOOR
9360924;;M;59;CHILENO;;Boomers;QUELLON                       ;LOS LAGOS;0;0;0;0;0;0;0;0;0;TACA TACA MADERA EVER GROUP;OUTDOOR
17009434;;M;33;CHILENO;;Millenial;N/D;N/D;0;0;0;0;0;0;0;0;0;PISCINA RECTANGULAR 211CM BESTWAY AZUL;OUTDOOR
13976333;;M;41;CHILENO;;X;OVALLE                        ;COQUIMBO;0;0;0;0;0;0;0;0;0;CAMA ELASTICA (2,44M) CON MALLA GAMEPOWER AZUL;OUTDOOR
14330435;;F;44;CHILENO;;X;PROVIDENCIA                   ;METROPOLITANA;0;0;0;0;0;0;0;0;0;PISCINA CIRCULAR STEEL PRO;OUTDOOR
6728247;;F;68;CHILENO;;Silencioso;VILLA ALEMANA                 ;VALPARAISO;0;0;0;0;0;0;0;0;0;CUERDA SALTARINA LANZA AGUA;OUTDOOR
16395267;;F;36;CHILENO;;Millenial;LOS ANGELES                   ;BIO BIO;0;0;0;0;0;0;0;0;0;MOTO ELECTRICA LUCES BLANCA;OUTDOOR
16660317;;F;34;CHILENO;;Millenial;"";"";0;0;0;0;0;0;0;0;0;MALETA CORREPASILLO MOTO ROSADA;OUTDOOR
15127428;Casado;M;40;CHILENO;;X;RENCA                         ;METROPOLITANA;0;0;0;0;0;0;0;0;0;PISCINA CIRCULAR STEEL PRO;OUTDOOR
17454709;;M;32;CHILENO;;Millenial;N/D;N/D;0;0;0;0;0;0;0;0;0;Piscina Redonda Fast Set Con Filtro 3.66M X 76 C;OUTDOOR
17937387;Soltero;M;30;CHILENO;;Silencioso;PROVIDENCIA                   ;METROPOLITANA;0;0;0;0;0;0;0;0;0;PISCINA RECTANGULAR 150CM BESTWAY AZUL;OUTDOOR
13838875;Casado;M;41;CHILENO;;X;PROVIDENCIA                   ;METROPOLITANA;0;0;0;0;0;0;0;0;0;PISCINA RECTANGULAR 211CM BESTWAY AZUL;OUTDOOR
16322192;;M;36;CHILENO;;Millenial;PROVIDENCIA                   ;METROPOLITANA;0;0;0;0;0;0;0;0;0;PISCINA STEEL PRO C/ESCALERA Y COBERTOR;OUTDOOR
9190267;;F;61;CHILENO;;Boomers;ILLAPEL                       ;COQUIMBO;0;0;0;0;0;0;0;0;0;GO-KART PEDALES ROJO;OUTDOOR
15487780;;F;37;CHILENO;;Millenial;PROVIDENCIA                   ;METROPOLITANA;0;0;0;0;0;0;0;0;0;TOBOGAN DE AGUA H2OGO! DOBLE;OUTDOOR
13619816;;F;43;CHILENO;;X;TOME                          ;BIO BIO;0;0;0;0;0;0;0;0;0;PISCINA STEEL PRO 300X201X66CM;OUTDOOR
16097297;;M;37;CHILENO;;Millenial;LA SERENA                     ;COQUIMBO;0;0;0;0;0;0;0;0;0;PISCINA STEEL PRO 300X201X66CM;OUTDOOR
13705441;;F;42;CHILENO;;X;PROVIDENCIA                   ;METROPOLITANA;0;0;0;0;0;0;0;0;0;TACA TACA MADERA EVER GROUP;OUTDOOR
17451184;Soltero;F;32;CHILENO;;Millenial;PROVIDENCIA                   ;METROPOLITANA;0;0;0;0;0;0;0;0;0;TRACTOR ELECTRICO CON PALA AMARILLO 6V;OUTDOOR
18326564;;F;29;CHILENO;;Millenial;CERRO NAVIA                   ;METROPOLITANA;0;0;0;0;0;0;0;0;0;PISCINA RECTANGULAR 211CM BESTWAY AZUL;OUTDOOR
19675959;;M;24;CHILENO;;Z;PUERTO MONTT                  ;LOS LAGOS;0;0;0;0;0;0;0;0;0;AUTO ELECTRICO ROJO;OUTDOOR
18343937;Casado;F;29;CHILENO;;Millenial;PROVIDENCIA                   ;METROPOLITANA;0;0;0;0;0;0;0;0;0;PISCINA RECTANGULAR 211CM BESTWAY AZUL;OUTDOOR
10720992;;F;54;CHILENO;;X;RENCA                         ;METROPOLITANA;0;0;0;0;0;0;0;0;0;PISCINA STEEL PRO C/ESCALERA Y COBERTOR;OUTDOOR
18450941;;F;43;CHILENO;;X;CHILLAN                       ;BIO BIO;0;0;0;0;0;0;0;0;0;CAMA ELASTICA (3,05M) CON MALLA GAMEPOWER AZUL;OUTDOOR
18721451;Soltero;F;27;CHILENO;INGENIERO COMERCIAL;Millenial;PROVIDENCIA                   ;METROPOLITANA;0;0;0;0;0;0;0;0;0;PISCINA CIRCULAR STEEL PRO;OUTDOOR
15095803;;F;40;CHILENO;;X;QUILPUE                       ;VALPARAISO;0;0;0;0;0;0;0;0;0;PISCINA CIRCULAR STEEL PRO 6473 L;OUTDOOR
15724787;;M;38;CHILENO;;X;PROVIDENCIA                   ;METROPOLITANA;0;0;0;0;0;0;0;0;0;PISCINA RECTANGULAR 211CM BESTWAY AZUL;OUTDOOR
7382670;;F;66;CHILENO;;Boomers;LA ESTRELLA                   ;L.G.B.OÂ´HIGGINS;0;0;0;0;0;0;0;0;0;PISCINA STEEL PRO C/ESCALERA Y COBERTOR;OUTDOOR
19319662;;F;26;CHILENO;;Z;N/D;N/D;0;0;0;0;0;0;0;0;0;PISCINA RECTANGULAR 150CM BESTWAY AZUL;OUTDOOR
13132209;;M;45;CHILENO;;X;RENCA                         ;METROPOLITANA;0;0;0;0;0;0;0;0;0;PISCINA CIRCULAR STEEL PRO;OUTDOOR
20214076;;F;23;CHILENO;;Z;PROVIDENCIA                   ;METROPOLITANA;0;0;0;0;0;0;0;0;0;MI PRIMER TRAMPOLIN 140CM GAMEPOWER AZUL/AMARILL;OUTDOOR
18556599;;F;28;CHILENO;;Extranjero;PADRE HURTADO                 ;METROPOLITANA;0;0;0;0;0;0;0;0;0;TUNEL INFANTIL CUNCUNA;OUTDOOR
18419270;;F;28;CHILENO;;Z;CONCEPCION                    ;BIO BIO;0;0;0;0;0;0;0;0;0;CAMA ELASTICA (1,83M) CON MALLA GAMEPOWER AZUL;OUTDOOR
5949483;Casado;M;73;CHILENO;;Silencioso;PROVIDENCIA                   ;METROPOLITANA;0;0;0;0;0;0;0;0;0;AUTO ELECTRICO DESCAPOTABLE BLANCO COUP;OUTDOOR
17475790;Soltero;F;32;CHILENO;GASTRONOMIA INTERNACIONAL;Millenial;PROVIDENCIA                   ;METROPOLITANA;0;0;0;0;0;0;0;0;0;SET DE 100 PELOTAS PLASTICAS 6.5CM;OUTDOOR
16374231;;F;36;CHILENO;;Millenial;RENCA                         ;METROPOLITANA;0;0;0;0;0;0;0;0;0;MALETA CORREPASILLO ELEFANTE VERDE;OUTDOOR
13958054;;F;42;CHILENO;;X;RENCA                         ;METROPOLITANA;0;0;0;0;0;0;0;0;0;SCOOTER PLEGABLE BIA;OUTDOOR
17498165;;F;32;CHILENO;;Millenial;N/D;N/D;0;0;0;0;0;0;0;0;0;CUATRIMOTO ELECTRICA CUTIE CELESTE 6V;OUTDOOR
15730780;;F;39;CHILENO;;X;LA FLORIDA                    ;METROPOLITANA;59960;4;2;4;2;59960;0;0;0;CALIENTACAMA KIOTO DIGITAL 2 PLAZAS KTC-1006;CLIMATIZACION
10612973;Casado;F;55;CHILENO;;Boomers;PROVIDENCIA                   ;METROPOLITANA;29990;1;1;0;0;0;1;1;29990;CALIENTACAMA KIOTO DIGITAL 2 PLAZAS KTC-1006;CLIMATIZACION
8411034;;M;64;CHILENO;;Boomers;PANGUIPULLI                   ;LOS RIOS;14990;1;1;0;0;0;1;1;14990;CALIENTACAMA KIOTO ANALOGO 1 PLAZA KTC-1004;CLIMATIZACION
7007663;;M;62;CHILENO;;Boomers;LA CISTERNA                   ;METROPOLITANA;169990;1;1;0;0;0;1;1;169990;ESTUFA A GAS CALMA 15 KG HELIUS;CLIMATIZACION
11623762;;F;51;CHILENO;;X;AISEN                         ;AYSEN;1392960;4;2;4;2;1392960;0;0;0;CALEFACTOR LENA CLASSIC500 GRIS CHARCOAL;CLIMATIZACION
20336418;;F;22;CHILENO;;Millenial;N/D;N/D;7240;2;1;0;0;0;2;1;7240;ESTUFA CUARZO KIOTO 800W KTE-011A;CLIMATIZACION
19104876;Soltero;F;27;CHILENO;;Z;PROVIDENCIA                   ;METROPOLITANA;6490;1;1;1;1;6490;0;0;0;ESTUFA CUARZO KIOTO 800W KTE-011A;CLIMATIZACION
10656909;;M;52;CHILENO;;X;CHILLAN                       ;BIO BIO;356490;6;3;0;0;0;6;3;356490;MINI OLEOELECTRICA KIOTO 500W BLANCO KTE-1081B;CLIMATIZACION
17948492;Casado;M;44;CHILENO;;X;RENCA                         ;METROPOLITANA;13980;2;1;0;0;0;2;1;13980;ESTUFA CUARZO KIOTO 800W KTE-011A;CLIMATIZACION
12245626;;F;50;CHILENO;;X;EL BOSQUE                     ;METROPOLITANA;13980;2;2;0;0;0;2;2;13980;ESTUFA CUARZO KIOTO 800W KTE-011A;CLIMATIZACION
18670325;;F;28;CHILENO;;Millenial;MACUL;METROPOLITANA;229960;4;2;4;2;229960;0;0;0;CALIENTACAMA KIOTO DIGITAL 2 PLAZAS KTC-1006;CLIMATIZACION
15387383;;F;38;CHILENO;;Millenial;PUERTO MONTT                  ;LOS LAGOS;98722;8;3;0;0;0;8;3;98722;ESTUFA CUARZO KIOTO 800W KTE-011A;CLIMATIZACION
10278544;;F;55;CHILENO;;Boomers;ERCILLA                       ;ARAUCANIA;60350;2;1;0;0;0;2;1;60350;CHIMENEA ELECTRICA KIOTO 2000W KTE-1101;CLIMATIZACION
6908019;;F;71;CHILENO;;Silencioso;PANGUIPULLI                   ;LOS RIOS;6490;1;1;0;0;0;1;1;6490;ESTUFA CUARZO KIOTO 800W KTE-011A;CLIMATIZACION
17328287;;F;33;CHILENO;;Millenial;N/D;N/D;33980;2;1;2;1;33980;0;0;0;CALIENTACAMA KIOTO DIGITAL 2 PLAZAS KTC-1006;CLIMATIZACION
14093189;;M;40;CHILENO;;X;SAN BERNARDO;METROPOLITANA;0;0;2;0;2;0;0;0;0;CALIENTACAMA KIOTO ANALOGO 1 PLAZA KTC-1004;CLIMATIZACION
19977437;;F;23;CHILENO;;Z;SAN RAMON;METROPOLITANA;46480;2;2;0;0;0;2;2;46480;ESTUFA CUARZO KIOTO 800W KTE-011A;CLIMATIZACION
9214463;;M;52;CHILENO;;X;N/D;N/D;13480;2;2;0;0;0;2;2;13480;ESTUFA CUARZO KIOTO 800W KTE-011A;CLIMATIZACION
13779209;;F;41;CHILENO;;X;LAS CABRAS;O HIGGINS;128880;10;1;10;1;128880;0;0;0;CALIENTACAMA KIOTO ANALOGO 1 PLAZA KTC-1004;CLIMATIZACION
17068353;;F;33;CHILENO;;Millenial;SAN BERNARDO;METROPOLITANA;125950;5;3;5;3;125950;0;0;0;TERMOVENTILADOR KIOTO BLANCO 2000W KTE-1028B;CLIMATIZACION
10703542;;F;56;CHILENO;;Boomers;RENCA                         ;METROPOLITANA;407980;2;2;0;0;0;2;2;407980;ESTUFA PARAFINA KPL-36;CLIMATIZACION
15390876;;M;40;CHILENO;;X;PROVIDENCIA                   ;METROPOLITANA;77470;3;3;2;2;41480;1;1;35990;ESTUFA CUARZO KIOTO 800W KTE-011A;CLIMATIZACION
14345748;;F;44;CHILENO;;X;TALCA                         ;MAULE;69940;6;3;5;2;57950;1;1;11990;CALIENTACAMA KIOTO ANALOGO 1 PLAZA KTC-1004;CLIMATIZACION
19714867;;F;25;CHILENO;;Z;PROVIDENCIA                   ;METROPOLITANA;7240;2;1;0;0;0;2;1;7240;ESTUFA CUARZO KIOTO 800W KTE-011A;CLIMATIZACION
6315489;;M;72;CHILENO;;Silencioso;RENCA                         ;METROPOLITANA;169990;1;1;0;0;0;1;1;169990;ESTUFA A GAS CALMA 15 KG HELIUS;CLIMATIZACION
18526519;Soltero;M;27;CHILENO;;Millenial;CAUQUENES                     ;MAULE;12792;1;1;0;0;0;1;1;12792;ESTUFA ELECTRICA CUARZO KIOTO 1200W KTE 1033;CLIMATIZACION
15691139;;F;38;CHILENO;;X;SAN MIGUEL                    ;METROPOLITANA;11980;2;1;2;1;11980;0;0;0;TERMOVENTILADOR KIOTO BLANCO 2000W KTE-1028B;CLIMATIZACION
17813542;;F;33;CHILENO;;Millenial;QUILICURA                     ;METROPOLITANA;200940;6;5;5;4;70950;1;1;129990;CALIENTACAMA KIOTO ANALOGO 1 PLAZA KTC-1004;CLIMATIZACION
12636770;;F;50;CHILENO;;X;SANTIAGO                      ;METROPOLITANA;15980;2;1;2;1;15980;0;0;0;TERMOVENTILADOR KIOTO BLANCO 2000W KTE-1028B;CLIMATIZACION
26205031;;F;37;VENEZOLANO;;Extranjero;"";"";11980;2;1;2;1;11980;0;0;0;ESTUFA CUARZO KIOTO 800W KTE-011A;CLIMATIZACION
27048235;Soltero;F;29;VENEZOLANO;;Extranjero;ESTACION CENTRAL              ;METROPOLITANA;59980;2;2;0;0;0;2;2;59980;ESTUFA CUARZO KIOTO 800W KTE-011A;CLIMATIZACION
18561832;;F;29;CHILENO;;Millenial;CONCEPCION                    ;BIO BIO;11980;2;1;2;1;11980;0;0;0;ESTUFA CUARZO KIOTO 800W KTE-011A;CLIMATIZACION
19936965;;F;25;CHILENO;;Z;CHILLAN VIEJO                 ;BIO BIO;29990;1;1;0;0;0;1;1;29990;CALIENTACAMA KIOTO DIGITAL 2 PLAZAS KTC-1006;CLIMATIZACION
12421743;;M;49;CHILENO;;X;N/D;N/D;169700;2;1;0;0;0;2;1;169700;ESTUFA CALMA TORRE PTC FLAME PTC4000;CLIMATIZACION
14205782;;F;41;CHILENO;;X;PROVIDENCIA                   ;METROPOLITANA;9990;1;1;0;0;0;1;1;9990;TERMOVENTILADOR KIOTO BLANCO 2000W KTE-1028B;CLIMATIZACION
6736984;Casado;M;67;CHILENO;;Boomers;RENCA                         ;METROPOLITANA;9990;1;1;0;0;0;1;1;9990;TERMOVENTILADOR KIOTO BLANCO 2000W KTE-1028B;CLIMATIZACION
16121375;;M;37;CHILENO;;Millenial;PROVIDENCIA                   ;METROPOLITANA;14980;2;1;2;1;14980;0;0;0;CALIENTACAMA KIOTO ANALOGO 1 PLAZA KTC-1004;CLIMATIZACION
7903101;;M;66;CHILENO;;Boomers;LINARES                       ;MAULE;91970;3;2;0;0;0;3;2;91970;ESTUFA CUARZO KIOTO 800W KTE-011A;CLIMATIZACION
20463240;;M;21;CHILENO;;Z;SANTA CRUZ;O HIGGINS;9990;1;1;0;0;0;1;1;9990;ESTUFA CUARZO KIOTO 800W KTE-011A;CLIMATIZACION
8553638;;F;63;CHILENO;;Boomers;LAS CABRAS                    ;L.G.B.OÂ´HIGGINS;90150;2;1;0;0;0;2;1;90150;TERMOVENTILADOR CALMA PTC DIGITAL T3000;CLIMATIZACION
27207310;;M;31;EXTRANJERO - NO INFORMA NACIONALIDAD;;Extranjero;PROVIDENCIA                   ;METROPOLITANA;50980;2;2;2;2;50980;0;0;0;CALIENTACAMA KIOTO ANALOGO 1 PLAZA KTC-1004;CLIMATIZACION
18525711;;M;28;CHILENO;;Millenial;LOS ANGELES                   ;BIO BIO;525540;10;4;0;0;0;10;4;525540;MINI OLEOELECTRICA KIOTO 500W NEGRO KTE-1081N;CLIMATIZACION
18650403;;F;27;CHILENO;;Millenial;RANCAGUA                      ;L.G.B.OÂ´HIGGINS;0;0;2;0;2;0;0;0;0;ESTUFA ELECTRICA CUARZO KIOTO 1200W KTE 1033;CLIMATIZACION
18604822;;F;28;CHILENO;;Millenial;SAN MIGUEL;METROPOLITANA;267920;7;3;7;3;267920;0;0;0;CALIENTACAMA KIOTO DIGITAL 2 PLAZAS KTC-1006;CLIMATIZACION
13887186;;F;43;CHILENO;;X;RENCA                         ;METROPOLITANA;119970;3;2;0;0;0;3;2;119970;CHIMENEA ELECTRICA KIOTO 2000W KTE-1101;CLIMATIZACION
18549026;;M;28;CHILENO;;Millenial;N/D;N/D;69950;5;5;0;0;0;5;5;69950;ESTUFA CUARZO KIOTO 800W KTE-011A;CLIMATIZACION
16888660;;F;34;CHILENO;;Millenial;PROVIDENCIA                   ;METROPOLITANA;10990;1;1;1;1;10990;0;0;0;CALIENTACAMA KIOTO ANALOGO 1 PLAZA KTC-1004;CLIMATIZACION
20178569;;F;23;CHILENO;;Z;PROVIDENCIA                   ;METROPOLITANA;19980;2;1;0;0;0;2;1;19980;ESTUFA CUARZO KIOTO 800W KTE-011A;CLIMATIZACION
13869582;;F;42;CHILENO;;X;PROVIDENCIA                   ;METROPOLITANA;31980;2;1;2;1;31980;0;0;0;CALIENTACAMA KIOTO DIGITAL 1 PLAZA KTC-1005;CLIMATIZACION
9237973;;M;59;CHILENO;;Boomers;OVALLE                        ;COQUIMBO;54840;2;1;0;0;0;2;1;54840;TERMOVENTILADOR CERAMICO TH-CH41 NG 1000W-2000W;CLIMATIZACION
7947867;;M;66;CHILENO;;Boomers;LANCO                         ;LOS LAGOS;26392;1;1;0;0;0;1;1;26392;CALIENTACAMA KIOTO DIGITAL 2 PLAZAS KTC-1006;CLIMATIZACION
13364282;;M;43;CHILENO;;X;RENCA                         ;METROPOLITANA;0;0;2;1;1;129990;-1;1;-129990;ESTUFA A GAS UT GRX-4200 15 KILOS;CLIMATIZACION
16500060;;F;35;CHILENO;;Millenial;PROVIDENCIA                   ;METROPOLITANA;19980;2;1;0;0;0;2;1;19980;TERMOVENTILADOR KIOTO BLANCO 2000W KTE-1028B;CLIMATIZACION
8286637;Casado;M;65;CHILENO;;Boomers;RENCA                         ;METROPOLITANA;203980;2;2;0;0;0;2;2;203980;VENTILADOR INDUSTRIAL KTI-1013;CLIMATIZACION
17708965;;F;30;CHILENO;;Millenial;ESTACION CENTRAL;METROPOLITANA;221870;11;4;11;4;221870;0;0;0;CALIENTACAMA KIOTO ANALOGO 1 PLAZA KTC-1004;CLIMATIZACION
10362731;;F;54;CHILENO;;X;MELIPILLA                     ;METROPOLITANA;1210530;6;3;0;0;0;6;3;1210530;TERMOVENTILADOR KIOTO BLANCO 2000W KTE-1028B;CLIMATIZACION
17469229;;F;32;CHILENO;;Millenial;LOS ANDES                     ;VALPARAISO;0;0;2;0;2;0;0;0;0;TERMOVENTILADOR KIOTO NEGRO 2000W KTE-1028N;CLIMATIZACION
9483827;Casado;M;59;CHILENO;;Boomers;LA CISTERNA                   ;METROPOLITANA;98772;5;1;0;0;0;5;1;98772;CHIMENEA ELECTRICA KIOTO 2000W KTE-1101;CLIMATIZACION
15811278;;M;38;CHILENO;;Millenial;PANGUIPULLI                   ;LOS RIOS;148560;5;2;0;0;0;5;2;148560;ESTUFA ELECTRICA CUARZO KIOTO 1200W KTE 1033;CLIMATIZACION
13834684;;F;42;CHILENO;;X;PROVIDENCIA                   ;METROPOLITANA;49580;3;2;0;0;0;3;2;49580;ESTUFA ELECTRICA CUARZO KIOTO 1200W KTE 1033;CLIMATIZACION
8108762;;F;62;CHILENO;;Boomers;ARICA                         ;ARICA Y PARINACOTA;110430;5;2;0;0;0;5;2;110430;MINI OLEOELECTRICA KIOTO 500W NEGRO KTE-1081N;CLIMATIZACION
11891697;;F;51;CHILENO;;X;SAN VICENTE                   ;L.G.B.OÂ´HIGGINS;159990;1;1;0;0;0;1;1;159990;ESTUFA FOGUITA PRO;CLIMATIZACION
10520951;Casado;M;51;CHILENO;;X;PROVIDENCIA                   ;METROPOLITANA;21980;2;1;2;1;21980;0;0;0;CALIENTACAMA KIOTO ANALOGO 1 PLAZA KTC-1004;CLIMATIZACION
13832070;;F;41;CHILENO;;X;PROVIDENCIA                   ;METROPOLITANA;25970;3;1;3;1;25970;0;0;0;CALIENTACAMA KIOTO ANALOGO 1 PLAZA KTC-1004;CLIMATIZACION
7219420;;F;72;CHILENO;;Silencioso;NATALES                       ;MAGALLANES;28230;3;2;0;0;0;3;2;28230;ESTUFA CUARZO KIOTO 800W KTE-011A;CLIMATIZACION
16699093;Soltero;F;34;CHILENO;;Millenial;PROVIDENCIA                   ;METROPOLITANA;99980;2;2;1;1;89990;1;1;9990;ESTUFA CUARZO KIOTO 800W KTE-011A;CLIMATIZACION
18399171;;M;28;CHILENO;;Extranjero;"";"";109990;1;1;0;0;0;1;1;109990;ESTUFA PARAFINA KPM-3300;CLIMATIZACION
20308320;;F;22;CHILENO;;Z;N/D;N/D;6990;1;1;0;0;0;1;1;6990;ESTUFA CUARZO KIOTO 800W KTE-011A;CLIMATIZACION
19296190;Soltero;F;26;CHILENO;;Z;PROVIDENCIA                   ;METROPOLITANA;24980;2;2;1;1;10990;1;1;13990;CALIENTACAMA KIOTO ANALOGO 1 PLAZA KTC-1004;CLIMATIZACION
13121061;;F;45;CHILENO;;X;LOS MUERMOS                   ;LOS LAGOS;329690;3;2;0;0;0;3;2;329690;ESTUFA A GAS CALMA 5 KG COMPAK;CLIMATIZACION
18551120;;F;29;CHILENO;;Millenial;PROVIDENCIA                   ;METROPOLITANA;9990;1;1;0;0;0;1;1;9990;TERMOVENTILADOR KIOTO BLANCO 2000W KTE-1028B;CLIMATIZACION
15626506;;F;40;CHILENO;;X;SAN JAVIER;MAULE;825941;7;4;4;2;465960;3;2;359981;TERMOVENTILADOR KIOTO BLANCO 2000W KTE-1028B;CLIMATIZACION
15904127;;M;37;CHILENO;;Millenial;N/D;N/D;56950;5;2;5;2;56950;0;0;0;ESTUFA CUARZO KIOTO 800W KTE-011A;CLIMATIZACION
14539111;;F;50;CHILENO;;X;PUTAENDO                      ;VALPARAISO;44970;3;2;0;0;0;3;2;44970;ESTUFA CUARZO KIOTO 800W KTE-011A;CLIMATIZACION
17171983;;F;33;CHILENO;;Millenial;LINARES                       ;MAULE;169450;5;2;5;2;169450;0;0;0;TERMOVENTILADOR KIOTO NEGRO 2000W KTE-1028N;CLIMATIZACION
13068931;;F;45;CHILENO;;X;"";"";250450;5;4;3;2;130470;2;2;119980;TERMOVENTILADOR KIOTO NEGRO 2000W KTE-1028N;CLIMATIZACION
18332135;;F;28;CHILENO;;Millenial;MARIQUINA                     ;LOS LAGOS;79970;3;2;0;0;0;3;2;79970;CALIENTACAMA KIOTO DIGITAL 2 PLAZAS KTC-1006;CLIMATIZACION
25975830;Soltero;M;34;VENEZOLANO;;Extranjero;PROVIDENCIA                   ;METROPOLITANA;29990;1;1;0;0;0;1;1;29990;MINI OLEOELECTRICA KIOTO 500W BLANCO KTE-1081B;CLIMATIZACION
16145644;;F;37;CHILENO;;Millenial;CONCHALI;METROPOLITANA;362910;9;3;9;3;362910;0;0;0;TERMOVENTILADOR KIOTO BLANCO 2000W KTE-1028B;CLIMATIZACION
19478969;;F;25;CHILENO;;Z;PROVIDENCIA                   ;METROPOLITANA;10990;1;1;0;0;0;1;1;10990;TERMOVENTILADOR KIOTO BLANCO 2000W KTE-1028B;CLIMATIZACION
20587570;;F;21;CHILENO;;Z;PROVIDENCIA                   ;METROPOLITANA;26990;1;1;1;1;26990;0;0;0;CALIENTACAMA KIOTO DIGITAL 2 PLAZAS KTC-1006;CLIMATIZACION
13303068;;M;44;CHILENO;;X;PROVIDENCIA                   ;METROPOLITANA;39960;4;1;4;1;39960;0;0;0;CALIENTACAMA KIOTO ANALOGO 1 PLAZA KTC-1004;CLIMATIZACION
12587303;;F;48;CHILENO;;X;PROVIDENCIA                   ;METROPOLITANA;35970;3;2;0;0;0;3;2;35970;ESTUFA CUARZO KIOTO 800W KTE-011A;CLIMATIZACION
18469849;;F;29;CHILENO;;Millenial;EL BOSQUE                     ;METROPOLITANA;328960;4;2;4;2;328960;0;0;0;CALIENTACAMA KIOTO ANALOGO 1 PLAZA KTC-1004;CLIMATIZACION
8329658;;M;64;CHILENO;;Boomers;PROVIDENCIA                   ;METROPOLITANA;713940;6;5;0;0;0;6;5;713940;CALIENTACAMA KIOTO DIGITAL 2 PLAZAS KTC-1006;CLIMATIZACION
12792272;Soltero;M;47;CHILENO;;X;RENCA                         ;METROPOLITANA;10990;1;1;0;0;0;1;1;10990;TERMOVENTILADOR KIOTO NEGRO 2000W KTE-1028N;CLIMATIZACION
13444870;;M;44;CHILENO;;X;SANTIAGO                      ;METROPOLITANA;176970;3;2;0;0;0;3;2;176970;ESTUFA CUARZO KIOTO 800W KTE-011A;CLIMATIZACION
17171304;;F;33;CHILENO;;Millenial;PROVIDENCIA                   ;METROPOLITANA;23980;2;2;0;0;0;2;2;23980;TERMOVENTILADOR KIOTO BLANCO 2000W KTE-1028B;CLIMATIZACION
10339522;;F;42;CHILENO;;X;NATALES                       ;MAGALLANES;349980;2;2;0;0;0;2;2;349980;CHIMENEA ELECTRICA KIOTO 2000W KTE-1101;CLIMATIZACION
12602574;;F;48;CHILENO;;X;QUILPUE                       ;VALPARAISO;9990;1;1;0;0;0;1;1;9990;TERMOVENTILADOR KIOTO BLANCO 2000W KTE-1028B;CLIMATIZACION
22164728;;M;34;PERUANO;;Extranjero;PROVIDENCIA                   ;METROPOLITANA;13980;2;1;2;1;13980;0;0;0;TERMOVENTILADOR KIOTO BLANCO 2000W KTE-1028B;CLIMATIZACION
9311954;;M;60;CHILENO;;Boomers;RENCA                         ;METROPOLITANA;9990;1;1;0;0;0;1;1;9990;TERMOVENTILADOR KIOTO BLANCO 2000W KTE-1028B;CLIMATIZACION
9582857;;F;60;CHILENO;;Boomers;PUDAHUEL                      ;METROPOLITANA;65900;2;1;0;0;0;2;1;65900;CHIMENEA ELECTRICA KIOTO 2000W KTE-1101;CLIMATIZACION
16166239;;F;36;CHILENO;;Millenial;SAN FERNANDO                  ;L.G.B.OÂ´HIGGINS;445150;11;5;1;1;9990;10;4;435160;ESTUFA GAS EH2500 5K NEGRO;CLIMATIZACION
26372844;;F;39;VENEZOLANO;;Extranjero;N/D;N/D;774240;4;2;0;0;0;4;2;774240;CALIENTACAMA KIOTO DIGITAL 2 PLAZAS KTC-1006;CLIMATIZACION
25900635;;M;35;VENEZOLANO;;Extranjero;SAN BERNARDO                  ;METROPOLITANA;696520;7;3;0;0;0;7;3;696520;ESTUFA CUARZO KIOTO 800W KTE-011A;CLIMATIZACION
15476036;;M;39;CHILENO;;Silencioso;PROVIDENCIA                   ;METROPOLITANA;143980;2;1;2;1;143980;0;0;0;ESTUFA ELEC. CHIMENEA TH-FP75 NG 1000W-2000W;CLIMATIZACION
16517981;;F;35;CHILENO;;Millenial;LAUTARO;ARAUCANIA;45960;4;2;4;2;45960;0;0;0;CALIENTACAMA KIOTO ANALOGO 1 PLAZA KTC-1004;CLIMATIZACION
19212270;;F;26;CHILENO;;Z;TALAGANTE                     ;METROPOLITANA;1089910;10;4;9;3;829920;1;1;259990;TERMOVENTILADOR KIOTO BLANCO 2000W KTE-1028B;CLIMATIZACION
15794249;;F;37;CHILENO;;Millenial;PROVIDENCIA                   ;METROPOLITANA;15990;1;1;0;0;0;1;1;15990;ESTUFA ELECTRICA CUARZO KIOTO 1200W KTE 1033;CLIMATIZACION
16909758;;F;34;CHILENO;;Millenial;PROVIDENCIA                   ;METROPOLITANA;7990;1;1;1;1;7990;0;0;0;TERMOVENTILADOR KIOTO BLANCO 2000W KTE-1028B;CLIMATIZACION
15528864;;F;39;CHILENO;;Millenial;"";"";15990;1;1;0;0;0;1;1;15990;ESTUFA ELECTRICA CUARZO KIOTO 1200W KTE 1033;CLIMATIZACION
19015424;;F;26;CHILENO;;Z;PROVIDENCIA                   ;METROPOLITANA;9990;1;1;0;0;0;1;1;9990;ESTUFA CUARZO KIOTO 800W KTE-011A;CLIMATIZACION
15110495;;F;39;CHILENO;;X;SAN VICENTE                   ;L.G.B.OÂ´HIGGINS;694930;9;5;1;1;49990;8;4;644940;ESTUFA CALMA TORRE PTC FLAME PTC4000;CLIMATIZACION
11602074;;M;52;CHILENO;;X;CANETE                        ;BIO BIO;446790;7;5;3;1;225830;4;4;220960;ESTUFA ELECTRICA CUARZO KIOTO 1200W KTE 1033;CLIMATIZACION
9630943;;F;63;CHILENO;;Boomers;CURICO                        ;MAULE;54580;3;2;0;0;0;3;2;54580;ESTUFA ELECTRICA CUARZO KIOTO 1200W KTE 1033;CLIMATIZACION
20500071;;F;22;CHILENO;;Z;PROVIDENCIA                   ;METROPOLITANA;216970;3;3;1;1;199990;2;2;16980;ESTUFA CUARZO KIOTO 800W KTE-011A;CLIMATIZACION
7918551;;F;62;CHILENO;;Boomers;MONTE PATRIA                  ;COQUIMBO;40000;1;1;0;0;0;1;1;40000;PRODUCTO 2A CLIMATIZACION BANDA 6;CLIMATIZACION
24701341;;M;39;PERUANO;;Extranjero;N/D;N/D;106980;2;2;1;1;99990;1;1;6990;ESTUFA CUARZO KIOTO 800W KTE-011A;CLIMATIZACION
19623578;;F;25;CHILENO;;Z;N/D;N/D;26590;2;1;0;0;0;2;1;26590;ESTUFA ELECTRICA CUARZO KIOTO 1200W KTE 1033;CLIMATIZACION
6429031;;M;68;CHILENO;;Silencioso;PENAFLOR                      ;METROPOLITANA;19980;2;2;0;0;0;2;2;19980;ESTUFA CUARZO KIOTO 800W KTE-011A;CLIMATIZACION
7200916;;F;65;CHILENO;;Boomers;SAN BERNARDO                  ;METROPOLITANA;315070;4;3;0;0;0;4;3;315070;CALIENTACAMA KIOTO DIGITAL 2 PLAZAS KTC-1006;CLIMATIZACION
17909868;Soltero;F;29;CHILENO;NUTRICIONISTA;Millenial;PROVIDENCIA                   ;METROPOLITANA;17990;1;1;1;1;17990;0;0;0;ESTUFA ELECTRICA CUARZO KIOTO 1200W KTE 1033;CLIMATIZACION
19008990;;F;26;CHILENO;;Z;MOLINA                        ;MAULE;15980;2;1;2;1;15980;0;0;0;ESTUFA CUARZO KIOTO 800W KTE-011A;CLIMATIZACION
15704503;;M;38;CHILENO;;Millenial;CARAHUE                       ;ARAUCANIA;497910;8;3;8;3;497910;0;0;0;TERMOVENTILADOR KIOTO BLANCO 2000W KTE-1028B;CLIMATIZACION
8235922;;F;63;CHILENO;;Boomers;N/D;N/D;358910;9;3;0;0;0;9;3;358910;ESTUFA CUARZO KIOTO 800W KTE-011A;CLIMATIZACION
13449431;;M;43;CHILENO;;Silencioso;PROVIDENCIA                   ;METROPOLITANA;375960;4;2;0;0;0;4;2;375960;TERMOVENTILADOR KIOTO BLANCO 2000W KTE-1028B;CLIMATIZACION
18102196;;F;29;CHILENO;;Millenial;N/D;N/D;10990;1;1;1;1;10990;0;0;0;CALIENTACAMA KIOTO ANALOGO 1 PLAZA KTC-1004;CLIMATIZACION
14616593;;F;45;CHILENO;;X;N/D;N/D;52980;2;1;0;0;0;2;1;52980;CALIENTACAMA KIOTO DIGITAL 2 PLAZAS KTC-1006;CLIMATIZACION
8557665;;M;64;CHILENO;;Boomers;VILLA ALEGRE                  ;MAULE;1158013;10;5;0;0;0;10;5;1158013;ESTUFA CUARZO KIOTO 800W KTE-011A;CLIMATIZACION
15179347;;F;39;CHILENO;;X;TALCAHUANO                    ;BIO BIO;87820;4;3;4;3;87820;0;0;0;CALIENTACAMA KIOTO DIGITAL 1 PLAZA KTC-1005;CLIMATIZACION
17245323;;M;32;CHILENO;;Millenial;TALCA;MAULE;7992;1;1;0;0;0;1;1;7992;TERMOVENTILADOR KIOTO BLANCO 2000W KTE-1028B;CLIMATIZACION
26093611;Soltero;F;48;VENEZOLANO;;Extranjero;PEDRO AGUIRRE CERDA           ;METROPOLITANA;189990;1;3;0;2;0;1;1;189990;TERMOVENTILADOR KIOTO BLANCO 2000W KTE-1028B;CLIMATIZACION
18740422;;F;28;CHILENO;;Millenial;TALCA                         ;MAULE;7992;1;1;0;0;0;1;1;7992;ESTUFA CUARZO KIOTO 800W KTE-011A;CLIMATIZACION
15965757;;M;37;CHILENO;;Millenial;QUILICURA;METROPOLITANA;0;0;2;0;2;0;0;0;0;ESTUFA CUARZO KIOTO 800W KTE-011A;CLIMATIZACION
15939275;;F;37;CHILENO;;Millenial;PUERTO MONTT                  ;LOS LAGOS;71540;7;2;0;0;0;7;2;71540;ESTUFA ELECTRICA CUARZO KIOTO 1200W KTE 1033;CLIMATIZACION
11608000;;F;52;CHILENO;;X;MELIPILLA                     ;METROPOLITANA;151970;3;2;0;0;0;3;2;151970;ESTUFA CUARZO KIOTO 800W KTE-011A;CLIMATIZACION
9152397;;M;61;CHILENO;;Boomers;VILLARICA                     ;ARAUCANIA;89982;2;1;0;0;0;2;1;89982;CHIMENEA ELECTRICA KIOTO 2000W KTE-1101;CLIMATIZACION
15027065;;F;39;CHILENO;;X;CHANARAL                      ;ATACAMA;273549;11;2;2;1;198640;9;1;74909;TERMOVENTILADOR KIOTO NEGRO 2000W KTE-1028N;CLIMATIZACION
18902261;;M;27;CHILENO;;Millenial;ANCUD                         ;LOS LAGOS;60980;2;2;0;0;0;2;2;60980;CALIENTACAMA KIOTO DIGITAL 2 PLAZAS KTC-1006;CLIMATIZACION
9898713;;F;47;CHILENO;;X;PAINE                         ;METROPOLITANA;9990;1;1;0;0;0;1;1;9990;TERMOVENTILADOR KIOTO BLANCO 2000W KTE-1028B;CLIMATIZACION
7856791;;F;63;CHILENO;;Boomers;PUNTA ARENAS                  ;MAGALLANES;27980;2;2;0;0;0;2;2;27980;TERMOVENTILADOR KIOTO NEGRO 2000W KTE-1028N;CLIMATIZACION
10408213;Casado;F;55;CHILENO;;Boomers;RENCA                         ;METROPOLITANA;26590;2;1;0;0;0;2;1;26590;ESTUFA ELECTRICA CUARZO KIOTO 1200W KTE 1033;CLIMATIZACION
14283632;;F;48;CHILENO;;X;CAUQUENES                     ;MAULE;428700;8;4;0;0;0;8;4;428700;CALIENTACAMA KIOTO DIGITAL 2 PLAZAS KTC-1006;CLIMATIZACION
11602153;;F;52;CHILENO;;X;N/D;N/D;1577000;14;8;4;2;399820;10;6;1177180;CHIMENEA ELECTRICA KIOTO 2000W KTE-1101;CLIMATIZACION
17612374;;M;31;CHILENO;;Millenial;PROVIDENCIA                   ;METROPOLITANA;11980;2;1;2;1;11980;0;0;0;TERMOVENTILADOR KIOTO BLANCO 2000W KTE-1028B;CLIMATIZACION
17813833;;F;31;CHILENO;;Millenial;PROVIDENCIA                   ;METROPOLITANA;399980;2;2;1;1;199990;1;1;199990;ESTUFA A GAS UT GRX-6200 ET ROJA 15 KILOS;CLIMATIZACION
18703186;;F;28;CHILENO;;Millenial;N/D;N/D;27990;1;1;0;0;0;1;1;27990;CALIENTACAMA KIOTO DIGITAL 2 PLAZAS KTC-1006;CLIMATIZACION
16026458;Casado;F;37;CHILENO;;Millenial;RENCA                         ;METROPOLITANA;8990;1;1;0;0;0;1;1;8990;TERMOVENTILADOR KIOTO BLANCO 2000W KTE-1028B;CLIMATIZACION
17234627;;M;33;CHILENO;;Millenial;N/D;N/D;266960;4;2;4;2;266960;0;0;0;ESTUFA ELECTRICA CUARZO KIOTO 1200W KTE 1033;CLIMATIZACION
16404175;;F;36;CHILENO;;Millenial;PROVIDENCIA                   ;METROPOLITANA;17980;2;1;0;0;0;2;1;17980;TERMOVENTILADOR KIOTO BLANCO 2000W KTE-1028B;CLIMATIZACION
19761679;;M;23;CHILENO;;Silencioso;PROVIDENCIA                   ;METROPOLITANA;13980;2;1;2;1;13980;0;0;0;ESTUFA ELECTRICA CUARZO KIOTO 1200W KTE 1033;CLIMATIZACION
10902876;;M;50;CHILENO;;X;PROVIDENCIA                   ;METROPOLITANA;22990;1;1;1;1;22990;0;0;0;CALIENTACAMA KIOTO DIGITAL 1 PLAZA KTC-1005;CLIMATIZACION
12362792;;F;49;CHILENO;;X;CANETE                        ;BIO BIO;112440;4;3;0;0;0;4;3;112440;ESTUFA ELECTRICA CUARZO KIOTO 1200W KTE 1033;CLIMATIZACION
13667678;;M;42;CHILENO;;X;RENCA                         ;METROPOLITANA;27990;1;1;1;1;27990;0;0;0;CALIENTACAMA KIOTO DIGITAL 2 PLAZAS KTC-1006;CLIMATIZACION
8111117;;F;61;CHILENO;;Boomers;PROVIDENCIA                   ;METROPOLITANA;7990;1;1;1;1;7990;0;0;0;TERMOVENTILADOR KIOTO BLANCO 2000W KTE-1028B;CLIMATIZACION
14213505;;F;40;CHILENO;;X;LOTA                          ;BIO BIO;818810;11;5;0;0;0;11;5;818810;ESTUFA ELEC. FIBRA DE CARBONO NSB120K5 SILVER;CLIMATIZACION
15578706;;F;44;CHILENO;;X;PROVIDENCIA                   ;METROPOLITANA;27990;1;1;0;0;0;1;1;27990;MINI OLEOELECTRICA KIOTO 500W NEGRO KTE-1081N;CLIMATIZACION
13526465;;F;45;CHILENO;;X;COIHAIQUE                     ;AYSEN;427980;2;4;0;0;0;2;4;427980;CALIENTACAMA KIOTO DIGITAL 1 PLAZA KTC-1005;CLIMATIZACION
17710794;;F;29;CHILENO;;Millenial;TOME                          ;BIO BIO;9990;1;1;0;0;0;1;1;9990;TERMOVENTILADOR KIOTO NEGRO 2000W KTE-1028N;CLIMATIZACION
9200798;Soltero;M;61;CHILENO;;Boomers;PROVIDENCIA                   ;METROPOLITANA;8990;1;1;0;0;0;1;1;8990;TERMOVENTILADOR KIOTO BLANCO 2000W KTE-1028B;CLIMATIZACION
4180362;;M;79;CHILENO;;Silencioso;RENCA                         ;METROPOLITANA;20980;2;2;2;2;20980;0;0;0;CALIENTACAMA KIOTO ANALOGO 1 PLAZA KTC-1004;CLIMATIZACION
22162376;;M;55;PERUANO;;Extranjero;SAN FELIPE                    ;VALPARAISO;208350;4;2;0;0;0;4;2;208350;ESTUFA CUARZO KIOTO 800W KTE-011A;CLIMATIZACION
19119729;;F;27;CHILENO;;Z;CONCEPCION                    ;BIO BIO;1028910;9;3;6;1;769940;3;2;258970;ESTUFA A GAS CALMA 15 KG HELIUS;CLIMATIZACION
18498687;;F;30;CHILENO;;Millenial;PROVIDENCIA                   ;METROPOLITANA;33960;4;1;4;1;33960;0;0;0;ESTUFA ELECTRICA CUARZO KIOTO 1200W KTE 1033;CLIMATIZACION
21310621;;F;34;ECUATORIANO;;Extranjero;PROVIDENCIA                   ;METROPOLITANA;8990;1;1;1;1;8990;0;0;0;TERMOVENTILADOR KIOTO BLANCO 2000W KTE-1028B;CLIMATIZACION
13320381;;F;45;CHILENO;;X;TEMUCO;ARAUCANIA;9990;1;1;0;0;0;1;1;9990;TERMOVENTILADOR KIOTO BLANCO 2000W KTE-1028B;CLIMATIZACION
18777749;;M;27;CHILENO;;Millenial;PROVIDENCIA                   ;METROPOLITANA;9990;1;1;0;0;0;1;1;9990;TERMOVENTILADOR KIOTO BLANCO 2000W KTE-1028B;CLIMATIZACION
19395332;;F;25;CHILENO;;Millenial;LA CRUZ;VALPARAISO;40980;2;2;1;1;12990;1;1;27990;CALIENTACAMA KIOTO DIGITAL 2 PLAZAS KTC-1006;CLIMATIZACION
7731881;;F;69;CHILENO;;Silencioso;RENCA                         ;METROPOLITANA;88420;6;2;0;0;0;6;2;88420;CALIENTACAMA KIOTO DIGITAL 1 PLAZA KTC-1005;CLIMATIZACION
15800187;;M;38;CHILENO;;Millenial;SAN BERNARDO                  ;METROPOLITANA;17980;2;1;2;1;17980;0;0;0;TERMOVENTILADOR KIOTO NEGRO 2000W KTE-1028N;CLIMATIZACION
23060452;;M;43;COLOMBIANO;;Extranjero;PROVIDENCIA                   ;METROPOLITANA;19970;3;1;3;1;19970;0;0;0;TERMOVENTILADOR KIOTO BLANCO 2000W KTE-1028B;CLIMATIZACION
18223424;;F;29;CHILENO;;Extranjero;PUENTE ALTO                   ;METROPOLITANA;12990;1;1;1;1;12990;0;0;0;CALIENTACAMA KIOTO ANALOGO 1 PLAZA KTC-1004;CLIMATIZACION
7302758;;F;69;CHILENO;;Silencioso;ARAUCO                        ;BIO BIO;39980;2;1;0;0;0;2;1;39980;ESTUFA ELECTRICA CUARZO KIOTO 1200W KTE 1033;CLIMATIZACION
21618775;Soltero;M;32;ECUATORIANO;;Extranjero;PROVIDENCIA                   ;METROPOLITANA;123960;4;2;4;2;123960;0;0;0;ESTUFA ELECTRICA CUARZO KIOTO 1200W KTE 1033;CLIMATIZACION
16014965;;F;38;CHILENO;;Millenial;N/D;N/D;14980;2;1;2;1;14980;0;0;0;TERMOVENTILADOR KIOTO BLANCO 2000W KTE-1028B;CLIMATIZACION
17735012;;F;31;CHILENO;;Millenial;PROVIDENCIA                   ;METROPOLITANA;19980;2;1;2;1;19980;0;0;0;ESTUFA ELECTRICA CUARZO KIOTO 1200W KTE 1033;CLIMATIZACION
11822785;;F;51;CHILENO;;X;N/D;N/D;271970;5;2;5;2;271970;0;0;0;CHIMENEA ELECTRICA KIOTO 2000W KTE-1101;CLIMATIZACION
17696524;;F;31;CHILENO;;Millenial;PROVIDENCIA                   ;METROPOLITANA;7990;1;1;1;1;7990;0;0;0;TERMOVENTILADOR KIOTO BLANCO 2000W KTE-1028B;CLIMATIZACION
17441329;;M;32;CHILENO;;Millenial;RENCA                         ;METROPOLITANA;17980;2;1;2;1;17980;0;0;0;TERMOVENTILADOR KIOTO NEGRO 2000W KTE-1028N;CLIMATIZACION
14199521;;F;41;CHILENO;;X;SAN BERNARDO                  ;METROPOLITANA;89980;2;1;0;0;0;2;1;89980;CALEFACTOR CARBONO EEC-6000NW;CLIMATIZACION
19393584;;F;26;CHILENO;;Z;QUILLOTA                      ;VALPARAISO;39970;3;2;0;0;0;3;2;39970;CALIENTACAMA KIOTO DIGITAL 1 PLAZA KTC-1005;CLIMATIZACION
12144952;;F;48;CHILENO;;X;VILLARICA                     ;ARAUCANIA;19990;1;1;0;0;0;1;1;19990;CALIENTACAMA KIOTO DIGITAL 1 PLAZA KTC-1005;CLIMATIZACION
16530703;;F;34;CHILENO;;Millenial;LOS ANGELES;BIO-BIO;478960;4;3;3;2;465970;1;1;12990;CALIENTACAMA KIOTO ANALOGO 1 PLAZA KTC-1004;CLIMATIZACION
15106132;;M;36;CHILENO;;Millenial;MACHALI                       ;L.G.B.OÂ´HIGGINS;9990;1;1;1;1;9990;0;0;0;TERMOVENTILADOR KIOTO BLANCO 2000W KTE-1028B;CLIMATIZACION
17681793;;F;30;CHILENO;;Millenial;PROVIDENCIA                   ;METROPOLITANA;23970;3;1;3;1;23970;0;0;0;TERMOVENTILADOR KIOTO BLANCO 2000W KTE-1028B;CLIMATIZACION
15889681;;F;37;CHILENO;;Millenial;PROVIDENCIA                   ;METROPOLITANA;77910;9;2;9;2;77910;0;0;0;TERMOVENTILADOR KIOTO BLANCO 2000W KTE-1028B;CLIMATIZACION
13071311;;F;46;CHILENO;;X;TALCA                         ;MAULE;59990;1;1;0;0;0;1;1;59990;CHIMENEA ELECTRICA KIOTO 2000W KTE-1101;CLIMATIZACION
18029288;;F;29;CHILENO;;Millenial;PROVIDENCIA                   ;METROPOLITANA;77940;6;2;6;2;77940;0;0;0;CALIENTACAMA KIOTO ANALOGO 1 PLAZA KTC-1004;CLIMATIZACION
17953008;;M;30;CHILENO;;Millenial;N/D;N/D;114940;6;5;2;1;28980;4;4;85960;CALIENTACAMA KIOTO DIGITAL 2 PLAZAS KTC-1006;CLIMATIZACION
24901635;;F;33;VENEZOLANO;;Extranjero;PROVIDENCIA                   ;METROPOLITANA;147950;5;2;5;2;147950;0;0;0;TERMOVENTILADOR KIOTO NEGRO 2000W KTE-1028N;CLIMATIZACION
27107385;;F;45;EXTRANJERO - NO INFORMA NACIONALIDAD;;Extranjero;N/D;N/D;188980;2;2;0;0;0;2;2;188980;TERMOVENTILADOR KIOTO NEGRO 2000W KTE-1028N;CLIMATIZACION
26853559;;F;27;NO INFORMA NACIONALIDAD;;Extranjero;PROVIDENCIA                   ;METROPOLITANA;54970;3;3;2;2;44980;1;1;9990;ESTUFA CUARZO KIOTO 800W KTE-011A;CLIMATIZACION
11865977;Casado;M;51;CHILENO;;X;PROVIDENCIA                   ;METROPOLITANA;19970;3;1;3;1;19970;0;0;0;TERMOVENTILADOR KIOTO BLANCO 2000W KTE-1028B;CLIMATIZACION
17389011;Casado;M;33;CHILENO;INGENIERO MECANICO;Millenial;RENCA                         ;METROPOLITANA;12990;1;1;1;1;12990;0;0;0;CALIENTACAMA KIOTO ANALOGO 1 PLAZA KTC-1004;CLIMATIZACION
7545861;;F;66;CHILENO;;Boomers;LA CISTERNA                   ;METROPOLITANA;9990;1;1;0;0;0;1;1;9990;TERMOVENTILADOR KIOTO BLANCO 2000W KTE-1028B;CLIMATIZACION
19421362;;M;26;CHILENO;;Z;SANTIAGO                      ;METROPOLITANA;18380;3;1;0;0;0;3;1;18380;TERMOVENTILADOR KIOTO BLANCO 2000W KTE-1028B;CLIMATIZACION
15097055;;F;43;CHILENO;;X;VINA DEL MAR                  ;VALPARAISO;989460;9;3;0;0;0;9;3;989460;ESTUFA ELECTRICA CUARZO KIOTO 1200W KTE 1033;CLIMATIZACION
11944980;;F;50;CHILENO;;X;LOS ANDES                     ;VALPARAISO;387970;3;2;3;2;387970;0;0;0;CALIENTACAMA KIOTO ANALOGO 1 PLAZA KTC-1004;CLIMATIZACION
9543724;;M;59;CHILENO;;Boomers;ARAUCO                        ;BIO BIO;8990;1;1;0;0;0;1;1;8990;TERMOVENTILADOR KIOTO NEGRO 2000W KTE-1028N;CLIMATIZACION
10467642;;M;57;CHILENO;;Boomers;MELIPILLA                     ;METROPOLITANA;8990;1;1;0;0;0;1;1;8990;ESTUFA CUARZO KIOTO 800W KTE-011A;CLIMATIZACION
20509064;;F;21;CHILENO;;Z;PROVIDENCIA                   ;METROPOLITANA;15980;2;1;2;1;15980;0;0;0;TERMOVENTILADOR KIOTO NEGRO 2000W KTE-1028N;CLIMATIZACION
19190547;;F;26;CHILENO;;Z;LA CISTERNA                   ;METROPOLITANA;54990;1;1;0;0;0;1;1;54990;CHIMENEA ELECTRICA KIOTO 2000W KTE-1101;CLIMATIZACION
25875379;;M;48;EXTRANJERO - NO INFORMA NACIONALIDAD;;Extranjero;SANTIAGO                      ;METROPOLITANA;59990;1;1;0;0;0;1;1;59990;ESTUFA ELEC. FIBRA DE CARBONO NSB120K5 ROJA;CLIMATIZACION
18709139;;F;27;CHILENO;;Millenial;DIEGO DE ALMAGRO              ;ATACAMA;36980;2;1;0;0;0;2;1;36980;CALIENTACAMA KIOTO DIGITAL 1 PLAZA KTC-1005;CLIMATIZACION
11642746;;F;52;CHILENO;;X;PROVIDENCIA                   ;METROPOLITANA;179990;1;1;0;0;0;1;1;179990;ESTUFA A GAS UT GRX-4200 15 KILOS;CLIMATIZACION
11780355;;F;50;CHILENO;;X;ANGOL                         ;ARAUCANIA;179970;3;3;0;0;0;3;3;179970;ESTUFA CUARZO KIOTO 800W KTE-011A;CLIMATIZACION
19385390;Soltero;M;25;CHILENO;;Z;PROVIDENCIA                   ;METROPOLITANA;23970;3;1;3;1;23970;0;0;0;ESTUFA ELECTRICA CUARZO KIOTO 1200W KTE 1033;CLIMATIZACION
14313828;;F;46;CHILENO;;X;OVALLE                        ;COQUIMBO;154572;3;2;0;0;0;3;2;154572;CALIENTACAMA KIOTO DIGITAL 2 PLAZAS KTC-1006;CLIMATIZACION
7805158;;M;67;CHILENO;;Boomers;CONCHALI                      ;METROPOLITANA;18370;2;1;0;0;0;2;1;18370;TERMOVENTILADOR KIOTO BLANCO 2000W KTE-1028B;CLIMATIZACION
6903749;;M;67;CHILENO;;Boomers;PROVIDENCIA                   ;METROPOLITANA;129980;3;2;0;0;0;3;2;129980;ESTUFA ELECTRICA CUARZO KIOTO 1200W KTE 1033;CLIMATIZACION
11334728;Casado;F;54;CHILENO;;X;RENCA                         ;METROPOLITANA;20990;1;1;0;0;0;1;1;20990;ESTUFA ELECTRICA CUARZO KIOTO 1200W KTE 1033;CLIMATIZACION
17354500;;F;32;CHILENO;;Millenial;PROVIDENCIA                   ;METROPOLITANA;12990;1;1;1;1;12990;0;0;0;TERMOVENTILADOR KIOTO BLANCO 2000W KTE-1028B;CLIMATIZACION
12668646;;M;48;CHILENO;;X;LANCO                         ;LOS RIOS;1368450;11;5;5;3;935510;6;2;432940;ESTUFA A GAS UT GRX-6200 ET ROJA 15 KILOS;CLIMATIZACION
17058890;;F;33;CHILENO;;Millenial;RENGO                         ;L.G.B.OÂ´HIGGINS;78960;5;2;3;1;38970;2;1;39990;CALIENTACAMA KIOTO ANALOGO 1 PLAZA KTC-1004;CLIMATIZACION
13559766;;F;43;CHILENO;;X;PICHIDEGUA                    ;L.G.B.OÂ´HIGGINS;336440;5;4;0;0;0;5;4;336440;TERMOVENTILADOR KIOTO NEGRO 2000W KTE-1028N;CLIMATIZACION
18035784;;F;30;CHILENO;;Millenial;"";"";92960;4;2;2;1;74980;2;1;17980;TERMOVENTILADOR KIOTO NEGRO 2000W KTE-1028N;CLIMATIZACION
11730332;;M;51;CHILENO;;X;LOS ANDES                     ;VALPARAISO;450950;5;3;0;0;0;5;3;450950;ESTUFA CUARZO KIOTO 800W KTE-011A;CLIMATIZACION
10564377;;F;56;CHILENO;;Boomers;PUNTA ARENAS                  ;MAGALLANES;17990;1;1;0;0;0;1;1;17990;ESTUFA ELECTRICA CUARZO KIOTO 1200W KTE 1033;CLIMATIZACION
19496127;;F;24;CHILENO;;Z;ALTO HOSPICIO;TARAPACA;64990;1;1;0;0;0;1;1;64990;CHIMENEA ELECTRICA KIOTO 2000W KTE-1101;CLIMATIZACION
25319473;;M;27;HAITIANO;;Extranjero;ESTACION CENTRAL              ;METROPOLITANA;228440;4;3;0;0;0;4;3;228440;ESTUFA ELECTRICA CUARZO KIOTO 1200W KTE 1033;CLIMATIZACION
14149916;;M;43;CHILENO;;X;N/D;N/D;8990;1;1;0;0;0;1;1;8990;ESTUFA CUARZO KIOTO 800W KTE-011A;CLIMATIZACION
13270677;;F;47;CHILENO;;X;PROVIDENCIA                   ;METROPOLITANA;9990;1;1;1;1;9990;0;0;0;TERMOVENTILADOR KIOTO BLANCO 2000W KTE-1028B;CLIMATIZACION
20635914;;F;21;CHILENO;;Millenial;"";"";13980;2;1;2;1;13980;0;0;0;ESTUFA ELECTRICA CUARZO KIOTO 1200W KTE 1033;CLIMATIZACION
5591371;;M;76;CHILENO;;Silencioso;MELIPILLA                     ;METROPOLITANA;324920;8;4;0;0;0;8;4;324920;CALIENTACAMA KIOTO DIGITAL 2 PLAZAS KTC-1006;CLIMATIZACION
25818879;;M;33;VENEZOLANO;;Extranjero;INDEPENDENCIA                 ;METROPOLITANA;11980;2;1;2;1;11980;0;0;0;TERMOVENTILADOR KIOTO NEGRO 2000W KTE-1028N;CLIMATIZACION
9018620;;M;57;CHILENO;;Boomers;RENCA                         ;METROPOLITANA;79990;1;1;1;1;79990;0;0;0;ESTUFA GAS EH2500 5K NEGRO;CLIMATIZACION
25454607;;M;33;ECUATORIANO;;Extranjero;MAIPU                         ;METROPOLITANA;72940;6;2;4;1;27960;2;1;44980;TERMOVENTILADOR KIOTO BLANCO 2000W KTE-1028B;CLIMATIZACION
8247717;;M;63;CHILENO;;Boomers;N/D;N/D;535110;8;2;0;0;0;8;2;535110;ESTUFA FIAMMA PRO;CLIMATIZACION
19591256;;F;25;CHILENO;;Z;PROVIDENCIA                   ;METROPOLITANA;9990;1;1;0;0;0;1;1;9990;TERMOVENTILADOR KIOTO NEGRO 2000W KTE-1028N;CLIMATIZACION
5310154;;F;82;CHILENO;;Silencioso;PUERTO MONTT                  ;LOS LAGOS;9990;1;1;0;0;0;1;1;9990;TERMOVENTILADOR KIOTO NEGRO 2000W KTE-1028N;CLIMATIZACION
10383189;;F;52;CHILENO;;X;PROVIDENCIA                   ;METROPOLITANA;31960;4;2;4;2;31960;0;0;0;ESTUFA CUARZO KIOTO 800W KTE-011A;CLIMATIZACION
12738645;;F;47;CHILENO;;Extranjero;RENCA                         ;METROPOLITANA;17370;2;1;0;0;0;2;1;17370;TERMOVENTILADOR KIOTO BLANCO 2000W KTE-1028B;CLIMATIZACION
25434295;;F;39;VENEZOLANO;;Extranjero;N/D;N/D;70980;3;2;1;1;8990;2;1;61990;TERMOVENTILADOR KIOTO NEGRO 2000W KTE-1028N;CLIMATIZACION
12602505;;F;48;CHILENO;;Millenial;"";"";372980;4;2;0;0;0;4;2;372980;CALIENTACAMA KIOTO ANALOGO 1 PLAZA KTC-1004;CLIMATIZACION
11135401;;F;55;CHILENO;;Boomers;RENCA                         ;METROPOLITANA;9990;1;1;1;1;9990;0;0;0;ESTUFA ELECTRICA CUARZO KIOTO 1200W KTE 1033;CLIMATIZACION
19843278;;F;24;CHILENO;;Z;PROVIDENCIA                   ;METROPOLITANA;21980;2;2;1;1;9990;1;1;11990;TERMOVENTILADOR KIOTO BLANCO 2000W KTE-1028B;CLIMATIZACION
8641296;;F;64;CHILENO;;Boomers;RENCA                         ;METROPOLITANA;99900;2;1;0;0;0;2;1;99900;ESTUFA INFRARROJA ELECTRICA KIOTO 1500W KTE-1045;CLIMATIZACION
20035007;;M;23;CHILENO;;Z;PROVIDENCIA                   ;METROPOLITANA;11980;2;1;2;1;11980;0;0;0;TERMOVENTILADOR KIOTO BLANCO 2000W KTE-1028B;CLIMATIZACION
17987298;;F;30;CHILENO;;Millenial;PARRAL                        ;MAULE;12990;1;1;1;1;12990;0;0;0;CALIENTACAMA KIOTO ANALOGO 1 PLAZA KTC-1004;CLIMATIZACION
19218342;;M;29;CHILENO;;Millenial;NUEVA IMPERIAL                ;ARAUCANIA;9240;2;1;0;0;0;2;1;9240;TERMOVENTILADOR KIOTO BLANCO 2000W KTE-1028B;CLIMATIZACION
14176683;;M;40;CHILENO;;X;"";"";15980;2;1;0;0;0;2;1;15980;TERMOVENTILADOR KIOTO NEGRO 2000W KTE-1028N;CLIMATIZACION
18077725;;F;29;CHILENO;;Millenial;PROVIDENCIA                   ;METROPOLITANA;89980;2;2;1;1;59990;1;1;29990;CALIENTACAMA KIOTO DIGITAL 2 PLAZAS KTC-1006;CLIMATIZACION
26560359;Soltero;F;32;NO INFORMA NACIONALIDAD;;Extranjero;PROVIDENCIA                   ;METROPOLITANA;9990;1;1;1;1;9990;0;0;0;TERMOVENTILADOR KIOTO BLANCO 2000W KTE-1028B;CLIMATIZACION
20204707;;F;23;CHILENO;;Z;PROVIDENCIA                   ;METROPOLITANA;13980;2;1;2;1;13980;0;0;0;ESTUFA ELECTRICA CUARZO KIOTO 1200W KTE 1033;CLIMATIZACION
17040090;;F;33;CHILENO;;Millenial;TALCA                         ;MAULE;17990;1;1;0;0;0;1;1;17990;ESTUFA ELECTRICA CUARZO KIOTO 1200W KTE 1033;CLIMATIZACION
8766203;;F;63;CHILENO;;Boomers;SAN FELIPE                    ;VALPARAISO;8990;1;1;0;0;0;1;1;8990;ESTUFA CUARZO KIOTO 800W KTE-011A;CLIMATIZACION
19225305;;M;26;CHILENO;;Extranjero;PROVIDENCIA                   ;METROPOLITANA;27990;1;1;1;1;27990;0;0;0;CALIENTACAMA KIOTO DIGITAL 2 PLAZAS KTC-1006;CLIMATIZACION
15355602;;M;39;CHILENO;;X;QUINTA NORMAL;METROPOLITANA;317960;4;2;4;2;317960;0;0;0;ESTUFA ELECTRICA CUARZO KIOTO 1200W KTE 1033;CLIMATIZACION
17487166;;F;31;CHILENO;;Millenial;PROVIDENCIA                   ;METROPOLITANA;149960;4;3;4;3;149960;0;0;0;CALIENTACAMA KIOTO ANALOGO 1 PLAZA KTC-1004;CLIMATIZACION
9254243;Casado;M;60;CHILENO;;Boomers;RENCA                         ;METROPOLITANA;8990;1;1;0;0;0;1;1;8990;ESTUFA CUARZO KIOTO 800W KTE-011A;CLIMATIZACION
17331378;;F;32;CHILENO;;Millenial;VALLENAR;ATACAMA;415271;3;3;0;0;0;3;3;415271;ESTUFA ELECTRICA CUARZO KIOTO 1200W KTE 1033;CLIMATIZACION
14651241;;F;63;URUGUAYO;;Extranjero;PARRAL                        ;MAULE;23791;1;1;0;0;0;1;1;23791;CALIENTACAMA KIOTO DIGITAL 2 PLAZAS KTC-1006;CLIMATIZACION
14500741;;M;47;CHILENO;;Millenial;"";"";142980;4;2;0;0;0;4;2;142980;ESTUFA A GAS CALMA 5 KG COMPAK;CLIMATIZACION
9367713;;F;61;CHILENO;;Boomers;MAULE;MAULE;50960;4;1;0;0;0;4;1;50960;CALIENTACAMA KIOTO DIGITAL 2 PLAZAS KTC-1006;CLIMATIZACION
23323933;Soltero;F;26;CHILENO;;Extranjero;PROVIDENCIA                   ;METROPOLITANA;132960;4;2;4;2;132960;0;0;0;CHIMENEA ELECTRICA KIOTO 2000W KTE-1101;CLIMATIZACION
19630475;;F;25;CHILENO;;Z;PROVIDENCIA                   ;METROPOLITANA;44970;3;1;3;1;44970;0;0;0;CALIENTACAMA KIOTO DIGITAL 2 PLAZAS KTC-1006;CLIMATIZACION
16803288;;F;34;CHILENO;;Millenial;HUECHURABA                    ;METROPOLITANA;16980;2;1;2;1;16980;0;0;0;CALIENTACAMA KIOTO ANALOGO 1 PLAZA KTC-1004;CLIMATIZACION
11950489;;F;50;CHILENO;;X;QUINTA DE TILCOCO             ;L.G.B.OÂ´HIGGINS;8990;1;1;0;0;0;1;1;8990;ESTUFA CUARZO KIOTO 800W KTE-011A;CLIMATIZACION
13119778;;M;45;CHILENO;;X;PROVIDENCIA                   ;METROPOLITANA;108360;4;1;0;0;0;4;1;108360;CHIMENEA ELECTRICA KIOTO 2000W KTE-1101;CLIMATIZACION
17054894;;F;33;CHILENO;;Millenial;RENCA                         ;METROPOLITANA;7990;1;1;1;1;7990;0;0;0;TERMOVENTILADOR KIOTO BLANCO 2000W KTE-1028B;CLIMATIZACION
17003753;;F;34;CHILENO;;Millenial;EL BOSQUE;METROPOLITANA;228950;5;3;0;0;0;5;3;228950;TERMOVENTILADOR KIOTO NEGRO 2000W KTE-1028N;CLIMATIZACION
16042183;;F;37;CHILENO;;Millenial;N/D;N/D;29990;1;1;0;0;0;1;1;29990;CALIENTACAMA KIOTO DIGITAL 2 PLAZAS KTC-1006;CLIMATIZACION
26239341;;M;45;VENEZOLANO;;Extranjero;LA CISTERNA;METROPOLITANA;61980;6;2;0;0;0;6;2;61980;TERMOVENTILADOR KIOTO NEGRO 2000W KTE-1028N;CLIMATIZACION
13003322;;M;46;CHILENO;;X;PROVIDENCIA                   ;METROPOLITANA;8990;1;1;1;1;8990;0;0;0;TERMOVENTILADOR KIOTO BLANCO 2000W KTE-1028B;CLIMATIZACION
17971124;;F;31;CHILENO;;Millenial;PUTAENDO                      ;VALPARAISO;279960;4;4;4;4;279960;0;0;0;TERMOVENTILADOR KIOTO BLANCO 2000W KTE-1028B;CLIMATIZACION
9711216;;F;59;CHILENO;;Boomers;LOS ANGELES                   ;BIO BIO;170660;3;2;0;0;0;3;2;170660;ESTUFA PARAFINA KPM-3300;CLIMATIZACION
10737334;;F;50;CHILENO;;X;PROVIDENCIA                   ;METROPOLITANA;12990;1;1;1;1;12990;0;0;0;CALIENTACAMA KIOTO ANALOGO 1 PLAZA KTC-1004;CLIMATIZACION
15196841;;F;38;CHILENO;;X;ARAUCO                        ;BIO BIO;19980;2;1;0;0;0;2;1;19980;TERMOVENTILADOR KIOTO NEGRO 2000W KTE-1028N;CLIMATIZACION
25453362;;M;60;PERUANO;;Extranjero;MELIPILLA                     ;METROPOLITANA;273471;4;2;0;0;0;4;2;273471;CALIENTACAMA KIOTO DIGITAL 2 PLAZAS KTC-1006;CLIMATIZACION
17911849;;M;31;CHILENO;;Millenial;"";"";343980;2;1;2;1;343980;0;0;0;A/C FRIO/CALOR PORTATIL 12000BTU;CLIMATIZACION
8753389;;M;59;CHILENO;;Boomers;NOGALES                       ;VALPARAISO;1284960;4;2;0;0;0;4;2;1284960;ESTUFA FEL-1408 5K;CLIMATIZACION
14285744;;F;48;CHILENO;;X;CURICO                        ;MAULE;19990;1;1;0;0;0;1;1;19990;ESTUFA ELECTRICA CUARZO KIOTO 1200W KTE 1033;CLIMATIZACION
8187463;;F;63;CHILENO;;Boomers;PERALILLO                     ;L.G.B.OÂ´HIGGINS;483291;5;3;0;0;0;5;3;483291;CHIMENEA ELECTRICA KIOTO 2000W KTE-1101;CLIMATIZACION
15942136;;M;37;CHILENO;;Millenial;N/D;N/D;9990;1;1;0;0;0;1;1;9990;TERMOVENTILADOR KIOTO NEGRO 2000W KTE-1028N;CLIMATIZACION
15021739;Casado;F;39;CHILENO;ASISTENTE SOCIAL;X;RENCA                         ;METROPOLITANA;9990;1;1;1;1;9990;0;0;0;TERMOVENTILADOR KIOTO NEGRO 2000W KTE-1028N;CLIMATIZACION
20386790;;F;22;CHILENO;;Z;PROVIDENCIA                   ;METROPOLITANA;69980;2;1;2;1;69980;0;0;0;CALIENTACAMAS ANALOGO BASICO 2 PL;CLIMATIZACION
17512850;;M;31;CHILENO;;Millenial;LA PINTANA                    ;METROPOLITANA;183850;4;2;0;0;0;4;2;183850;CALIENTACAMA KIOTO ANALOGO 1 PLAZA KTC-1004;CLIMATIZACION
12758035;;M;47;CHILENO;;X;RENCA                         ;METROPOLITANA;8990;1;1;0;0;0;1;1;8990;TERMOVENTILADOR KIOTO NEGRO 2000W KTE-1028N;CLIMATIZACION
9445450;;F;60;CHILENO;;Boomers;PROVIDENCIA                   ;METROPOLITANA;57980;2;4;0;0;0;2;4;57980;CALIENTACAMA KIOTO DIGITAL 2 PLAZAS KTC-1006;CLIMATIZACION
13348772;;F;44;CHILENO;;X;PALMILLA                      ;L.G.B.OÂ´HIGGINS;734910;9;6;0;0;0;9;6;734910;ESTUFA ELECTRICA CUARZO KIOTO 1200W KTE 1033;CLIMATIZACION
17167989;;F;33;CHILENO;;Millenial;RETIRO                        ;MAULE;517950;6;4;0;0;0;6;4;517950;ESTUFA KEROSENE 720+;CLIMATIZACION
9106717;Soltero;M;58;CHILENO;;Boomers;RENCA                         ;METROPOLITANA;19990;1;1;0;0;0;1;1;19990;TERMOVENTILADOR TH-FH30 BLANCO 1000W-2000W;CLIMATIZACION
11877032;;M;50;CHILENO;;X;LA GRANJA                     ;METROPOLITANA;192970;3;2;3;2;192970;0;0;0;TERMOVENTILADOR KIOTO NEGRO 2000W KTE-1028N;CLIMATIZACION
11878704;;F;51;CHILENO;;X;PROVIDENCIA                   ;METROPOLITANA;9990;1;1;0;0;0;1;1;9990;TERMOVENTILADOR KIOTO NEGRO 2000W KTE-1028N;CLIMATIZACION
11435693;;F;52;CHILENO;;X;PAREDONES                     ;L.G.B.OÂ´HIGGINS;12990;1;1;0;0;0;1;1;12990;CALIENTACAMA KIOTO ANALOGO 1 PLAZA KTC-1004;CLIMATIZACION
13854431;;F;42;CHILENO;;X;PROVIDENCIA                   ;METROPOLITANA;27980;2;2;0;0;0;2;2;27980;TERMOVENTILADOR KIOTO NEGRO 2000W KTE-1028N;CLIMATIZACION
20578907;;F;21;CHILENO;;Z;PROVIDENCIA                   ;METROPOLITANA;27990;1;1;1;1;27990;0;0;0;CALIENTACAMA KIOTO DIGITAL 2 PLAZAS KTC-1006;CLIMATIZACION
20056424;;F;23;CHILENO;;Z;N/D;N/D;30300;3;1;0;0;0;3;1;30300;ESTUFA ELECTRICA CUARZO KIOTO 1200W KTE 1033;CLIMATIZACION
8853327;;M;60;CHILENO;;Boomers;OVALLE                        ;COQUIMBO;42482;2;1;0;0;0;2;1;42482;CALIENTACAMA KIOTO DIGITAL 2 PLAZAS KTC-1006;CLIMATIZACION
15113819;;F;40;CHILENO;;X;MACHALI;O HIGGINS;34583;2;2;2;2;34583;0;0;0;CALIENTACAMA KIOTO DIGITAL 2 PLAZAS KTC-1006;CLIMATIZACION
8430955;;M;62;CHILENO;;Boomers;LA PINTANA                    ;METROPOLITANA;163980;2;1;0;0;0;2;1;163980;ESTUFA FIAMMA PRO;CLIMATIZACION
24072963;;F;23;EXTRANJERO - NO INFORMA NACIONALIDAD;;Extranjero;PROVIDENCIA                   ;METROPOLITANA;9990;1;1;1;1;9990;0;0;0;ESTUFA ELECTRICA CUARZO KIOTO 1200W KTE 1033;CLIMATIZACION
12329423;;F;48;CHILENO;;X;CURANILAHUE                   ;BIO BIO;378492;7;4;0;0;0;7;4;378492;ESTUFA ELECTRICA CUARZO KIOTO 1200W KTE 1033;CLIMATIZACION
8730090;;M;54;CHILENO;;Boomers;LA SERENA                     ;COQUIMBO;168900;6;2;0;0;0;6;2;168900;CHIMENEA ELECTRICA KIOTO 2000W KTE-1101;CLIMATIZACION
16145768;;F;36;CHILENO;;Millenial;"";"";209970;3;1;3;1;209970;0;0;0;CALEFACTOR CARBONO EEC-6000NW;CLIMATIZACION
18357698;Soltero;F;29;CHILENO;;Millenial;PROVIDENCIA                   ;METROPOLITANA;47990;1;1;0;0;0;1;1;47990;ESTUFA FIBRA DE CARBONO KFB 90;CLIMATIZACION
10269297;;F;57;CHILENO;;Boomers;CURICO                        ;MAULE;159980;2;2;0;0;0;2;2;159980;ESTUFA ELECTRICA CUARZO KIOTO 1200W KTE 1033;CLIMATIZACION
18851563;Casado;F;28;CHILENO;;Millenial;"";"";9990;1;1;0;0;0;1;1;9990;TERMOVENTILADOR KIOTO NEGRO 2000W KTE-1028N;CLIMATIZACION
16508867;Casado;F;35;CHILENO;;Millenial;SAN ANTONIO                   ;VALPARAISO;9990;1;1;0;0;0;1;1;9990;TERMOVENTILADOR KIOTO NEGRO 2000W KTE-1028N;CLIMATIZACION
14252108;;M;53;CHILENO;;X;N/D;N/D;113200;4;3;0;0;0;4;3;113200;ESTUFA ELECTRICA CUARZO KIOTO 1200W KTE 1033;CLIMATIZACION
7840356;;M;58;CHILENO;;Boomers;PROVIDENCIA                   ;METROPOLITANA;39960;4;1;0;0;0;4;1;39960;TERMOVENTILADOR KIOTO BLANCO 2000W KTE-1028B;CLIMATIZACION
19917186;;M;24;CHILENO;;Z;LA CISTERNA                   ;METROPOLITANA;39980;2;1;0;0;0;2;1;39980;ESTUFA ELECTRICA CUARZO KIOTO 1200W KTE 1033;CLIMATIZACION
13424404;;F;44;CHILENO;;X;SANTIAGO                      ;METROPOLITANA;19990;1;1;0;0;0;1;1;19990;TURBO CALEFACTOR VERT. TC-2100V BLANCO;CLIMATIZACION
20113854;;F;23;CHILENO;;Z;PROVIDENCIA                   ;METROPOLITANA;43980;2;2;0;0;0;2;2;43980;TERMOVENTILADOR KIOTO BLANCO 2000W KTE-1028B;CLIMATIZACION
18139383;;F;30;CHILENO;;Millenial;RENCA                         ;METROPOLITANA;8990;1;1;0;0;0;1;1;8990;ESTUFA CUARZO KIOTO 800W KTE-011A;CLIMATIZACION
17817367;;F;31;CHILENO;;Millenial;PROVIDENCIA                   ;METROPOLITANA;19980;2;1;0;0;0;2;1;19980;TERMOVENTILADOR KIOTO NEGRO 2000W KTE-1028N;CLIMATIZACION
10786058;;M;55;CHILENO;;Boomers;CONCHALI                      ;METROPOLITANA;103980;2;1;2;1;103980;0;0;0;Convector Panel Espejo Airolite Co-Rp 2000 II;CLIMATIZACION
10994244;;F;53;CHILENO;;X;PROVIDENCIA                   ;METROPOLITANA;45280;3;1;0;0;0;3;1;45280;ESTUFA ELECTRICA CUARZO KIOTO 1200W KTE 1033;CLIMATIZACION
15218220;;M;39;CHILENO;;X;TALCAHUANO                    ;BIO BIO;366830;3;2;2;1;355840;1;1;10990;TERMOVENTILADOR KIOTO BLANCO 2000W KTE-1028B;CLIMATIZACION
18880814;Soltero;F;27;CHILENO;TECNICO DE NIVEL SUPERIOR EN ODONTOLOGIA;Millenial;LA FLORIDA                    ;METROPOLITANA;12980;2;1;2;1;12980;0;0;0;TERMOVENTILADOR KIOTO BLANCO 2000W KTE-1028B;CLIMATIZACION
16261761;;F;36;CHILENO;;Millenial;PAREDONES                     ;L.G.B.OÂ´HIGGINS;19980;2;2;0;0;0;2;2;19980;TERMOVENTILADOR KIOTO NEGRO 2000W KTE-1028N;CLIMATIZACION
16153682;;M;36;CHILENO;;Millenial;PROVIDENCIA                   ;METROPOLITANA;14990;1;1;1;1;14990;0;0;0;CALIENTACAMA KIOTO ANALOGO 1 PLAZA KTC-1004;CLIMATIZACION
12196694;;M;49;CHILENO;;X;SAN CLEMENTE;MAULE;209980;2;2;2;2;209980;0;0;0;CALIENTACAMA KIOTO DIGITAL 2 PLAZAS KTC-1006;CLIMATIZACION
19024381;;F;27;CHILENO;;Z;PAINE;METROPOLITANA;274190;7;5;5;3;258950;2;2;15240;CALIENTACAMA KIOTO DIGITAL 1 PLAZA KTC-1005;CLIMATIZACION
7832807;;M;65;CHILENO;;Boomers;VINA DEL MAR                  ;VALPARAISO;10240;2;1;0;0;0;2;1;10240;TERMOVENTILADOR KIOTO NEGRO 2000W KTE-1028N;CLIMATIZACION
8871258;;M;56;CHILENO;;Boomers;TALCAHUANO                    ;BIO BIO;393518;7;3;0;0;0;7;3;393518;ESTUFA ELECTRICA CUARZO KIOTO 1200W KTE 1033;CLIMATIZACION
7009692;;F;69;CHILENO;;Silencioso;VALDIVIA                      ;LOS RIOS;0;0;2;0;0;0;0;2;0;TERMOVENTILADOR KIOTO BLANCO 2000W KTE-1028B;CLIMATIZACION
19268299;;F;26;CHILENO;;Z;N/D;N/D;17220;2;1;0;0;0;2;1;17220;TERMOVENTILADOR KIOTO NEGRO 2000W KTE-1028N;CLIMATIZACION
7648354;;M;62;CHILENO;;Boomers;CHIGUAYANTE                   ;BIO BIO;10000;2;1;0;0;0;2;1;10000;TERMOVENTILADOR KIOTO NEGRO 2000W KTE-1028N;CLIMATIZACION
13981892;;F;41;CHILENO;;X;LA LIGUA                      ;VALPARAISO;144990;1;1;0;0;0;1;1;144990;VITTALE 8;CLIMATIZACION
17923353;Soltero;F;31;CHILENO;TECNICO SUPERIOR EN ODONTOLOGIA;Millenial;PROVIDENCIA                   ;METROPOLITANA;19990;1;1;0;0;0;1;1;19990;ESTUFA ELECTRICA CUARZO KIOTO 1200W KTE 1033;CLIMATIZACION
20686704;;F;21;CHILENO;;Z;PROVIDENCIA                   ;METROPOLITANA;23980;2;1;2;1;23980;0;0;0;TURBO CALEFACTOR VERT. TC-2100V BLANCO;CLIMATIZACION
7821818;Casado;F;63;CHILENO;;Boomers;PROVIDENCIA                   ;METROPOLITANA;358980;2;1;0;0;0;2;1;358980;CALEFACTOR LENA SCANTEK350 GRIS CHARCOAL;CLIMATIZACION
16637107;;M;35;CHILENO;;Millenial;"";"";123980;2;1;2;1;123980;0;0;0;ESTUFA FIAMMA PRO;CLIMATIZACION
4350953;;M;81;CHILENO;;Silencioso;SANTIAGO                      ;METROPOLITANA;28210;3;1;0;0;0;3;1;28210;TERMOVENTILADOR KIOTO BLANCO 2000W KTE-1028B;CLIMATIZACION
13604118;;M;44;CHILENO;;X;PARRAL                        ;MAULE;387970;3;2;0;0;0;3;2;387970;TERMOVENTILADOR KIOTO BLANCO 2000W KTE-1028B;CLIMATIZACION
7238205;;M;69;CHILENO;;Silencioso;RENGO                         ;L.G.B.OÂ´HIGGINS;59990;1;3;0;0;0;1;3;59990;CALIENTACAMAS MANUAL 2N SG-5121D4 2PL;CLIMATIZACION
10691102;;F;57;CHILENO;;Boomers;HIJUELAS                      ;VALPARAISO;397930;6;5;0;0;0;6;5;397930;CALIENTACAMA KIOTO DIGITAL 1 PLAZA KTC-1005;CLIMATIZACION
11839222;;F;50;CHILENO;;X;RENCA                         ;METROPOLITANA;150980;2;2;0;0;0;2;2;150980;ESTUFA PARAFINA KPM-3300;CLIMATIZACION
18222369;;M;29;CHILENO;;Millenial;PROVIDENCIA                   ;METROPOLITANA;29990;1;1;1;1;29990;0;0;0;CALIENTACAMA KIOTO DIGITAL 2 PLAZAS KTC-1006;CLIMATIZACION
17527127;Soltero;M;31;CHILENO;;Silencioso;PROVIDENCIA                   ;METROPOLITANA;149990;1;1;1;1;149990;0;0;0;ESTUFA GAS KGQ15N 15K NEGRO EUROPEA;CLIMATIZACION
13170921;Soltero;M;44;CHILENO;;X;RENCA                         ;METROPOLITANA;94410;2;1;0;0;0;2;1;94410;ESTUFA ELEC. FIBRA DE CARBONO NSB120K5 ROJA;CLIMATIZACION
5508059;;M;74;CHILENO;;Silencioso;VILLA ALEMANA                 ;VALPARAISO;168480;2;1;0;0;0;2;1;168480;ESTUFA HIBRIDA SR-6300NG;CLIMATIZACION
19298545;Soltero;F;26;CHILENO;;Z;PROVIDENCIA                   ;METROPOLITANA;158480;2;1;0;0;0;2;1;158480;ESTUFA PARAFINA KPM-3300;CLIMATIZACION
9285985;Casado;F;61;CHILENO;;Boomers;PROVIDENCIA                   ;METROPOLITANA;14990;1;1;0;0;0;1;1;14990;TURBO CALEFACTOR VERT. TC-2070V BLANCO;CLIMATIZACION
18056861;Soltero;F;30;CHILENO;MATRONA;Millenial;PROVIDENCIA                   ;METROPOLITANA;38990;1;1;0;0;0;1;1;38990;CALIENTACAMA KIOTO DIGITAL 2 PLAZAS KTC-1006;CLIMATIZACION
10208544;;F;58;CHILENO;;Boomers;CHILLAN                       ;BIO BIO;938400;20;15;0;0;0;20;15;938400;CALIENTACAMA KIOTO ANALOGO 1 PLAZA KTC-1004;CLIMATIZACION
9222347;;F;60;CHILENO;;Boomers;PROVIDENCIA                   ;METROPOLITANA;36980;2;1;2;1;36980;0;0;0;TERMOVENTILADOR TH-FH31 BLANCO 1000W-2000W;CLIMATIZACION
18184887;;F;30;CHILENO;;Millenial;LA PINTANA                    ;METROPOLITANA;510440;5;2;0;0;0;5;2;510440;TERMOVENTILADOR KIOTO BLANCO 2000W KTE-1028B;CLIMATIZACION
7759878;;F;64;CHILENO;;Boomers;PROVIDENCIA                   ;METROPOLITANA;139990;1;1;0;0;0;1;1;139990;ESTUFA KEROSENE F 1120+;CLIMATIZACION
11353990;;F;54;CHILENO;;X;LAMPA                         ;METROPOLITANA;29990;1;1;1;1;29990;0;0;0;CALIENTACAMA KIOTO DIGITAL 2 PLAZAS KTC-1006;CLIMATIZACION
11457123;;F;53;CHILENO;;X;RENCA                         ;METROPOLITANA;29990;1;1;0;0;0;1;1;29990;CALIENTACAMAS ANALOGO BASICO 1PL;CLIMATIZACION
20029539;;M;23;CHILENO;;Z;PROVIDENCIA                   ;METROPOLITANA;23160;2;1;0;0;0;2;1;23160;CALIENTACAMA KIOTO ANALOGO 1 PLAZA KTC-1004;CLIMATIZACION
6983427;;M;67;CHILENO;;Boomers;RANCAGUA                      ;L.G.B.OÂ´HIGGINS;22990;1;1;0;0;0;1;1;22990;Calefactor Halogeno Ha-10T 1000W;CLIMATIZACION
10190128;;F;51;CHILENO;;X;PUENTE ALTO                   ;METROPOLITANA;44970;3;1;3;1;44970;0;0;0;CALIENTACAMA KIOTO DIGITAL 1 PLAZA KTC-1005;CLIMATIZACION
8394096;;F;59;CHILENO;;Boomers;NATALES                       ;MAGALLANES;22240;2;1;0;0;0;2;1;22240;TERMOVENTILADOR OSCILANTE FH-120S BL;CLIMATIZACION
8262628;;M;63;CHILENO;;Boomers;CHIMBARONGO                   ;L.G.B.OÂ´HIGGINS;1619190;10;6;0;0;0;10;6;1619190;ESTUFA FIAMMA PRO;CLIMATIZACION
27117077;;F;27;EXTRANJERO - NO INFORMA NACIONALIDAD;;Extranjero;LOS ANDES                     ;VALPARAISO;333940;9;8;0;0;0;9;8;333940;TERMOVENTILADOR KIOTO BLANCO 2000W KTE-1028B;CLIMATIZACION
11258778;;F;53;CHILENO;;X;BULNES                        ;BIO BIO;60131;3;2;0;0;0;3;2;60131;CALEFACTOR CARBONO 800W EEC-3000 NEGRO;CLIMATIZACION
19977549;;F;23;CHILENO;;Z;QUINTERO                      ;VALPARAISO;-29980;-2;5;-2;5;-29980;0;0;0;ESTUFA ELECTRICA CUARZO KIOTO 1200W KTE 1033;CLIMATIZACION
13141391;;M;44;CHILENO;;X;N/D;N/D;102650;4;3;0;0;0;4;3;102650;TERMOVENTILADOR TH-FH30 BLANCO 1000W-2000W;CLIMATIZACION
13252988;;F;45;CHILENO;;X;RENCA                         ;METROPOLITANA;69990;1;1;0;0;0;1;1;69990;CHIMENEA ELECTRICA KIOTO 2000W KTE-1101;CLIMATIZACION
6163061;;M;72;CHILENO;;Silencioso;PROVIDENCIA                   ;METROPOLITANA;32990;1;1;0;0;0;1;1;32990;TERMOVENTILADOR TH-FH31 BLANCO 1000W-2000W;CLIMATIZACION
17068969;;M;34;CHILENO;;Millenial;INDEPENDENCIA;METROPOLITANA;83980;2;1;2;1;83980;0;0;0;ESTUFA INFRARROJA ELECTRICA KIOTO 1500W KTE-1045;CLIMATIZACION
4624291;;F;79;CHILENO;;Silencioso;CERRO NAVIA                   ;METROPOLITANA;183980;2;1;2;1;183980;0;0;0;ESTUFA A GAS UT GRX-4200 15 KILOS;CLIMATIZACION
13799924;;M;42;CHILENO;;X;QUILICURA                     ;METROPOLITANA;1078690;4;2;0;0;0;4;2;1078690;CALEFACTOR LENA CLASSIC500 BURDEO;CLIMATIZACION
19046876;;M;27;CHILENO;;Z;LIMACHE                       ;VALPARAISO;229970;3;2;0;0;0;3;2;229970;Termoventilador 2000W Ht 2018;CLIMATIZACION
6799013;;F;80;CHILENO;;Silencioso;PETORCA                       ;VALPARAISO;149990;1;1;0;0;0;1;1;149990;ESTUFA GAS EH2500 5K NEGRO;CLIMATIZACION
9599958;Casado;M;58;CHILENO;;Boomers;PROVIDENCIA                   ;METROPOLITANA;0;0;2;0;2;0;0;0;0;CALIENTACAMA KIOTO ANALOGO 1 PLAZA KTC-1004;CLIMATIZACION
13107482;;M;45;CHILENO;;X;CONCEPCION;BIO-BIO;147980;2;1;2;1;147980;0;0;0;ESTUFA KEROSENE F 1120+;CLIMATIZACION
17539361;;F;32;CHILENO;;Millenial;PROVIDENCIA                   ;METROPOLITANA;19980;2;3;2;3;19980;0;0;0;TERMOVENTILADOR KIOTO NEGRO 2000W KTE-1028N;CLIMATIZACION
7964997;Divorciado;M;64;CHILENO;INGENIERO AGRICOLA;Boomers;CAUQUENES                     ;MAULE;31990;1;1;0;0;0;1;1;31990;VENTILADOR POWER BREEZE (160T);CLIMATIZACION
12987751;;M;46;CHILENO;;X;MAIPU                         ;METROPOLITANA;59990;1;1;0;0;0;1;1;59990;VENTILADOR 18 PLG CP 18 GUN METAL C/ SOPORTE;CLIMATIZACION
7763200;;M;65;CHILENO;;Boomers;PROVIDENCIA                   ;METROPOLITANA;31990;1;1;0;0;0;1;1;31990;VENTILADOR PEDESTAL KTP-1015;CLIMATIZACION
7305133;;M;66;CHILENO;;Silencioso;PROVIDENCIA                   ;METROPOLITANA;54990;1;1;0;0;0;1;1;54990;Ventilador BOX 20 Metalico FE-45 20Â¿;CLIMATIZACION
19752933;;F;24;CHILENO;;Z;"";"";29990;1;2;0;0;0;1;2;29990;VENTILADOR PEDESTAL KTP-1015;CLIMATIZACION
25840468;;M;46;COLOMBIANO;;Extranjero;COPIAPO                       ;ATACAMA;39992;1;1;0;0;0;1;1;39992;Ventilador BOX 20 Metalico FE-45 20Â¿;CLIMATIZACION
13753473;;M;42;CHILENO;;X;PROVIDENCIA                   ;METROPOLITANA;36990;1;1;0;0;0;1;1;36990;VENTILADOR PEDESTAL KTP-1016;CLIMATIZACION
9044007;;F;63;CHILENO;;Boomers;RENCA                         ;METROPOLITANA;87990;1;1;0;0;0;1;1;87990;VENTILADOR CALMA 18PLG CPE GUN METAL;CLIMATIZACION
10407566;;F;57;CHILENO;;Boomers;PUENTE ALTO                   ;METROPOLITANA;51184;2;1;0;0;0;2;1;51184;VENTILADOR PEDESTAL16 PLG MODELO CPE 160 3 EN 1;CLIMATIZACION
5255785;;F;82;CHILENO;;Silencioso;OVALLE                        ;COQUIMBO;34990;1;1;0;0;0;1;1;34990;VENTILADOR PEDESTAL KTP-1015;CLIMATIZACION
19059655;Soltero;F;26;CHILENO;TECNICO EN ENFERMERIA DE NIVEL SUPERIOR;Z;CAUQUENES                     ;MAULE;31990;1;1;0;0;0;1;1;31990;VENTILADOR PEDESTAL KTP-1015;CLIMATIZACION
11932003;Casado;F;50;CHILENO;;X;PROVIDENCIA                   ;METROPOLITANA;34990;1;1;0;0;0;1;1;34990;VENTILADOR PEDESTAL KTP-1015;CLIMATIZACION
7569608;;F;67;CHILENO;;Boomers;NOGALES                       ;VALPARAISO;261050;4;3;0;0;0;4;3;261050;Ventilador Sobremesa Plastico KF 12D;CLIMATIZACION
14371331;;F;53;CHILENO;;X;RENCA                         ;METROPOLITANA;34990;1;1;0;0;0;1;1;34990;VENTILADOR PEDESTAL KTP-1015;CLIMATIZACION
6083234;;M;74;CHILENO;;Silencioso;LA FLORIDA                    ;METROPOLITANA;29990;1;1;0;0;0;1;1;29990;VENTILADOR PEDESTAL KTP-1015;CLIMATIZACION
14359998;;F;42;CHILENO;;X;ANGOL                         ;ARAUCANIA;39990;1;1;0;0;0;1;1;39990;V-VENTILADOR 360 TURBO 8 AIROLITE;CLIMATIZACION
17463383;;M;32;CHILENO;;Millenial;N/D;N/D;24990;1;1;0;0;0;1;1;24990;VENTILADOR PEDESTAL KTP-1015;CLIMATIZACION
14340605;;M;44;CHILENO;;X;PROVIDENCIA                   ;METROPOLITANA;59980;2;1;0;0;0;2;1;59980;V-VENTILADOR 360 TURBO 8 AIROLITE;CLIMATIZACION
8097489;;F;68;CHILENO;;Boomers;LOS ANGELES                   ;BIO BIO;35670;2;1;0;0;0;2;1;35670;VENTILADOR PEDESTAL KF-16P;CLIMATIZACION
10592048;Casado;F;57;CHILENO;;Boomers;RENCA                         ;METROPOLITANA;42990;1;1;0;0;0;1;1;42990;Ventilador BOX 20 Metalico FE-45 20Â¿;CLIMATIZACION
18504477;;M;28;CHILENO;;Millenial;N/D;N/D;46980;2;1;0;0;0;2;1;46980;V-VENTILADOR PISO/MESA 12 C/CONTROL Y TIMER;CLIMATIZACION
19296163;;F;26;CHILENO;;Z;N/D;N/D;41980;2;2;0;0;0;2;2;41980;VENTILADOR S/MESA NVS12-15055 12P;CLIMATIZACION
17146049;;F;34;CHILENO;;Millenial;PROVIDENCIA                   ;METROPOLITANA;29990;1;1;0;0;0;1;1;29990;VENTILADOR PEDESTAL KTP-1015;CLIMATIZACION
8212337;;F;63;CHILENO;;Boomers;CALERA                        ;VALPARAISO;24990;1;1;0;0;0;1;1;24990;VENTILADOR PEDESTAL KTP-1015;CLIMATIZACION
13490250;;F;44;CHILENO;;X;LA FLORIDA;METROPOLITANA;33980;2;1;2;1;33980;0;0;0;VENTILADOR PEDESTAL KTP-1016;CLIMATIZACION
17787997;;M;31;CHILENO;;Extranjero;LOS SAUCES                    ;ARAUCANIA;34990;1;1;0;0;0;1;1;34990;VENTILADOR PEDESTAL KTP-1015;CLIMATIZACION
17137356;;F;33;CHILENO;;Millenial;N/D;N/D;174980;2;1;0;0;0;2;1;174980;ENFRIADOR DE AIRE CASPER;CLIMATIZACION
18041830;;F;30;CHILENO;;Millenial;COLINA                        ;METROPOLITANA;39970;3;1;0;0;0;3;1;39970;VENTILADOR TURBO NVB802EA 8P;CLIMATIZACION
18339116;;F;29;CHILENO;;Millenial;"";"";34990;1;1;0;0;0;1;1;34990;VENTILADOR PEDESTAL KTP-1015;CLIMATIZACION
17182926;Soltero;F;33;CHILENO;;Millenial;RENCA                         ;METROPOLITANA;65840;2;1;2;1;65840;0;0;0;V-VENTILADOR TORRE GRIS C/CONTROL REMOTO;CLIMATIZACION
7133404;;F;55;CHILENO;;Boomers;LOS ANDES                     ;VALPARAISO;299990;1;1;0;0;0;1;1;299990;AIRE AC. PORTATIL 12000 BTU TCL-12CHPA;CLIMATIZACION
17370912;;M;32;CHILENO;;Millenial;CANETE                        ;BIO BIO;29990;1;1;0;0;0;1;1;29990;VENTILADOR INDUSTRIAL KTI-1013;CLIMATIZACION
11880288;;M;51;CHILENO;;X;N/D;N/D;27990;1;1;0;0;0;1;1;27990;VENTILADOR PEDESTAL KTP-1015;CLIMATIZACION
18847503;;M;28;CHILENO;;Millenial;N/D;N/D;4990;1;1;0;0;0;1;1;4990;ESTUFA CUARZO KIOTO 800W KTE-011A;CLIMATIZACION
15920883;;M;37;CHILENO;;Millenial;PROVIDENCIA                   ;METROPOLITANA;27990;1;1;0;0;0;1;1;27990;VENTILADOR PEDESTAL KTP-1015;CLIMATIZACION
25445517;;M;35;PERUANO;;Extranjero;N/D;N/D;27990;1;1;0;0;0;1;1;27990;VENTILADOR PEDESTAL KTP-1015;CLIMATIZACION
17123888;;F;33;CHILENO;;Silencioso;PROVIDENCIA                   ;METROPOLITANA;90950;5;2;0;0;0;5;2;90950;CALIENTACAMA KIOTO DIGITAL 2 PLAZAS KTC-1006;CLIMATIZACION
12202685;;F;50;CHILENO;;X;PROVIDENCIA                   ;METROPOLITANA;345980;2;1;2;1;345980;0;0;0;CALEFACTOR BOSCA LIMIT 360;CLIMATIZACION
16774049;Soltero;M;34;CHILENO;;Millenial;PROVIDENCIA                   ;METROPOLITANA;813980;2;1;2;1;813980;0;0;0;CALEFACTOR PELLET ITALY8100 ROJO ITALIANO;CLIMATIZACION
18682249;;M;28;CHILENO;;Millenial;CURICO                        ;MAULE;28570;2;1;0;0;0;2;1;28570;VENTILADOR VBF016 BOX 16 NEGRO;CLIMATIZACION
8067831;;F;66;CHILENO;;Boomers;CASTRO                        ;LOS LAGOS;532840;4;1;0;0;0;4;1;532840;CALEFACTOR LENA CLASSIC500 BURDEO;CLIMATIZACION
7489986;;F;68;CHILENO;;Silencioso;PROVIDENCIA                   ;METROPOLITANA;29990;1;1;0;0;0;1;1;29990;VENTILADOR S/MESA NVS12-15055 12P;CLIMATIZACION
8904492;;F;64;CHILENO;;Boomers;PARRAL                        ;MAULE;27990;2;1;0;0;0;2;1;27990;VENTILADOR POWER BREEZE (160T);CLIMATIZACION
20204936;;F;23;CHILENO;;Silencioso;PROVIDENCIA                   ;METROPOLITANA;-359970;-3;1;-3;1;-359970;0;0;0;CHIMENEA ELECTRICA ROBLE NEGRA;CLIMATIZACION
6811037;;F;67;CHILENO;;Boomers;RENCA                         ;METROPOLITANA;37990;1;1;0;0;0;1;1;37990;CALIENTACAMAS DIGITAL TIMER SG-5350 1PL;CLIMATIZACION
8657079;;F;64;CHILENO;;Boomers;RENCA                         ;METROPOLITANA;313940;4;1;0;0;0;4;1;313940;ESTUFA INFRARROJA THOR BRICK 1500;CLIMATIZACION
9607496;;F;59;CHILENO;;Boomers;PEUMO                         ;L.G.B.OÂ´HIGGINS;0;0;0;0;0;0;0;0;0;ESTUFA ELEC. CHIMENEA TH-FP100 CAFE 1000W-2000W;CLIMATIZACION
16553936;;F;35;CHILENO;;Millenial;PROVIDENCIA                   ;METROPOLITANA;0;0;0;0;0;0;0;0;0;ESTUFA ELEC. INFRAROJA TH-IR61 NG 900W - 1800W;CLIMATIZACION
17659005;;F;31;CHILENO;;Silencioso;PROVIDENCIA                   ;METROPOLITANA;0;0;0;0;0;0;0;0;0;MINI OLEOELECTRICA KIOTO 500W BLANCO KTE-1081B;CLIMATIZACION
17510190;;M;31;CHILENO;;Millenial;"";"";0;0;0;0;0;0;0;0;0;KIT INSTALACION PLUS 6PULGADAS ACERO;CLIMATIZACION
12754960;;M;46;CHILENO;;X;N/D;N/D;0;0;0;0;0;0;0;0;0;ESTUFA INFRAROJA TH-IR60;CLIMATIZACION
15874802;;M;37;CHILENO;;Silencioso;PROVIDENCIA                   ;METROPOLITANA;0;0;0;0;0;0;0;0;0;ESTUFA INFRAROJA TH-IR60;CLIMATIZACION
6105256;;M;72;CHILENO;;Silencioso;CORONEL                       ;BIO BIO;0;0;0;0;0;0;0;0;0;ESTUFA A GAS VALORY NEW BLACK 15K;CLIMATIZACION
26217819;;F;31;COLOMBIANO;;Extranjero;N/D;N/D;0;0;0;0;0;0;0;0;0;TERMOVENTILADOR KIOTO BLANCO 2000W KTE-1028B;CLIMATIZACION
19827333;;F;23;CHILENO;;Z;PROVIDENCIA                   ;METROPOLITANA;0;0;0;0;0;0;0;0;0;ESTUFA CUARZO KIOTO 800W KTE-011A;CLIMATIZACION
12403383;;F;49;CHILENO;;X;RENCA                         ;METROPOLITANA;0;0;0;0;0;0;0;0;0;CALIENTACAMA KIOTO ANALOGO 1 PLAZA KTC-1004;CLIMATIZACION
10727837;Casado;F;53;CHILENO;;X;RENCA                         ;METROPOLITANA;0;0;0;0;0;0;0;0;0;ESTUFA INFRARROJA UT-IRH-S1500;CLIMATIZACION
17853445;;F;31;CHILENO;;Millenial;PROVIDENCIA                   ;METROPOLITANA;0;0;0;0;0;0;0;0;0;CONVECTOR ELECTRICO UT MC -20 WIFI;CLIMATIZACION
16314452;;F;36;CHILENO;;Millenial;TEMUCO                        ;ARAUCANIA;0;0;0;0;0;0;0;0;0;ESTUFA A GAS UT GRX-4200 15 KILOS;CLIMATIZACION
15645774;;F;38;CHILENO;;Millenial;"";"";0;0;0;0;0;0;0;0;0;CHIMENEA ELECTRICA ROBLE NEGRA;CLIMATIZACION
13411102;;F;43;CHILENO;;X;COCHRANE                      ;AYSEN;0;0;0;0;0;0;0;0;0;ESTUFA ELECTRICA CARBONO ECOHEATEH1000 1000W;CLIMATIZACION
18248978;;F;29;CHILENO;;Millenial;N/D;N/D;0;0;0;0;0;0;0;0;0;ESTUFA ELECTRICA CUARZO KIOTO 1200W KTE 1033;CLIMATIZACION
9466546;;F;56;CHILENO;;Boomers;QUILPUE                       ;VALPARAISO;0;0;0;0;0;0;0;0;0;ESTUFA A GAS UT GRX-6200 ET ROJA 15 KILOS;CLIMATIZACION
19990104;;F;22;CHILENO;;Z;PROVIDENCIA                   ;METROPOLITANA;0;0;0;0;0;0;0;0;0;Convector Panel Espejo Airolite Co-Rp 2000 II;CLIMATIZACION
18559659;;F;28;CHILENO;;Millenial;PROVIDENCIA                   ;METROPOLITANA;0;0;0;0;0;0;0;0;0;CALIENTACAMA KIOTO ANALOGO 1 PLAZA KTC-1004;CLIMATIZACION
15735947;;M;38;CHILENO;;Millenial;N/D;N/D;0;0;0;0;0;0;0;0;0;ESTUFA INFRARROJA ELECTRICA KIOTO 1500W KTE-1045;CLIMATIZACION
9848834;;F;59;CHILENO;;Boomers;PROVIDENCIA                   ;METROPOLITANA;0;0;0;0;0;0;0;0;0;CALIENTACAMA KIOTO ANALOGO 1 PLAZA KTC-1004;CLIMATIZACION
15097074;;F;40;CHILENO;;X;RENCA                         ;METROPOLITANA;0;0;0;0;0;0;0;0;0;Estufa a gas Kaly 15;CLIMATIZACION
14022454;;F;40;CHILENO;;X;RENCA                         ;METROPOLITANA;0;0;0;0;0;0;0;0;0;KIT INSTALACION VERTICAL 6X4MTS ACERO;CLIMATIZACION
16643230;;M;43;CHILENO;;X;VALDIVIA                      ;LOS RIOS;0;0;0;0;0;0;0;0;0;CHIMENEA ELECTRICA KIOTO 2000W KTE-1101;CLIMATIZACION
13982602;;F;40;CHILENO;;X;SAN ESTEBAN                   ;VALPARAISO;0;0;0;0;0;0;0;0;0;TERMOVENTILADOR KIOTO BLANCO 2000W KTE-1028B;CLIMATIZACION
16361366;;F;35;CHILENO;;Millenial;PROVIDENCIA                   ;METROPOLITANA;0;0;0;0;0;0;0;0;0;CALIENTACAMA KIOTO DIGITAL 2 PLAZAS KTC-1006;CLIMATIZACION
19730509;;F;25;CHILENO;;Z;PUENTE ALTO                   ;METROPOLITANA;0;0;0;0;0;0;0;0;0;CALIENTACAMA KIOTO DIGITAL 1 PLAZA KTC-1005;CLIMATIZACION
16436993;;F;35;CHILENO;;Silencioso;PROVIDENCIA                   ;METROPOLITANA;0;0;0;0;0;0;0;0;0;ESTUFA ELEC. CHIMENEA TH-FP70 NG 1000W-2000W;CLIMATIZACION
16090421;Soltero;F;37;CHILENO;MEDICO VETERINARIO;Silencioso;PROVIDENCIA                   ;METROPOLITANA;0;0;0;0;0;0;0;0;0;ESTUFA INFRAROJA TH-IR60;CLIMATIZACION
16169798;;F;37;CHILENO;;X;PROVIDENCIA                   ;METROPOLITANA;0;0;0;0;0;0;0;0;0;ESTUFA CUARZO KIOTO 800W KTE-011A;CLIMATIZACION
16216070;;F;36;CHILENO;;Millenial;CURANILAHUE                   ;BIO BIO;0;0;0;0;0;0;0;0;0;TERMOVENTILADOR NICROM VFH300 BL 1800W;CLIMATIZACION
20143939;;M;23;CHILENO;;Z;PROVIDENCIA                   ;METROPOLITANA;0;0;0;0;0;0;0;0;0;TERMOVENTILADOR KIOTO BLANCO 2000W KTE-1028B;CLIMATIZACION
11467223;;M;53;CHILENO;;X;CALAMA                        ;ANTOFAGASTA;0;0;0;0;0;0;0;0;0;ESTUFA CUARZO KIOTO 800W KTE-011A;CLIMATIZACION
5597176;;M;71;CHILENO;;Silencioso;CORONEL                       ;BIO BIO;0;0;0;0;0;0;0;0;0;ESTUFA CUARZO KIOTO 800W KTE-011A;CLIMATIZACION
17600232;Soltero;M;31;CHILENO;;Millenial;PROVIDENCIA                   ;METROPOLITANA;0;0;0;0;0;0;0;0;0;TERMOVENTILADOR KIOTO BLANCO 2000W KTE-1028B;CLIMATIZACION
7059798;;F;70;CHILENO;;Silencioso;PROVIDENCIA                   ;METROPOLITANA;0;0;0;0;0;0;0;0;0;CALIENTACAMA KIOTO ANALOGO 1 PLAZA KTC-1004;CLIMATIZACION
5327327;;F;74;CHILENO;;Silencioso;PROVIDENCIA                   ;METROPOLITANA;0;0;0;0;0;0;0;0;0;ESTUFA FIAMMA PRO;CLIMATIZACION
17085997;;F;33;CHILENO;;Silencioso;PROVIDENCIA                   ;METROPOLITANA;0;0;0;0;0;0;0;0;0;ESTUFA A GAS UT GRX-6200 ET ROJA 15 KILOS;CLIMATIZACION
8896524;;F;62;CHILENO;;Boomers;RENCA                         ;METROPOLITANA;0;0;0;0;0;0;0;0;0;TERMOVENTILADOR CURVE TOWER;CLIMATIZACION
13458750;;M;43;CHILENO;;X;SANTIAGO                      ;METROPOLITANA;0;0;0;0;0;0;0;0;0;ESTUFA ELEC. CHIMENEA TH-FP70 NG 1000W-2000W;CLIMATIZACION
19147071;;F;27;CHILENO;;Millenial;N/D;N/D;0;0;0;0;0;0;0;0;0;CALIENTACAMA KIOTO DIGITAL 2 PLAZAS KTC-1006;CLIMATIZACION
16950052;;F;33;CHILENO;;Millenial;PROVIDENCIA                   ;METROPOLITANA;0;0;0;0;0;0;0;0;0;MINI OLEOELECTRICA KIOTO 500W BLANCO KTE-1081B;CLIMATIZACION
19753790;;F;24;CHILENO;;Z;PROVIDENCIA                   ;METROPOLITANA;0;0;0;0;0;0;0;0;0;TERMOVENTILADOR VERTICAL MOD. FH 403;CLIMATIZACION
11828265;;F;51;CHILENO;;Silencioso;PROVIDENCIA                   ;METROPOLITANA;0;0;0;0;0;0;0;0;0;CALEFACTOR CARBONO 800W EEC-3000 NEGRO;CLIMATIZACION
15174587;;M;40;CHILENO;;X;CONCEPCION                    ;BIO BIO;0;0;0;0;0;0;0;0;0;ESTUFA CUARZO KIOTO 800W KTE-011A;CLIMATIZACION
6187408;Casado;M;66;CHILENO;;Boomers;PROVIDENCIA                   ;METROPOLITANA;0;0;0;0;0;0;0;0;0;ESTUFA CUARZO KIOTO 800W KTE-011A;CLIMATIZACION
4165796;;F;84;CHILENO;;Silencioso;SAN ANTONIO                   ;VALPARAISO;0;0;0;0;0;0;0;0;0;ESTUFA CUARZO KIOTO 800W KTE-011A;CLIMATIZACION
17872034;;F;30;CHILENO;;Millenial;PROVIDENCIA                   ;METROPOLITANA;0;0;0;0;0;0;0;0;0;CALIENTACAMA KIOTO DIGITAL 1 PLAZA KTC-1005;CLIMATIZACION
15135878;;F;39;CHILENO;;X;PROVIDENCIA                   ;METROPOLITANA;0;0;0;0;0;0;0;0;0;CALIENTACAMAS MANUAL 3N SG-5010 1PL;CLIMATIZACION
11423604;;M;52;CHILENO;;X;N/D;N/D;0;0;0;0;0;0;0;0;0;ESTUFA A GAS UT GRX-4200 15 KILOS;CLIMATIZACION
13731710;Soltero;M;43;CHILENO;;X;PROVIDENCIA                   ;METROPOLITANA;0;0;0;0;0;0;0;0;0;CONVECTOR ELECTRICO KIOTO 2000W KTE-1105;CLIMATIZACION
18431869;;F;28;CHILENO;;Millenial;PROVIDENCIA                   ;METROPOLITANA;0;0;0;0;0;0;0;0;0;CALIENTACAMA KIOTO DIGITAL 1 PLAZA KTC-1005;CLIMATIZACION
16358769;;F;35;CHILENO;;Silencioso;PROVIDENCIA                   ;METROPOLITANA;0;0;0;0;0;0;0;0;0;ESTUFA CUARZO KIOTO 800W KTE-011A;CLIMATIZACION
17608061;;F;31;CHILENO;;Millenial;PROVIDENCIA                   ;METROPOLITANA;0;0;0;0;0;0;0;0;0;ESTUFA CUARZO KIOTO 800W KTE-011A;CLIMATIZACION
14510039;;F;47;CHILENO;;X;BUIN                          ;METROPOLITANA;0;0;0;0;0;0;0;0;0;CALIENTACAMA KIOTO DIGITAL 1 PLAZA KTC-1005;CLIMATIZACION
18279138;;F;29;CHILENO;;Millenial;PROVIDENCIA                   ;METROPOLITANA;0;0;0;0;0;0;0;0;0;CALIENTACAMA KIOTO DIGITAL 2 PLAZAS KTC-1006;CLIMATIZACION
19397485;;M;26;CHILENO;;Z;ANTOFAGASTA                   ;ANTOFAGASTA;0;0;0;0;0;0;0;0;0;CALIENTACAMA KIOTO DIGITAL 2 PLAZAS KTC-1006;CLIMATIZACION
17366918;;F;32;CHILENO;;Millenial;N/D;N/D;0;0;0;0;0;0;0;0;0;CALEFACTOR LENA SCANTEK380 GRIS CHARCOAL;CLIMATIZACION
15120822;;F;37;CHILENO;;Millenial;SANTA CRUZ                    ;L.G.B.OÂ´HIGGINS;0;0;0;0;0;0;0;0;0;TERMOVENTILADOR KIOTO BLANCO 2000W KTE-1028B;CLIMATIZACION
13339142;;M;44;CHILENO;;X;RENCA                         ;METROPOLITANA;0;0;0;0;0;0;0;0;0;ESTUFA ELECTRICA CUARZO KIOTO 1200W KTE 1033;CLIMATIZACION
8371486;;F;68;CHILENO;;Boomers;VICTORIA                      ;ARAUCANIA;0;0;0;0;0;0;0;0;0;CALIENTACAMA KIOTO ANALOGO 1 PLAZA KTC-1004;CLIMATIZACION
13150025;;F;47;CHILENO;;X;RENCA                         ;METROPOLITANA;0;0;0;0;0;0;0;0;0;ESTUFA ELECTRICA CUARZO KIOTO 1200W KTE 1033;CLIMATIZACION
17960720;Soltero;M;30;CHILENO;;Silencioso;PROVIDENCIA                   ;METROPOLITANA;0;0;0;0;0;0;0;0;0;ESTUFA A GAS UT GRX-4200 15 KILOS;CLIMATIZACION
19860860;;F;24;CHILENO;;Silencioso;PROVIDENCIA                   ;METROPOLITANA;0;0;0;0;0;0;0;0;0;TERMOVENTILADOR KIOTO BLANCO 2000W KTE-1028B;CLIMATIZACION
17036460;;F;34;CHILENO;;Silencioso;PROVIDENCIA                   ;METROPOLITANA;0;0;0;0;0;0;0;0;0;CALIENTACAMA KIOTO ANALOGO 1 PLAZA KTC-1004;CLIMATIZACION
13557397;Soltero;F;42;CHILENO;INGENIERO COMERCIAL;X;PROVIDENCIA                   ;METROPOLITANA;0;0;0;0;0;0;0;0;0;ESTUFA ELECTRICA CARBONO ECOHEATEH1000 1000W;CLIMATIZACION
9908471;;F;55;CHILENO;;Boomers;LOS ANDES                     ;VALPARAISO;0;0;0;0;0;0;0;0;0;ESTUFA HIBRIDA SR-6300NG;CLIMATIZACION
10034903;;F;43;CHILENO;;X;PROVIDENCIA                   ;METROPOLITANA;0;0;0;0;0;0;0;0;0;CALIENTACAMA KIOTO ANALOGO 1 PLAZA KTC-1004;CLIMATIZACION
11515998;Casado;F;51;CHILENO;;X;PROVIDENCIA                   ;METROPOLITANA;0;0;0;0;0;0;0;0;0;CALIENTACAMA KIOTO DIGITAL 2 PLAZAS KTC-1006;CLIMATIZACION
15218010;;F;39;CHILENO;;Millenial;PROVIDENCIA                   ;METROPOLITANA;0;0;0;0;0;0;0;0;0;TERMOVENTILADOR KIOTO BLANCO 2000W KTE-1028B;CLIMATIZACION
20009793;;F;24;CHILENO;;Z;PROVIDENCIA                   ;METROPOLITANA;0;0;0;0;0;0;0;0;0;ESTUFA ELECTRICA CUARZO KIOTO 1200W KTE 1033;CLIMATIZACION
12933844;;F;47;CHILENO;;X;RENCA                         ;METROPOLITANA;0;0;0;0;0;0;0;0;0;TERMOVENTILADOR KIOTO NEGRO 2000W KTE-1028N;CLIMATIZACION
7909195;;F;63;CHILENO;;Boomers;SAN JAVIER                    ;MAULE;0;0;0;0;0;0;0;0;0;TERMOVENTILADOR KIOTO NEGRO 2000W KTE-1028N;CLIMATIZACION
6739593;;F;69;CHILENO;;Silencioso;COIHAIQUE                     ;AYSEN;0;0;0;0;0;0;0;0;0;CALIENTACAMA KIOTO DIGITAL 1 PLAZA KTC-1005;CLIMATIZACION
18144920;;F;30;CHILENO;;Millenial;N/D;N/D;0;0;0;0;0;0;0;0;0;KIT INSTALACION PLUS 6PULGADAS ACERO;CLIMATIZACION
9291907;Casado;M;60;CHILENO;;Boomers;PROVIDENCIA                   ;METROPOLITANA;0;0;0;0;0;0;0;0;0;CHIMENEA ELECTRICA KIOTO 2000W KTE-1101;CLIMATIZACION
10329766;;M;52;CHILENO;;Millenial;PUDAHUEL                      ;METROPOLITANA;0;0;0;0;0;0;0;0;0;CALIENTACAMAS MANUAL 2N SG-5120D4 1PL;CLIMATIZACION
10174543;;M;57;CHILENO;;Boomers;PROVIDENCIA                   ;METROPOLITANA;0;0;0;0;0;0;0;0;0;TERMOVENTILADOR KIOTO NEGRO 2000W KTE-1028N;CLIMATIZACION
12065916;;M;49;CHILENO;;X;PROVIDENCIA                   ;METROPOLITANA;0;0;0;0;0;0;0;0;0;CONVECTOR TH-CV51 BL 750W - 1250W - 2000W;CLIMATIZACION
19062157;Soltero;F;27;CHILENO;;Silencioso;PROVIDENCIA                   ;METROPOLITANA;0;0;0;0;0;0;0;0;0;CALIENTACAMAS MANUAL 2N SG-5121D4 2PL;CLIMATIZACION
16641609;;F;35;CHILENO;;Millenial;PROVIDENCIA                   ;METROPOLITANA;0;0;0;0;0;0;0;0;0;ESTUFA FIBRA DE CARBONO KFB 90;CLIMATIZACION
19942738;;F;23;CHILENO;;Silencioso;PROVIDENCIA                   ;METROPOLITANA;0;0;0;0;0;0;0;0;0;TERMOVENTILADOR KIOTO NEGRO 2000W KTE-1028N;CLIMATIZACION
10719448;;F;53;CHILENO;;X;RINCONADA                     ;VALPARAISO;0;0;0;0;0;0;0;0;0;ESTUFA INFRARROJA UT-IRH-S1500;CLIMATIZACION
4956876;;F;75;CHILENO;;Silencioso;LOS ANDES                     ;VALPARAISO;0;0;0;0;0;0;0;0;0;TERMOVENTILADOR NICROM VFH300 BL 1800W;CLIMATIZACION
13743345;Soltero;M;42;CHILENO;INTERPRETE DE IDIOMAS;X;PROVIDENCIA                   ;METROPOLITANA;0;0;0;0;0;0;0;0;0;CALEFACTOR INFRAROJO GR2800 ET;CLIMATIZACION
16782685;Soltero;M;34;CHILENO;;Millenial;PROVIDENCIA                   ;METROPOLITANA;0;0;0;0;0;0;0;0;0;ESTUFA ELEC. CHIMENEA TH-FP70 NG 1000W-2000W;CLIMATIZACION
9947518;;F;57;CHILENO;;Boomers;PLACILLA                      ;L.G.B.OÂ´HIGGINS;0;0;0;0;0;0;0;0;0;TERMOVENTILADOR VERTICAL SUN05 PURP.;CLIMATIZACION
18884575;Soltero;F;27;CHILENO;;Silencioso;PROVIDENCIA                   ;METROPOLITANA;0;0;0;0;0;0;0;0;0;ESTUFA ELEC. FIBRA DE CARBONO NSB120K5 ROJA;CLIMATIZACION
21834112;;M;58;ARGENTINO;;Extranjero;COIHAIQUE                     ;AYSEN;0;0;0;0;0;0;0;0;0;ESTUFA POTENZA;CLIMATIZACION
17965913;Casado;F;30;CHILENO;;Millenial;PROVIDENCIA                   ;METROPOLITANA;0;0;0;0;0;0;0;0;0;CHIMENEA ELECTRICA KIOTO 2000W KTE-1101;CLIMATIZACION
14478961;;F;48;CHILENO;;X;RENCA                         ;METROPOLITANA;0;0;0;0;0;0;0;0;0;ESTUFA CUARZO KIOTO 800W KTE-011A;CLIMATIZACION
13984489;Divorciado;F;41;CHILENO;PSICOLOGA;X;PROVIDENCIA                   ;METROPOLITANA;0;0;0;0;0;0;0;0;0;CALIENTACAMAS ANALOGO BASICO 1PL;CLIMATIZACION
13026670;;F;46;CHILENO;;X;RENCA                         ;METROPOLITANA;0;0;0;0;0;0;0;0;0;Calefactor Bosca a Lena Gold 500 Burdeo CERT.;CLIMATIZACION
18795252;Soltero;F;28;CHILENO;;Millenial;PROVIDENCIA                   ;METROPOLITANA;0;0;0;0;0;0;0;0;0;TERMOVENTILADOR NICROM VFH300 BL 1800W;CLIMATIZACION
15514826;Soltero;M;38;CHILENO;INGENIERO DE EJECUCION EN INFORMATICA;X;VALLENAR;ATACAMA;0;0;0;0;0;0;0;0;0;CALIENTACAMAS ANALOGO 1PL;CLIMATIZACION
11775124;;M;51;CHILENO;;X;RENCA                         ;METROPOLITANA;0;0;0;0;0;0;0;0;0;TERMOVENTILADOR NICROM VFH500 BL 2000W;CLIMATIZACION
17919116;;F;31;CHILENO;;Millenial;PROVIDENCIA                   ;METROPOLITANA;0;0;0;0;0;0;0;0;0;CHIMENEA ELECTRICA KIOTO 2000W KTE-1101;CLIMATIZACION
7240179;;F;70;CHILENO;;Silencioso;CHILLAN                       ;BIO BIO;0;0;0;0;0;0;0;0;0;TERMOVENTILADOR NICROM VFH500 BL 2000W;CLIMATIZACION
13124046;;F;46;CHILENO;;X;N/D;N/D;0;0;0;0;0;0;0;0;0;CHIMENEA ELECTRICA KIOTO 2000W KTE-1101;CLIMATIZACION
6193165;;M;73;CHILENO;;Silencioso;INDEPENDENCIA                 ;METROPOLITANA;0;0;0;0;0;0;0;0;0;ESTUFA FIAMMA PRO;CLIMATIZACION
8116180;Divorciado;F;64;CHILENO;ABOGADO;Boomers;PROVIDENCIA                   ;METROPOLITANA;0;0;0;0;0;0;0;0;0;ESTUFA GAS KG5 5K NEGRO EUROPEA;CLIMATIZACION
16718603;;F;34;CHILENO;;Millenial;RENCA                         ;METROPOLITANA;0;0;0;0;0;0;0;0;0;ESTUFA ELECTRICA CUARZO KIOTO 1200W KTE 1033;CLIMATIZACION
20369925;;F;22;CHILENO;;Z;PROVIDENCIA                   ;METROPOLITANA;0;0;0;0;0;0;0;0;0;ESTUFA VITTALE-40 15K;CLIMATIZACION
18247946;;M;29;CHILENO;;Millenial;PUENTE ALTO                   ;METROPOLITANA;0;0;0;0;0;0;0;0;0;ESTUFA VITTALE-40 15K;CLIMATIZACION
19350214;;F;25;CHILENO;;Z;LA SERENA                     ;COQUIMBO;0;0;0;0;0;0;0;0;0;CALIENTACAMA KIOTO ANALOGO 1 PLAZA KTC-1004;CLIMATIZACION
10744674;;F;51;CHILENO;;X;PROVIDENCIA                   ;METROPOLITANA;0;0;0;0;0;0;0;0;0;ESTUFA KEROSENE F 1120+;CLIMATIZACION
14227796;;F;40;CHILENO;;X;RENCA                         ;METROPOLITANA;0;0;0;0;0;0;0;0;0;ESTUFA ELEC. CHIMENEA TH-FP100 CAFE 1000W-2000W;CLIMATIZACION
19635127;;M;25;CHILENO;;Millenial;PROVIDENCIA                   ;METROPOLITANA;0;0;0;0;0;0;0;0;0;TERMOVENTILADOR PTC VILN18 BL 2000W;CLIMATIZACION
15135424;;F;39;CHILENO;;X;COIHAIQUE                     ;AYSEN;0;0;0;0;0;0;0;0;0;CALIENTACAMAS ANALOGO 1PL;CLIMATIZACION
19094125;;M;27;CHILENO;;Z;PANGUIPULLI                   ;LOS LAGOS;0;0;0;0;0;0;0;0;0;ESTUFA CUARZO KIOTO 800W KTE-011A;CLIMATIZACION
16876359;;F;34;CHILENO;;Millenial;CALERA DE TANGO               ;METROPOLITANA;0;0;0;0;0;0;0;0;0;ESTUFA PARAFINA KPM-3300;CLIMATIZACION
9231274;;M;61;CHILENO;;Boomers;RENCA                         ;METROPOLITANA;0;0;0;0;0;0;0;0;0;ESTUFA ELECTRICA CUARZO KIOTO 1200W KTE 1033;CLIMATIZACION
10973927;;F;50;CHILENO;;X;PADRE HURTADO                 ;METROPOLITANA;0;0;0;0;0;0;0;0;0;ESTUFA KEROSENE F 1120+;CLIMATIZACION
6052388;;M;74;CHILENO;;Silencioso;PROVIDENCIA                   ;METROPOLITANA;0;0;0;0;0;0;0;0;0;CHIMENEA ELECTRICA KIOTO 2000W KTE-1101;CLIMATIZACION
14590198;Casado;M;42;CHILENO;INGENIERO EN TELECOMUNICACIONES;X;PROVIDENCIA                   ;METROPOLITANA;0;0;0;0;0;0;0;0;0;CALIENTACAMAS ANALOGO BASICO 2 PL;CLIMATIZACION
13967935;;M;42;CHILENO;;X;PUERTO MONTT                  ;LOS LAGOS;0;0;0;0;0;0;0;0;0;TERMOVENTILADOR CERAMICO TH-CH41 NG 1000W-2000W;CLIMATIZACION
17702672;Soltero;M;31;CHILENO;;Silencioso;PROVIDENCIA                   ;METROPOLITANA;0;0;0;0;0;0;0;0;0;Radiador Oleoelectrico 2000W Rb2209Tp;CLIMATIZACION
13126234;Soltero;F;44;CHILENO;PROFESOR;X;PROVIDENCIA                   ;METROPOLITANA;0;0;0;0;0;0;0;0;0;CONVECTOR TURBO KCH 2000 BL;CLIMATIZACION
16827215;;F;34;CHILENO;;Millenial;PARRAL                        ;MAULE;0;0;0;0;0;0;0;0;0;ESTUFA INFRARROJA ELECTRICA KIOTO 1500W KTE-1045;CLIMATIZACION
18456690;;M;29;CHILENO;;Millenial;EL MONTE                      ;METROPOLITANA;0;0;0;0;0;0;0;0;0;CONVECTOR ELECTRICO KIOTO 2000W KTE-1105;CLIMATIZACION
11436581;;F;53;CHILENO;;X;PROVIDENCIA                   ;METROPOLITANA;0;0;0;0;0;0;0;0;0;ESTUFA VITTALE-40 15K;CLIMATIZACION
18132438;;F;30;CHILENO;;Millenial;PROVIDENCIA                   ;METROPOLITANA;0;0;0;0;0;0;0;0;0;TERMOVENTILADOR KIOTO NEGRO 2000W KTE-1028N;CLIMATIZACION
4496178;;M;77;CHILENO;;Silencioso;RENCA                         ;METROPOLITANA;0;0;0;0;0;0;0;0;0;ESTUFA ELECTRICA CUARZO KC 220 ROJA;CLIMATIZACION
19515992;Soltero;F;25;CHILENO;;Z;PROVIDENCIA                   ;METROPOLITANA;0;0;0;0;0;0;0;0;0;ESTUFA CUARZO KIOTO 800W KTE-011A;CLIMATIZACION
4282777;;F;79;CHILENO;;Silencioso;PUENTE ALTO                   ;METROPOLITANA;0;0;0;0;0;0;0;0;0;VITTALE 8;CLIMATIZACION
15284529;;F;40;CHILENO;;X;"";"";0;0;0;0;0;0;0;0;0;CHIMENEA ELECTRICA KIOTO 2000W KTE-1101;CLIMATIZACION
6569480;Viudo;F;74;CHILENO;;Silencioso;PROVIDENCIA                   ;METROPOLITANA;0;0;0;0;0;0;0;0;0;ESTUFA ELECTRICA CUARZO KIOTO 1200W KTE 1033;CLIMATIZACION
17567073;Soltero;M;32;CHILENO;;Silencioso;PROVIDENCIA                   ;METROPOLITANA;0;0;0;0;0;0;0;0;0;ESTUFA VITTALE-40 15K;CLIMATIZACION
9903077;;F;59;CHILENO;;Boomers;RENCA                         ;METROPOLITANA;0;0;0;0;0;0;0;0;0;ESTUFA ELECTRICA CUARZO KIOTO 1200W KTE 1033;CLIMATIZACION
13902482;;F;46;CHILENO;;X;TALCAHUANO;BIO-BIO;0;0;0;0;0;0;0;0;0;ESTUFA POTENZA;CLIMATIZACION
20030326;;F;22;CHILENO;;Z;PROVIDENCIA                   ;METROPOLITANA;0;0;0;0;0;0;0;0;0;ESTUFA ELECTRICA CUARZO KIOTO 1200W KTE 1033;CLIMATIZACION
16073821;Casado;F;36;CHILENO;ANALISTA DE SISTEMAS;Millenial;PROVIDENCIA                   ;METROPOLITANA;0;0;0;0;0;0;0;0;0;ESTUFA A GAS UT GRX-4200 15 KILOS;CLIMATIZACION
9901663;Casado;M;56;CHILENO;;Boomers;RENCA                         ;METROPOLITANA;0;0;0;0;0;0;0;0;0;CHIMENEA ELECTRICA KIOTO 2000W KTE-1101;CLIMATIZACION
17550325;;F;30;CHILENO;;Millenial;TALCA                         ;MAULE;0;0;0;0;0;0;0;0;0;CALEFACTOR CUARZO 1600W EEH-1300 NEGRO;CLIMATIZACION
7819090;;M;60;CHILENO;;Boomers;MACUL                         ;METROPOLITANA;0;0;0;0;0;0;0;0;0;ESTUFA A GAS UT GRX-4200 15 KILOS;CLIMATIZACION
19761883;;M;24;CHILENO;;Z;PROVIDENCIA                   ;METROPOLITANA;0;0;0;0;0;0;0;0;0;ESTUFA ELECTRICA CUARZO KIOTO 1200W KTE 1033;CLIMATIZACION
10076927;;F;59;CHILENO;;Boomers;SAN VICENTE                   ;L.G.B.OÂ´HIGGINS;0;0;0;0;0;0;0;0;0;VENTILADOR USB KTU-1018;CLIMATIZACION
12971348;;F;46;CHILENO;;X;TOME                          ;BIO BIO;0;0;0;0;0;0;0;0;0;KIT INSTALACION VERTICAL 6X4MTS ACERO;CLIMATIZACION
26484501;;M;28;VENEZOLANO;;Extranjero;N/D;N/D;0;0;0;0;0;0;0;0;0;VENTILADOR WIND BREEZE (160S);CLIMATIZACION
15669906;;M;38;CHILENO;;Boomers;PROVIDENCIA                   ;METROPOLITANA;0;0;0;0;0;0;0;0;0;ESTUFA POTENZA;CLIMATIZACION
11656070;;F;51;CHILENO;;X;RENCA                         ;METROPOLITANA;0;0;0;0;0;0;0;0;0;KIT INSTALACION PLUS 6PULGADAS ACERO;CLIMATIZACION
19090699;;F;26;CHILENO;;Z;PROVIDENCIA                   ;METROPOLITANA;0;0;0;0;0;0;0;0;0;ESTUFA KEROSENE 720+;CLIMATIZACION
16444002;;F;35;CHILENO;;Millenial;PROVIDENCIA                   ;METROPOLITANA;0;0;0;0;0;0;0;0;0;VENTILADOR SOBREMESA KF-16D;CLIMATIZACION
25682718;;M;27;VENEZOLANO;;Extranjero;N/D;N/D;0;0;0;0;0;0;0;0;0;VENTILADOR PEDESTAL KTP-1016;CLIMATIZACION
9924841;;F;57;CHILENO;;Boomers;RENCA                         ;METROPOLITANA;0;0;0;0;0;0;0;0;0;CALIENTACAMA KIOTO ANALOGO 1 PLAZA KTC-1004;CLIMATIZACION
9144749;;M;61;CHILENO;;Boomers;TALCA                         ;MAULE;0;0;0;0;0;0;0;0;0;AC PORTATIL ECO II 12000;CLIMATIZACION
19215595;;M;26;CHILENO;;Z;CUREPTO                       ;MAULE;0;0;0;0;0;0;0;0;0;VENTILADOR WIND BREEZE (160S);CLIMATIZACION
18344191;;F;29;CHILENO;;Millenial;LINARES                       ;MAULE;0;0;0;0;0;0;0;0;0;Ventilador Sobremesa Plastico KF 12D;CLIMATIZACION
4895933;;F;79;CHILENO;;Silencioso;LA FLORIDA                    ;METROPOLITANA;0;0;0;0;0;0;0;0;0;VENTILADOR PEDESTAL KTP-1016;CLIMATIZACION
9484730;;F;58;CHILENO;;Boomers;RENCA                         ;METROPOLITANA;0;0;0;0;0;0;0;0;0;VENTILADOR TURBO NVB802EA 8P;CLIMATIZACION
16275124;;M;36;CHILENO;;Millenial;PROVIDENCIA                   ;METROPOLITANA;0;0;0;0;0;0;0;0;0;VENTILADOR PEDESTAL KTP-1015;CLIMATIZACION
12372227;Casado;M;48;CHILENO;;X;PROVIDENCIA                   ;METROPOLITANA;0;0;0;0;0;0;0;0;0;VENTILADOR WIND BREEZE (160S);CLIMATIZACION
6504574;;F;70;CHILENO;;Silencioso;PROVIDENCIA                   ;METROPOLITANA;0;0;0;0;0;0;0;0;0;VENTILADOR VBF016 BOX 16 NEGRO;CLIMATIZACION
17948953;;M;61;CHILENO;;Boomers;PROVIDENCIA                   ;METROPOLITANA;0;0;0;0;0;0;0;0;0;VENTILADOR PEDESTAL KTP-1015;CLIMATIZACION
15099510;;F;40;CHILENO;;X;QUILPUE                       ;VALPARAISO;0;0;0;0;0;0;0;0;0;VENTILADOR THOMAS TH-16CP Pedestal 16;CLIMATIZACION
12160654;;F;41;CHILENO;;X;PROVIDENCIA                   ;METROPOLITANA;0;0;0;0;0;0;0;0;0;Ventilador BOX 20 Metalico FE-45 20Â¿;CLIMATIZACION
11697704;;F;50;CHILENO;;X;MELIPILLA                     ;METROPOLITANA;0;0;0;0;0;0;0;0;0;Ventilador BOX 12 Plastico KF-12B3;CLIMATIZACION
18773339;;F;27;CHILENO;;Z;"";"";0;0;0;0;0;0;0;0;0;VENTILADOR PEDESTAL KTP-1015;CLIMATIZACION
8726679;;M;61;CHILENO;;Boomers;LA FLORIDA                    ;METROPOLITANA;0;0;0;0;0;0;0;0;0;VENTILADOR PEDESTAL KTP-1015;CLIMATIZACION
7540477;;M;63;CHILENO;;Boomers;LOS ANDES                     ;VALPARAISO;0;0;0;0;0;0;0;0;0;Ventilador BOX 12 Plastico KF-12B3;CLIMATIZACION
12220634;;F;49;CHILENO;;X;PROVIDENCIA                   ;METROPOLITANA;0;0;0;0;0;0;0;0;0;VENTILADOR POWER BREEZE (120T);CLIMATIZACION
19591773;;M;25;CHILENO;;Z;PROVIDENCIA                   ;METROPOLITANA;0;0;0;0;0;0;0;0;0;VENTILADOR INDUSTRIAL KTI-1013;CLIMATIZACION
16058726;;F;37;CHILENO;;Millenial;PROVIDENCIA                   ;METROPOLITANA;0;0;0;0;0;0;0;0;0;VENTILADOR PEDESTAL 18 PLASTICO;CLIMATIZACION
10351568;Soltero;F;58;CHILENO;;Boomers;RENCA                         ;METROPOLITANA;0;0;0;0;0;0;0;0;0;ESTUFA VITTALE-40 15K;CLIMATIZACION
12122156;;M;41;CHILENO;;X;NANCAGUA                      ;L.G.B.OÂ´HIGGINS;0;0;0;0;0;0;0;0;0;VENTILADOR INDUSTRIAL KTI-1013;CLIMATIZACION
5932626;;F;73;CHILENO;;Silencioso;CURICO                        ;MAULE;0;0;0;0;0;0;0;0;0;VENTILADOR SOBREMESA KF-16D;CLIMATIZACION
10328825;;F;57;CHILENO;;Boomers;RENCA                         ;METROPOLITANA;0;0;0;0;0;0;0;0;0;Enfriador KSH-16R;CLIMATIZACION
9984912;Casado;M;58;CHILENO;;Boomers;RENCA                         ;METROPOLITANA;0;0;0;0;0;0;0;0;0;VENTILADOR PEDESTAL KTP-1015;CLIMATIZACION
26600616;Soltero;M;38;VENEZOLANO;;Extranjero;PROVIDENCIA                   ;METROPOLITANA;0;0;0;0;0;0;0;0;0;VENTILADOR VP-1603 PEDEST 16P;CLIMATIZACION
11532503;;F;52;CHILENO;;X;CAUQUENES                     ;MAULE;0;0;0;0;0;0;0;0;0;TERMOVENTILADOR KIOTO BLANCO 2000W KTE-1028B;CLIMATIZACION
8167157;Casado;F;65;CHILENO;;Boomers;PROVIDENCIA                   ;METROPOLITANA;0;0;0;0;0;0;0;0;0;CALIENTACAMA KIOTO DIGITAL 2 PLAZAS KTC-1006;CLIMATIZACION
9590316;;M;59;CHILENO;;Boomers;PROVIDENCIA                   ;METROPOLITANA;0;0;0;0;0;0;0;0;0;CALEFACTOR LENA LIMIT350 CHARCOAL;CLIMATIZACION
9299397;;F;59;CHILENO;;Boomers;PROVIDENCIA                   ;METROPOLITANA;0;0;0;0;0;0;0;0;0;TERMOVENTILADOR KIOTO BLANCO 2000W KTE-1028B;CLIMATIZACION
12986029;;M;45;CHILENO;;X;CASTRO                        ;LOS LAGOS;472940;6;3;0;0;0;6;3;472940;LICUADORA KASSEL 1,5 LITROS;ELECTRODOMESTICOS
15154078;;M;39;CHILENO;;X;SAN JAVIER;MAULE;238320;7;5;2;1;88980;5;4;149340;Plancha THOMAS TH-7170 2200Watts Base Ceramica;ELECTRODOMESTICOS
17210003;;F;32;CHILENO;;Millenial;"";"";109970;5;2;0;0;0;5;2;109970;Horno Microondas Mecanico Easy Wave 20Lts;ELECTRODOMESTICOS
13205704;;M;45;CHILENO;;X;ISLA DE MAIPO                 ;METROPOLITANA;24990;1;1;0;0;0;1;1;24990;Licuadora Personal TH-300PB;ELECTRODOMESTICOS
5912665;;M;69;CHILENO;;Silencioso;VINA DEL MAR                  ;VALPARAISO;104820;4;1;0;0;0;4;1;104820;Horno Microonda Columba 1700;ELECTRODOMESTICOS
10227336;;F;58;CHILENO;;Boomers;SAN JAVIER                    ;MAULE;842140;12;8;0;0;0;12;8;842140;Exprimidor de Jugo TH-1215 1,5Lts;ELECTRODOMESTICOS
12388073;;M;49;CHILENO;;X;VICTORIA                      ;ARAUCANIA;207970;4;3;0;0;0;4;3;207970;HORNO ELECTRICO MUNICH 60 LITROS;ELECTRODOMESTICOS
12966465;Casado;F;46;CHILENO;TECNICO DE NIVEL SUPERIOR EN ENFERMERIA;X;RENCA                         ;METROPOLITANA;21990;1;1;0;0;0;1;1;21990;Plancha TH-7052 2000Watts Base Inox;ELECTRODOMESTICOS
9271621;;M;60;CHILENO;;Boomers;CURICO                        ;MAULE;44980;2;2;0;0;0;2;2;44980;Hervidor Electrico TH-4212N 1,7Lts Negro;ELECTRODOMESTICOS
15913762;;M;37;CHILENO;;Millenial;CASTRO                        ;LOS LAGOS;129990;1;1;0;0;0;1;1;129990;Horno Microondas Digital ME0113MB1/XZS 32Lts;ELECTRODOMESTICOS
17895169;Soltero;M;29;CHILENO;TECNOLOGO MEDICO;Millenial;PROVIDENCIA                   ;METROPOLITANA;317970;3;2;2;1;300980;1;1;16990;HERVIDOR HAMBURGO 2,0 LITROS;ELECTRODOMESTICOS
7008589;Divorciado;F;70;CHILENO;;Silencioso;PROVIDENCIA                   ;METROPOLITANA;73980;2;2;0;0;0;2;2;73980;Hervidor Electrico Tetera TH-6505RT 1,7Lts Rojo;ELECTRODOMESTICOS
15516686;;F;39;CHILENO;;X;COIHAIQUE                     ;AYSEN;82983;2;2;0;0;0;2;2;82983;Freidora de Aire 18M Oster;ELECTRODOMESTICOS
17854706;;M;30;CHILENO;;Millenial;PROVIDENCIA                   ;METROPOLITANA;149970;3;2;0;0;0;3;2;149970;Horno Microonda Columba 1700;ELECTRODOMESTICOS
10676728;Soltero;M;45;CHILENO;;X;RENCA                         ;METROPOLITANA;123980;2;1;2;1;123980;0;0;0;FREIDORA ELECTRICA EASY FRY GRILL OVEN FW50181;ELECTRODOMESTICOS
20305837;;M;22;CHILENO;;Z;PROVIDENCIA                   ;METROPOLITANA;820470;3;2;2;1;795480;1;1;24990;Parrilla Electrica TH-180;ELECTRODOMESTICOS
26197824;;M;33;HAITIANO;;Extranjero;N/D;N/D;192970;3;3;0;0;0;3;3;192970;Horno Microonda Columba 1700;ELECTRODOMESTICOS
18678270;;F;27;CHILENO;;Millenial;"";"";24990;1;1;1;1;24990;0;0;0;FREIDORA DE AIRE HESSIA 2,0 LITROS;ELECTRODOMESTICOS
14624147;;F;43;CHILENO;;X;QUINTERO                      ;VALPARAISO;315960;4;2;4;2;315960;0;0;0;Horno Electrico TH62I 60Lts;ELECTRODOMESTICOS
19704339;;F;25;CHILENO;;Z;LA CISTERNA;METROPOLITANA;53980;2;1;2;1;53980;0;0;0;Horno Microondas Mecanico Easy Wave 20Lts;ELECTRODOMESTICOS
8086311;;F;62;CHILENO;;Boomers;TOCOPILLA                     ;ANTOFAGASTA;49182;2;2;0;0;0;2;2;49182;Hervidor Electrico TH-4212N 1,7Lts Negro;ELECTRODOMESTICOS
15880589;Soltero;F;37;CHILENO;;Silencioso;PROVIDENCIA                   ;METROPOLITANA;214970;5;2;0;0;0;5;2;214970;PROCESADOR THOMAS TH-9160;ELECTRODOMESTICOS
6401612;Casado;M;67;CHILENO;TECNICO EN ELECTROMECANICA;Boomers;N/D;N/D;244960;4;5;0;0;0;4;5;244960;Horno Microondas Digital L UT-25KROMM 25Lts;ELECTRODOMESTICOS
16928215;Divorciado;F;33;CHILENO;;Millenial;RENCA                         ;METROPOLITANA;96960;4;4;3;3;74970;1;1;21990;Aspiradora AP1700 Arrastre 1700Watts;ELECTRODOMESTICOS
5704776;;F;72;CHILENO;;Silencioso;PADRE HURTADO                 ;METROPOLITANA;667820;7;5;0;0;0;7;5;667820;Hervidor Electrico UT-DUNKEL17P 2Lts Negro;ELECTRODOMESTICOS
11953505;Casado;M;50;CHILENO;;X;RENCA                         ;METROPOLITANA;89990;1;1;0;0;0;1;1;89990;Horno Electrico TH62I 60Lts;ELECTRODOMESTICOS
9720491;;F;61;CHILENO;;Boomers;EL MONTE                      ;METROPOLITANA;723360;12;6;0;0;0;12;6;723360;Freidora electrica Ut-KeramikAir;ELECTRODOMESTICOS
27445778;;M;39;VENEZOLANO;;Extranjero;N/D;N/D;443930;7;5;0;0;0;7;5;443930;Cafetera TH-138i;ELECTRODOMESTICOS
8701435;;F;62;CHILENO;;Boomers;QUEILEN                       ;LOS LAGOS;336560;3;2;0;0;0;3;2;336560;Horno Electrico TH62I 60Lts;ELECTRODOMESTICOS
11718760;Casado;F;51;CHILENO;;X;PROVIDENCIA                   ;METROPOLITANA;56970;3;2;0;0;0;3;2;56970;Tostador de Pan TP-1400 4 Rebanadas Inox;ELECTRODOMESTICOS
15654267;;F;38;CHILENO;;X;TEMUCO;ARAUCANIA;67970;3;3;1;1;64990;2;2;2980;Tostador de Pan TP-1400 4 Rebanadas Inox;ELECTRODOMESTICOS
8888211;;M;60;CHILENO;;Boomers;DALCAHUE                      ;LOS LAGOS;596430;7;4;0;0;0;7;4;596430;Licuadora TH-320 Roja/Negro 1,5 Lts Vaso Vidrio;ELECTRODOMESTICOS
11577212;;M;52;CHILENO;;X;RENCA                         ;METROPOLITANA;29990;1;1;0;0;0;1;1;29990;Licuadora BL1500 Silver 1,75Lts Vaso Vidrio;ELECTRODOMESTICOS
18202856;;F;29;CHILENO;;Millenial;CAUQUENES                     ;MAULE;1180870;17;15;0;0;0;17;15;1180870;Producto Segunda Seleccion Banda 7;ELECTRODOMESTICOS
16327677;Casado;M;36;CHILENO;TECNICO EN ADMINISTRACION DE EMPRESAS;Millenial;RENCA                         ;METROPOLITANA;55980;2;1;2;1;55980;0;0;0;Licuadora BS 4950 Opal Titanium;ELECTRODOMESTICOS
8812623;;F;58;CHILENO;;Boomers;RENCA                         ;METROPOLITANA;49990;1;1;0;0;0;1;1;49990;Horno Electrico UT-BACKOFEN26 26Lts;ELECTRODOMESTICOS
7145387;;F;64;CHILENO;;Boomers;SAN CARLOS                    ;BIO BIO;69990;1;1;0;0;0;1;1;69990;Horno Microondas Mecanico UT-SYDNEY18 18Lts;ELECTRODOMESTICOS
7717014;;F;69;CHILENO;;Silencioso;RETIRO                        ;MAULE;179990;1;1;0;0;0;1;1;179990;Horno Electrico TH-100i 100Lts;ELECTRODOMESTICOS
19505318;Soltero;F;25;CHILENO;TECNICO DE NIVEL SUPERIOR EN ENFERMERIA;Z;PROVIDENCIA                   ;METROPOLITANA;28990;1;1;1;1;28990;0;0;0;Combo Licuadora + Batidora;ELECTRODOMESTICOS
19061757;Soltero;M;27;CHILENO;TECNICO DE NIVEL MEDIO EN ALIMENTACION;Z;PROVIDENCIA                   ;METROPOLITANA;148970;3;2;2;1;58980;1;1;89990;Horno Microondas Mecanico C1700N 17Lts Blanco;ELECTRODOMESTICOS
18964933;;F;27;CHILENO;;Millenial;"";"";927450;13;10;10;7;772480;3;3;154970;Plancha UT-KERAMIKTOP 2200Watts Base Ceramica;ELECTRODOMESTICOS
16324839;;F;36;CHILENO;;Millenial;MONTE PATRIA                  ;COQUIMBO;39990;1;1;0;0;0;1;1;39990;Aspiradora AP1700 Arrastre 1700Watts;ELECTRODOMESTICOS
17097973;;M;33;CHILENO;;Millenial;N/D;N/D;1133910;9;8;2;1;141980;7;7;991930;Licuadora Oster Clasica Azul 4134 1,25 lt;ELECTRODOMESTICOS
13737937;;M;43;CHILENO;;X;PUERTO MONTT                  ;LOS LAGOS;88970;3;1;0;0;0;3;1;88970;Parrilla Electrica M18W;ELECTRODOMESTICOS
26670957;;F;27;HAITIANO;;Extranjero;N/D;N/D;74990;1;1;0;0;0;1;1;74990;Horno Microondas Digital TH-20S01 20Lts;ELECTRODOMESTICOS
18787123;;F;28;CHILENO;;Millenial;ARICA                         ;ARICA Y PARINACOTA;889900;9;6;1;1;11990;8;5;877910;Hervidor Electrico UT-MANLY17 1,7Lts Negro;ELECTRODOMESTICOS
10439450;;F;58;CHILENO;;Boomers;PROVIDENCIA                   ;METROPOLITANA;84980;2;1;0;0;0;2;1;84980;BATIDORA PEDESTAL RENANIA 5 LITROS;ELECTRODOMESTICOS
21441892;;M;38;CHILENO;;Extranjero;MACUL                         ;METROPOLITANA;157020;6;3;0;0;0;6;3;157020;Aspiradora Mi Robot Vacuum-Mop Essential;ELECTRODOMESTICOS
17546593;;F;31;CHILENO;;Millenial;"";"";15990;1;1;0;0;0;1;1;15990;Batidora Vertical Stick Mixer 2609;ELECTRODOMESTICOS
13073489;;F;46;CHILENO;;X;CORONEL                       ;BIO BIO;24990;1;1;0;0;0;1;1;24990;Licuadora Berry Blender Roja 1400 Vaso Vidrio;ELECTRODOMESTICOS
13769145;;F;43;CHILENO;;X;SAN ANTONIO                   ;VALPARAISO;291040;6;2;0;0;0;6;2;291040;Aspiradora VCC4190V3E/XZS Arrastre 2000Watts;ELECTRODOMESTICOS
15088273;Soltero;F;37;CHILENO;OPTICO;Millenial;PROVIDENCIA                   ;METROPOLITANA;34990;1;1;0;0;0;1;1;34990;Hervidor Electrico Tetera TH-6505RT 1,7Lts Rojo;ELECTRODOMESTICOS
11739946;;F;51;CHILENO;;X;RENCA                         ;METROPOLITANA;895440;6;6;3;3;329970;3;3;565470;Horno Electrico TH62I 60Lts;ELECTRODOMESTICOS
14436953;;M;50;CHILENO;;X;RENCA                         ;METROPOLITANA;499920;8;4;5;3;439950;3;1;59970;Licuadora L2000VNG 1,5Lts Vaso Vidrio;ELECTRODOMESTICOS
13510717;;F;43;CHILENO;;X;"";"";526950;5;3;2;1;359980;3;2;166970;Batidora Pedestal TH910PN 4,6Lts 1300Watts;ELECTRODOMESTICOS
9286312;;F;61;CHILENO;;Boomers;PUENTE ALTO                   ;METROPOLITANA;82970;3;1;0;0;0;3;1;82970;Licuadora Osterizer 4112/72 1,25Lts Vaso Vidrio;ELECTRODOMESTICOS
6853681;;F;68;CHILENO;;Boomers;ALTO HOSPICIO;TARAPACA;99990;1;1;0;0;0;1;1;99990;Horno Electrico TH62I 60Lts;ELECTRODOMESTICOS
8634432;;F;63;CHILENO;;Boomers;VALDIVIA                      ;LOS LAGOS;91060;2;1;0;0;0;2;1;91060;Horno Microondas Digital UT-CLASSY720 20Lts;ELECTRODOMESTICOS
9876260;Soltero;M;58;CHILENO;;Boomers;PROVIDENCIA                   ;METROPOLITANA;36990;1;1;0;0;0;1;1;36990;Aspiradora TH1407 Arrastre 1400Watts;ELECTRODOMESTICOS
13102280;Casado;M;46;CHILENO;INGENIERO COMERCIAL;X;PROVIDENCIA                   ;METROPOLITANA;29990;1;1;1;1;29990;0;0;0;Batidora de Mano y Pedestal 3612;ELECTRODOMESTICOS
12737265;;F;46;CHILENO;;X;TIRUA                         ;BIO BIO;21990;1;1;0;0;0;1;1;21990;Licuadora TH-320 Roja/Negro 1,5 Lts Vaso Vidrio;ELECTRODOMESTICOS
12147272;Casado;M;52;CHILENO;ANALISTA DE SISTEMAS;X;PROVIDENCIA                   ;METROPOLITANA;17990;1;1;0;0;0;1;1;17990;PLANCHA A VAPOR 6003 BASE ANTIADHERENTE 1600W;ELECTRODOMESTICOS
15119720;;M;42;CHILENO;;X;PROVIDENCIA                   ;METROPOLITANA;605350;4;2;0;0;0;4;2;605350;Batidora Vertical Minipimer UT-KLOT400P;ELECTRODOMESTICOS
15487339;;F;40;CHILENO;;X;CALBUCO                       ;LOS LAGOS;512909;9;6;0;0;0;9;6;512909;Tostador de PanTH-120R 2 Rebanadas Rojo;ELECTRODOMESTICOS
17594860;;F;31;CHILENO;;Millenial;PROVIDENCIA                   ;METROPOLITANA;164970;4;2;2;1;116980;2;1;47990;BATIDORA INMERSION S MIX 2616;ELECTRODOMESTICOS
19450718;;F;25;CHILENO;;Z;PROVIDENCIA                   ;METROPOLITANA;22990;1;1;0;0;0;1;1;22990;Licuadora Berry Blender Roja 1400 Vaso Vidrio;ELECTRODOMESTICOS
17332395;;F;32;CHILENO;;Millenial;RENCA                         ;METROPOLITANA;69990;1;1;0;0;0;1;1;69990;HORNO ELECTRICO MUNICH 60 LITROS;ELECTRODOMESTICOS
19356215;;M;25;CHILENO;;Z;ARICA                         ;ARICA Y PARINACOTA;74990;1;1;0;0;0;1;1;74990;Horno Electrico UT-BACKOFEN38 38Lts;ELECTRODOMESTICOS
11737733;;F;51;CHILENO;;X;"";"";635940;6;3;0;0;0;6;3;635940;Horno Electrico UT-BACKOFEN60 60Lts;ELECTRODOMESTICOS
5845287;;F;76;CHILENO;;Silencioso;OSORNO                        ;LOS LAGOS;330463;4;4;0;0;0;4;4;330463;Hervidor Electrico TH-4212N 1,7Lts Negro;ELECTRODOMESTICOS
16562161;;F;35;CHILENO;;Millenial;NATALES                       ;MAGALLANES;29990;1;1;1;1;29990;0;0;0;Parrilla Electrica Chef Grill;ELECTRODOMESTICOS
8273220;;F;63;CHILENO;;Boomers;TALCAHUANO                    ;BIO BIO;37240;2;2;0;0;0;2;2;37240;Extractor de Jugo EX800 1,4Lts;ELECTRODOMESTICOS
6284360;;M;71;CHILENO;;Silencioso;ILLAPEL                       ;COQUIMBO;756120;7;7;0;0;0;7;7;756120;HERVIDOR BERLIN 1,7 LITROS;ELECTRODOMESTICOS
15406003;;F;39;CHILENO;;X;"";"";185900;8;3;6;2;175920;2;1;9980;ASPIRADORATURBO EXPERT 360;ELECTRODOMESTICOS
17066605;;M;34;CHILENO;;Millenial;N/D;N/D;127980;2;2;0;0;0;2;2;127980;LICUADORA HANOVER 1,5 LITROS;ELECTRODOMESTICOS
10710636;Soltero;F;53;CHILENO;;X;RENCA                         ;METROPOLITANA;23980;2;1;0;0;0;2;1;23980;Hervidor Electrico TH-4212N 1,7Lts Negro;ELECTRODOMESTICOS
14401278;;F;43;CHILENO;;X;RENCA                         ;METROPOLITANA;68690;3;2;1;1;49990;2;1;18700;Hervidor Electrico UT-KLAR20PW 2Lts Blanco;ELECTRODOMESTICOS
9117973;;F;61;CHILENO;;Boomers;CONSTITUCION                  ;MAULE;419810;5;4;0;0;0;5;4;419810;Horno Electrico TH-80i 80Lts;ELECTRODOMESTICOS
18518353;;M;28;CHILENO;;Millenial;PROVIDENCIA                   ;METROPOLITANA;129980;2;1;0;0;0;2;1;129980;Horno Electrico TH62I 60Lts;ELECTRODOMESTICOS
8069184;;F;66;CHILENO;;Boomers;"";"";861930;7;6;5;4;623950;2;2;237980;Horno Microondas Digital MS23K3513AK/ZS 23Lts;ELECTRODOMESTICOS
7199056;;F;67;CHILENO;;Boomers;EL BOSQUE                     ;METROPOLITANA;481750;9;4;0;0;0;9;4;481750;Licuadora Sport Blender BSE10;ELECTRODOMESTICOS
17992499;Casado;F;30;CHILENO;PROFESOR;Millenial;PROVIDENCIA                   ;METROPOLITANA;129990;1;1;1;1;129990;0;0;0;CAFETERA PRIMA LATTE 6603 ROJA;ELECTRODOMESTICOS
13407786;;F;44;CHILENO;;X;ANCUD                         ;LOS LAGOS;80980;2;2;0;0;0;2;2;80980;Cafetera TH-130;ELECTRODOMESTICOS
19866001;;F;23;CHILENO;;Z;PROVIDENCIA                   ;METROPOLITANA;16990;1;1;0;0;0;1;1;16990;HERVIDOR BERLIN 1,7 LITROS;ELECTRODOMESTICOS
8511054;;F;61;CHILENO;;Boomers;SAN JAVIER                    ;MAULE;464030;6;3;0;0;0;6;3;464030;Horno Electrico TH-25N01 25Lts;ELECTRODOMESTICOS
25567136;;M;32;PERUANO;;Extranjero;RECOLETA                      ;METROPOLITANA;21990;1;1;0;0;0;1;1;21990;Hervidor Electrico TH-4515N 2Lts Negro;ELECTRODOMESTICOS
18982235;Soltero;F;27;CHILENO;TECNICO DE NIVEL SUPERIOR EN ENFERMERIA;Z;"";"";109980;2;2;0;0;0;2;2;109980;Combo Licuadora + Batidora;ELECTRODOMESTICOS
9208193;Casado;M;57;CHILENO;TECNICO;Boomers;RENCA                         ;METROPOLITANA;14990;1;1;0;0;0;1;1;14990;Hervidor Electrico 3101 1,7Lts Negro;ELECTRODOMESTICOS
10633682;;M;53;CHILENO;;X;PANGUIPULLI                   ;LOS RIOS;1121411;9;7;0;0;0;9;7;1121411;CAFETERA PRIMA LATTE 6603 ROJA;ELECTRODOMESTICOS
9777980;;F;57;CHILENO;;Boomers;SAN RAMON                     ;METROPOLITANA;24990;1;1;0;0;0;1;1;24990;Cafetera TH-138i;ELECTRODOMESTICOS
10599741;;F;53;CHILENO;;X;MELIPILLA                     ;METROPOLITANA;49990;1;1;0;0;0;1;1;49990;Licuadora L-25000NG;ELECTRODOMESTICOS
7953613;;M;65;CHILENO;;Boomers;CALERA                        ;VALPARAISO;154640;3;3;0;0;0;3;3;154640;ASPIRADORA THOMAS TH-1640;ELECTRODOMESTICOS
7908079;;F;65;CHILENO;;Boomers;LOS ANDES                     ;VALPARAISO;89810;5;4;0;0;0;5;4;89810;Plancha THOMAS TH-7170 2200Watts Base Ceramica;ELECTRODOMESTICOS
15705251;;F;38;CHILENO;;Millenial;N/D;N/D;16990;1;1;0;0;0;1;1;16990;Exprimidor Fauna 500 cc;ELECTRODOMESTICOS
10463385;;F;50;CHILENO;;X;N/D;N/D;1465840;17;10;0;0;0;17;10;1465840;Tostador de PanTH-120R 2 Rebanadas Rojo;ELECTRODOMESTICOS
18196453;;F;30;CHILENO;;Millenial;N/D;N/D;87980;2;2;0;0;0;2;2;87980;Horno Electrico TH-48N 48Lts;ELECTRODOMESTICOS
17897718;;F;31;CHILENO;;Millenial;HUALQUI;BIO-BIO;51980;2;1;2;1;51980;0;0;0;Aspiradora Handy Clean Black 1400;ELECTRODOMESTICOS
13667691;;F;42;CHILENO;;X;ISLA DE MAIPO                 ;METROPOLITANA;15990;1;1;0;0;0;1;1;15990;Cafetera TH-130;ELECTRODOMESTICOS
10104970;;F;57;CHILENO;;Boomers;LINARES                       ;MAULE;235972;3;4;0;0;0;3;4;235972;Horno Electrico TH62I 60Lts;ELECTRODOMESTICOS
12118523;;F;53;CHILENO;;X;TOCOPILLA                     ;ANTOFAGASTA;617948;5;3;0;0;0;5;3;617948;Horno Microondas Digital MS23K3513AK/ZS 23Lts;ELECTRODOMESTICOS
12704319;;M;48;CHILENO;;X;LOTA                          ;BIO BIO;493471;9;6;0;0;0;9;6;493471;Licuadora L2000VNG 1,5Lts Vaso Vidrio;ELECTRODOMESTICOS
6748027;;F;71;CHILENO;;Silencioso;RENCA                         ;METROPOLITANA;52230;3;2;0;0;0;3;2;52230;PICADORA 123 SILHQUETTE;ELECTRODOMESTICOS
7810060;;F;63;CHILENO;;Boomers;PROVIDENCIA                   ;METROPOLITANA;49990;1;1;0;0;0;1;1;49990;Horno Electrico UT-BACKOFEN26 26Lts;ELECTRODOMESTICOS
7121667;;F;65;CHILENO;;Boomers;"";"";277390;3;2;0;0;0;3;2;277390;Combo Licuadora + Batidora;ELECTRODOMESTICOS
11318732;;F;53;CHILENO;;X;PUERTO MONTT                  ;LOS LAGOS;59990;1;1;0;0;0;1;1;59990;Aspiradora VCC4190V3E/XZS Arrastre 2000Watts;ELECTRODOMESTICOS
18681467;;M;28;CHILENO;;Millenial;CURICO                        ;MAULE;12990;1;1;0;0;0;1;1;12990;Hervidor Electrico TH-4212N 1,7Lts Negro;ELECTRODOMESTICOS
15733893;Soltero;M;38;CHILENO;;X;"";"";49990;1;1;0;0;0;1;1;49990;Horno Microondas Mecanico Easy Wave 20Lts;ELECTRODOMESTICOS
9016262;;M;61;CHILENO;;Boomers;NUEVA IMPERIAL                ;ARAUCANIA;1151950;5;4;0;0;0;5;4;1151950;Licuadora Berry Blender Roja 1400 Vaso Vidrio;ELECTRODOMESTICOS
11369963;;F;53;CHILENO;;X;RENCA                         ;METROPOLITANA;11990;1;1;0;0;0;1;1;11990;Hervidor Inox One Midea;ELECTRODOMESTICOS
10117867;;F;58;CHILENO;;Boomers;MONTE PATRIA                  ;COQUIMBO;12593;1;1;0;0;0;1;1;12593;Hervidor Electrico UT-KLAR20PW 2Lts Blanco;ELECTRODOMESTICOS
13401564;;F;44;CHILENO;;Millenial;N/D;N/D;49990;1;1;0;0;0;1;1;49990;Licuadora Oster Clasica Azul 4134 1,25 lt;ELECTRODOMESTICOS
15036753;;M;39;CHILENO;;X;ILLAPEL                       ;COQUIMBO;152980;2;2;0;0;0;2;2;152980;Hervidor Electrico TH-4212N 1,7Lts Negro;ELECTRODOMESTICOS
11450618;;M;53;CHILENO;;X;N/D;N/D;460960;4;3;0;0;0;4;3;460960;FREIDORA DE AIRE HESSIA 2,0 LITROS;ELECTRODOMESTICOS
11343818;;F;54;CHILENO;;X;N/D;N/D;19990;1;1;0;0;0;1;1;19990;Hervidor Electrico UT-DUNKEL17P 2Lts Negro;ELECTRODOMESTICOS
10446351;;M;56;CHILENO;;Boomers;EMPEDRADO                     ;MAULE;212583;2;2;0;0;0;2;2;212583;HERVIDOR BERLIN 1,7 LITROS;ELECTRODOMESTICOS
13422235;;F;44;CHILENO;;X;RENCA                         ;METROPOLITANA;99980;2;1;0;0;0;2;1;99980;HORNO ELECTRICO DORTMUND 45 LITROS;ELECTRODOMESTICOS
15370773;;M;39;CHILENO;;X;PROVIDENCIA                   ;METROPOLITANA;344460;4;2;4;2;344460;0;0;0;Horno Electrico UT-BACKOFEN60 60Lts;ELECTRODOMESTICOS
27412009;;M;30;CHILENO;;Extranjero;N/D;N/D;1051950;5;2;5;2;1051950;0;0;0;SUPER FREIDORA DE AIRE OV3;ELECTRODOMESTICOS
10214847;;M;58;CHILENO;;Boomers;PUENTE ALTO                   ;METROPOLITANA;790890;11;7;0;0;0;11;7;790890;Horno Microondas Digital L UT-25KROMM 25Lts;ELECTRODOMESTICOS
13663426;Soltero;F;45;CHILENO;;X;RENCA                         ;METROPOLITANA;162970;3;2;2;1;146980;1;1;15990;Robot aspirador Roomba 675;ELECTRODOMESTICOS
17597829;;M;32;CHILENO;;Millenial;PUDAHUEL                      ;METROPOLITANA;294960;4;3;0;0;0;4;3;294960;Horno Microondas Digital TH20DM 20Lts Espejado;ELECTRODOMESTICOS
11802920;;F;53;CHILENO;;X;RENCA                         ;METROPOLITANA;12990;1;1;0;0;0;1;1;12990;Batidora Vertical Stick Mixer 2609;ELECTRODOMESTICOS
18587777;Soltero;F;28;CHILENO;;Millenial;"";"";21990;1;1;0;0;0;1;1;21990;Hervidor Electrico TH-4515N 2Lts Negro;ELECTRODOMESTICOS
16552678;;M;35;CHILENO;;Millenial;N/D;N/D;231970;3;3;0;0;0;3;3;231970;HORNO ELECTRICO 16N01 16LTS NEGRO;ELECTRODOMESTICOS
11773875;;F;50;CHILENO;;X;CHILLAN VIEJO                 ;BIO BIO;579970;3;3;0;0;0;3;3;579970;Horno Electrico UT-BACKOFEN60 60Lts;ELECTRODOMESTICOS
9627609;;M;60;CHILENO;;Boomers;CANETE                        ;BIO BIO;378950;5;3;0;0;0;5;3;378950;Hervidor Electrico TH-4515N 2Lts Negro;ELECTRODOMESTICOS
18955406;;F;27;CHILENO;;Z;QUILPUE;VALPARAISO;69980;3;1;0;0;0;3;1;69980;FREIDORA DE AIRE BAVIERA 3,8 LITROS;ELECTRODOMESTICOS
10172739;;M;52;CHILENO;;X;LO ESPEJO                     ;METROPOLITANA;22990;1;1;0;0;0;1;1;22990;HERVIDOR ELECTRICO UT-STARK18;ELECTRODOMESTICOS
18366366;;M;29;CHILENO;;Millenial;PUENTE ALTO                   ;METROPOLITANA;16990;1;1;0;0;0;1;1;16990;HERVIDOR TH-4340;ELECTRODOMESTICOS
9464543;;F;60;CHILENO;;Boomers;ANCUD                         ;LOS LAGOS;99990;1;1;0;0;0;1;1;99990;Horno Electrico TH62I 60Lts;ELECTRODOMESTICOS
24242766;;F;33;DOMINICANO;;Extranjero;SAN BERNARDO                  ;METROPOLITANA;109970;3;1;0;0;0;3;1;109970;FREIDORA DE AIRE BAVIERA 3,8 LITROS;ELECTRODOMESTICOS
11442657;;M;52;CHILENO;;X;EMPEDRADO                     ;MAULE;294970;3;2;0;0;0;3;2;294970;Plancha TH-7052 2000Watts Base Inox;ELECTRODOMESTICOS
8360487;Casado;F;65;CHILENO;;Boomers;RENCA                         ;METROPOLITANA;23990;1;1;0;0;0;1;1;23990;Licuadora Berry Blender Roja 1400 Vaso Vidrio;ELECTRODOMESTICOS
6851820;;F;76;CHILENO;;Silencioso;TALCA                         ;MAULE;47270;4;3;0;0;0;4;3;47270;Hervidor Inox One Midea;ELECTRODOMESTICOS
19614533;;F;26;CHILENO;;Z;SAN ESTEBAN                   ;VALPARAISO;42382;2;2;0;0;0;2;2;42382;Licuadora L2000VNG 1,5Lts Vaso Vidrio;ELECTRODOMESTICOS
10167367;;M;57;CHILENO;;Boomers;N/D;N/D;34230;3;2;0;0;0;3;2;34230;Plancha Easy Steam (PV4500);ELECTRODOMESTICOS
15957032;;F;37;CHILENO;;Millenial;"";"";29990;1;1;0;0;0;1;1;29990;Licuadora L2000VNG 1,5Lts Vaso Vidrio;ELECTRODOMESTICOS
19641473;;F;24;CHILENO;;Z;OSORNO                        ;LOS LAGOS;461760;7;4;0;0;0;7;4;461760;Combo Hervidor + Tostador + Sandwichera;ELECTRODOMESTICOS
20775531;;F;21;CHILENO;;Z;PROVIDENCIA                   ;METROPOLITANA;60980;2;1;0;0;0;2;1;60980;Licuadora TH-501V 1,5Lts Vaso Vidrio;ELECTRODOMESTICOS
12772132;;M;47;CHILENO;;X;PROVIDENCIA                   ;METROPOLITANA;25990;1;1;0;0;0;1;1;25990;Licuadora Berry Blender Roja 1400 Vaso Vidrio;ELECTRODOMESTICOS
18786073;;F;27;CHILENO;;Z;SAN VICENTE                   ;L.G.B.OÂ´HIGGINS;248930;7;4;0;0;0;7;4;248930;Tostador de Pan TH-126 4 Rebanadas Negro;ELECTRODOMESTICOS
8329268;;F;63;CHILENO;;Boomers;OVALLE                        ;COQUIMBO;112980;2;1;0;0;0;2;1;112980;Horno Electrico TH62I 60Lts;ELECTRODOMESTICOS
15210678;Casado;M;40;CHILENO;;X;PROVIDENCIA                   ;METROPOLITANA;260501;7;5;2;1;104540;5;4;155961;Hervidor Electrico UT-KLAR20PW 2Lts Blanco;ELECTRODOMESTICOS
17840172;;M;30;CHILENO;;Millenial;RENCA                         ;METROPOLITANA;63980;2;1;2;1;63980;0;0;0;Olla Multiuso TH-40PC 0,5Lts;ELECTRODOMESTICOS
13885421;;M;42;CHILENO;;X;COLINA                        ;METROPOLITANA;276940;6;4;2;1;159980;4;3;116960;Aspiradora AP1700 Arrastre 1700Watts;ELECTRODOMESTICOS
12952595;;M;46;CHILENO;;X;SAN JOSE DE MAIPO;METROPOLITANA;574920;8;4;6;3;548940;2;1;25980;Batidora Manual UT-TEKLA300;ELECTRODOMESTICOS
8878065;;F;57;CHILENO;;Boomers;MAIPU                         ;METROPOLITANA;10990;1;1;1;1;10990;0;0;0;Hervidor Inox One Midea;ELECTRODOMESTICOS
10583538;;M;54;CHILENO;;X;MOSTAZAL                      ;L.G.B.OÂ´HIGGINS;306960;4;2;0;0;0;4;2;306960;Horno Electrico UT-BACKOFEN48 48Lts;ELECTRODOMESTICOS
26231605;;M;35;EXTRANJERO - NO INFORMA NACIONALIDAD;;Extranjero;MELIPILLA                     ;METROPOLITANA;-105000;0;3;-2;1;-134980;2;2;29980;Licuadora Berry Blender Roja 1400 Vaso Vidrio;ELECTRODOMESTICOS
15501803;;M;39;CHILENO;;X;PROVIDENCIA                   ;METROPOLITANA;49990;1;1;0;0;0;1;1;49990;Horno Microondas Mecanico Easy Wave 20Lts;ELECTRODOMESTICOS
18219217;;F;29;CHILENO;;X;ALTO DEL CARMEN               ;ATACAMA;649980;2;2;0;0;0;2;2;649980;Horno Electrico TH-100i 100Lts;ELECTRODOMESTICOS
17113448;;F;33;CHILENO;;Millenial;OVALLE                        ;COQUIMBO;909960;4;2;0;0;0;4;2;909960;Horno Electrico TH62I 60Lts;ELECTRODOMESTICOS
5251801;;F;78;CHILENO;;Silencioso;SAN CARLOS                    ;NUBLE;797421;11;6;0;0;0;11;6;797421;Aspiradora Trapeadora Robot Ut-Excellenza (B);ELECTRODOMESTICOS
17290276;;M;32;CHILENO;;Millenial;N/D;N/D;19990;1;1;0;0;0;1;1;19990;Hervidor Family Kettle HE500;ELECTRODOMESTICOS
13571771;;F;42;CHILENO;;X;"";"";33980;2;2;0;0;0;2;2;33980;Hervidor Inox One Midea;ELECTRODOMESTICOS
10020692;;M;56;CHILENO;;Boomers;RENCA                         ;METROPOLITANA;44990;1;1;0;0;0;1;1;44990;HERVIDOR TETERA RELOJ 900R 2,5L ROJO;ELECTRODOMESTICOS
18224523;;F;29;CHILENO;;Millenial;LA LIGUA;VALPARAISO;1007920;12;5;3;2;409980;9;3;597940;Batidora Vertical Stick Mixer 2609;ELECTRODOMESTICOS
12310699;;F;50;CHILENO;;X;PROVIDENCIA                   ;METROPOLITANA;67980;2;2;0;0;0;2;2;67980;Licuadora TH-501V 1,5Lts Vaso Vidrio;ELECTRODOMESTICOS
14350231;;F;43;CHILENO;;X;LOS ANGELES                   ;BIO BIO;247020;8;3;0;0;0;8;3;247020;TOSTADOR OLDEMBURGO 2 REBANADAS;ELECTRODOMESTICOS
19009641;;F;27;CHILENO;;Z;N/D;N/D;49990;1;1;0;0;0;1;1;49990;Horno Microondas Digital TH-20S01 20Lts;ELECTRODOMESTICOS
15287394;;F;40;CHILENO;;X;CALBUCO                       ;LOS LAGOS;171530;3;2;2;1;158540;1;1;12990;HERVIDOR COLONIA 1,7 LITROS;ELECTRODOMESTICOS
15343439;;M;38;CHILENO;;Silencioso;PROVIDENCIA                   ;METROPOLITANA;28980;2;1;2;1;28980;0;0;0;HORNO 10 LITROS OSTER ROJO;ELECTRODOMESTICOS
19650959;;M;24;CHILENO;;Z;PROVIDENCIA                   ;METROPOLITANA;399990;1;3;0;0;0;1;3;399990;Aspiradora Tambor APA1000 1000Watts;ELECTRODOMESTICOS
13691293;;F;43;CHILENO;;X;"";"";18990;1;1;0;0;0;1;1;18990;Batidora Manual TH-8830;ELECTRODOMESTICOS
23774648;;F;57;BOLIVIANO;;Extranjero;IQUIQUE                       ;TARAPACA;274930;7;5;0;0;0;7;5;274930;CAFETERA PRIMA LATTE 6603 ROJA;ELECTRODOMESTICOS
9760862;;F;57;CHILENO;;Boomers;N/D;N/D;484810;6;2;0;0;0;6;2;484810;HORNO ELECTRICO MUNICH 60 LITROS;ELECTRODOMESTICOS
25920860;;M;23;BOLIVIANO;;Extranjero;PROVIDENCIA                   ;METROPOLITANA;138970;3;2;2;1;53980;1;1;84990;Horno Electrico TH-48N 48Lts;ELECTRODOMESTICOS
13160431;;F;47;CHILENO;;X;PROVIDENCIA                   ;METROPOLITANA;17990;1;1;0;0;0;1;1;17990;Hervidor Family Kettle HE500;ELECTRODOMESTICOS
19283614;;F;26;CHILENO;;Z;"";"";12990;1;1;0;0;0;1;1;12990;HERVIDOR BERLIN 1,7 LITROS;ELECTRODOMESTICOS
18087032;;F;30;CHILENO;;Millenial;PAINE                         ;METROPOLITANA;144970;3;3;0;0;0;3;3;144970;Hervidor Electrico UT-MANLY17 1,7Lts Negro;ELECTRODOMESTICOS
19888204;;F;23;CHILENO;;Z;PROVIDENCIA                   ;METROPOLITANA;61980;2;2;2;2;61980;0;0;0;FREIDORA DE AIRE HESSIA 2,0 LITROS;ELECTRODOMESTICOS
11275728;;M;54;CHILENO;;X;PAINE                         ;METROPOLITANA;46980;2;1;0;0;0;2;1;46980;Freidora de Aire 18M Oster;ELECTRODOMESTICOS
6578595;;F;70;CHILENO;;Silencioso;ARICA                         ;ARICA Y PARINACOTA;403950;4;3;0;0;0;4;3;403950;Batidora Pedestal TH910PN 4,6Lts 1300Watts;ELECTRODOMESTICOS
14042290;;M;40;CHILENO;;X;CASTRO                        ;LOS LAGOS;572930;7;4;0;0;0;7;4;572930;Aspiradora UT-SILENT1804 Arrastre 1800Watts;ELECTRODOMESTICOS
15513643;;M;38;CHILENO;;X;ANGOL                         ;ARAUCANIA;19990;1;1;0;0;0;1;1;19990;Hervidor Electrico UT-KLAR20PW 2Lts Blanco;ELECTRODOMESTICOS
9371711;;F;60;CHILENO;;Boomers;"";"";920920;8;4;0;0;0;8;4;920920;Batidora de Mano y Pedestal 3612;ELECTRODOMESTICOS
11492490;;M;52;CHILENO;;X;PICHIDEGUA                    ;L.G.B.OÂ´HIGGINS;646353;7;5;0;0;0;7;5;646353;FREIDORA DE AIRE BAVIERA 3,8 LITROS;ELECTRODOMESTICOS
18355183;;F;29;CHILENO;;Millenial;LO ESPEJO                     ;METROPOLITANA;120980;2;2;0;0;0;2;2;120980;Hervidor Inox One Midea;ELECTRODOMESTICOS
14456379;;M;46;CHILENO;;X;RENCA                         ;METROPOLITANA;134970;3;1;0;0;0;3;1;134970;PROCESADOR DE ALIMENTOS UT-PROCESSOR750;ELECTRODOMESTICOS
14443620;;M;43;CHILENO;;X;CALAMA;ANTOFAGASTA;79980;2;1;0;0;0;2;1;79980;HERVIDOR TETERA RELOJ 900R 2,5L ROJO;ELECTRODOMESTICOS
5628253;;F;78;CHILENO;;Silencioso;CURICO                        ;MAULE;49990;1;1;0;0;0;1;1;49990;PROCESADOR THOMAS TH-9160;ELECTRODOMESTICOS
14014343;;F;40;CHILENO;;X;RANCAGUA                      ;L.G.B.OÂ´HIGGINS;180001;3;3;0;0;0;3;3;180001;Horno Electrico UT-BACKOFEN38 38Lts;ELECTRODOMESTICOS
16675700;;F;34;CHILENO;;Millenial;QUILLECO                      ;BIO BIO;119980;2;1;0;0;0;2;1;119980;Horno Microondas Mecanico UT-SYDNEY18 18Lts;ELECTRODOMESTICOS
16638983;;F;35;CHILENO;;Millenial;COLINA;METROPOLITANA;93980;2;1;2;1;93980;0;0;0;MAQ. COSER K 408A;ELECTRODOMESTICOS
19400126;;M;25;CHILENO;;Z;PROVIDENCIA                   ;METROPOLITANA;628910;9;7;4;2;474960;5;5;153950;Horno Microondas Mecanico UT-SYDNEY18 18Lts;ELECTRODOMESTICOS
19295895;;M;26;CHILENO;;Z;PROVIDENCIA                   ;METROPOLITANA;13990;1;1;0;0;0;1;1;13990;Batidora Vertical Stick Mixer 2609;ELECTRODOMESTICOS
18177451;Soltero;M;29;CHILENO;;Millenial;PELLUHUE                      ;MAULE;117942;4;1;0;0;0;4;1;117942;Horno electrico Black Oven 42lts;ELECTRODOMESTICOS
20527407;;F;22;CHILENO;;Z;PROVIDENCIA                   ;METROPOLITANA;15990;1;1;1;1;15990;0;0;0;Hervidor Electrico HA-3300 2,5Lts Blanco;ELECTRODOMESTICOS
18958144;;M;27;CHILENO;;Z;N/D;N/D;49990;1;1;0;0;0;1;1;49990;BATIDORA PEDESTAL RENANIA 5 LITROS;ELECTRODOMESTICOS
16447944;;M;35;CHILENO;;Millenial;N/D;N/D;1001480;8;5;4;2;293520;4;3;707960;Hervidor Electrico Tetera UT-LECKER18R 1,8Lts;ELECTRODOMESTICOS
11928564;;F;50;CHILENO;;X;ANCUD                         ;LOS LAGOS;15990;1;1;0;0;0;1;1;15990;Hervidor Electrico Tetera UT-LECKER18R 1,8Lts;ELECTRODOMESTICOS
17513276;;M;32;CHILENO;;Millenial;PANGUIPULLI                   ;LOS LAGOS;654961;4;4;0;0;0;4;4;654961;FREIDORA DE AIRE THOMAS TH-AF60Mi;ELECTRODOMESTICOS
16455001;;M;35;CHILENO;;Silencioso;PROVIDENCIA                   ;METROPOLITANA;51980;2;2;0;0;0;2;2;51980;Hervidor Inox One Midea;ELECTRODOMESTICOS
9906264;;M;56;CHILENO;;Boomers;LO ESPEJO                     ;METROPOLITANA;261860;5;2;0;0;0;5;2;261860;Maquina de coser Singer 024;ELECTRODOMESTICOS
15566906;;M;38;CHILENO;;Millenial;PROVIDENCIA                   ;METROPOLITANA;158960;4;4;0;0;0;4;4;158960;Licuadora TH-320 Roja/Negro 1,5 Lts Vaso Vidrio;ELECTRODOMESTICOS
16994738;;F;34;CHILENO;;Millenial;VILCUN                        ;ARAUCANIA;192960;4;4;3;3;122970;1;1;69990;HORNO ELECTRICO MUNICH 60 LITROS;ELECTRODOMESTICOS
13249478;;F;45;CHILENO;;X;CHIGUAYANTE                   ;BIO BIO;142200;7;4;0;0;0;7;4;142200;Freidora de Aire 18M Oster;ELECTRODOMESTICOS
14033927;;F;44;CHILENO;;X;TIRUA                         ;BIO BIO;182950;5;4;0;0;0;5;4;182950;HERVIDOR BERLIN 1,7 LITROS;ELECTRODOMESTICOS
16835364;;M;33;CHILENO;;Millenial;SAN VICENTE                   ;L.G.B.OÂ´HIGGINS;351890;13;6;0;0;0;13;6;351890;Hervidor Electrico Tetera TH-6505RT 1,7Lts Rojo;ELECTRODOMESTICOS
14378582;;F;42;CHILENO;;X;RENCA                         ;METROPOLITANA;41990;1;1;0;0;0;1;1;41990;LICUADORA CROMADA CON TECLAS PLUS;ELECTRODOMESTICOS
17854592;Soltero;F;30;CHILENO;;Millenial;PROVIDENCIA                   ;METROPOLITANA;17990;1;1;0;0;0;1;1;17990;Hervidor Family Kettle HE500;ELECTRODOMESTICOS
19632362;;F;25;CHILENO;;Z;PROVIDENCIA                   ;METROPOLITANA;34980;2;2;0;0;0;2;2;34980;Hervidor Electrico UT-KLAR20PW 2Lts Blanco;ELECTRODOMESTICOS
7975059;Casado;M;64;CHILENO;;Boomers;PROVIDENCIA                   ;METROPOLITANA;12240;2;1;0;0;0;2;1;12240;Hervidor Inox One Midea;ELECTRODOMESTICOS
12353963;;M;49;CHILENO;;X;LA FLORIDA                    ;METROPOLITANA;16990;1;1;0;0;0;1;1;16990;HERVIDOR BERLIN 1,7 LITROS;ELECTRODOMESTICOS
18983739;;M;26;CHILENO;;Z;PROVIDENCIA                   ;METROPOLITANA;15990;1;1;0;0;0;1;1;15990;Plancha Easy Steam (PV4500);ELECTRODOMESTICOS
16228970;;M;37;CHILENO;;Millenial;"";"";12990;1;1;0;0;0;1;1;12990;Hervidor Electrico TH-4212N 1,7Lts Negro;ELECTRODOMESTICOS
6782846;;F;69;CHILENO;;Silencioso;PROVIDENCIA                   ;METROPOLITANA;29990;1;2;0;0;0;1;2;29990;Tostador de Pan TH-126 4 Rebanadas Negro;ELECTRODOMESTICOS
15121554;;F;41;CHILENO;;X;N/D;N/D;648960;4;2;0;0;0;4;2;648960;HORNO ELECTRICO HE-600IN INOX SINDELEN;ELECTRODOMESTICOS
7420651;;F;65;CHILENO;;Boomers;ISLA DE MAIPO                 ;METROPOLITANA;88950;5;4;0;0;0;5;4;88950;Hervidor Electrico TH-4515N 2Lts Negro;ELECTRODOMESTICOS
8435572;;F;65;CHILENO;;Boomers;ANTOFAGASTA                   ;ANTOFAGASTA;164970;3;2;0;0;0;3;2;164970;HERVIDOR TETERA RELOJ 900R 2,5L ROJO;ELECTRODOMESTICOS
6935959;;M;68;CHILENO;;Boomers;LLAILLAY                      ;VALPARAISO;74990;1;1;0;0;0;1;1;74990;Horno Electrico TH-38N 38Lts;ELECTRODOMESTICOS
12019412;;F;56;CHILENO;;Boomers;PROVIDENCIA                   ;METROPOLITANA;24980;2;1;0;0;0;2;1;24980;Sandwichera TH-952 2 Panes Blanca;ELECTRODOMESTICOS
9678348;;F;58;CHILENO;;Boomers;MAIPU                         ;METROPOLITANA;107570;4;2;0;0;0;4;2;107570;Batidora Vertical Stick Mixer 2609;ELECTRODOMESTICOS
14379041;;M;44;CHILENO;;X;ILLAPEL                       ;COQUIMBO;316970;3;4;0;0;0;3;4;316970;Hervidor Electrico TH-5407i 2Lts;ELECTRODOMESTICOS
15893445;;F;37;CHILENO;;Millenial;N/D;N/D;67980;3;2;0;0;0;3;2;67980;Batidora Vertical Stick Mixer 2609;ELECTRODOMESTICOS
12347294;;F;48;CHILENO;;X;TOCOPILLA                     ;ANTOFAGASTA;2572100;26;14;8;2;1204280;18;12;1367820;Licuadora Oster Clasica Azul 4134 1,25 lt;ELECTRODOMESTICOS
9179554;;F;58;CHILENO;;Boomers;RENCA                         ;METROPOLITANA;49990;1;1;0;0;0;1;1;49990;Aspiradora UT-SILENT1603 Arrastre 1600Watts;ELECTRODOMESTICOS
12603727;;F;47;CHILENO;;X;VILLA ALEMANA                 ;VALPARAISO;64990;1;1;0;0;0;1;1;64990;ASPIRADORA VCC4580V3K/XZS SAMSUNG BLACK;ELECTRODOMESTICOS
15532645;;M;39;CHILENO;;X;"";"";25982;2;1;0;0;0;2;1;25982;Hervidor Electrico UT-KLAR20PW 2Lts Blanco;ELECTRODOMESTICOS
23941404;;F;45;PERUANO;;Extranjero;ARICA                         ;ARICA Y PARINACOTA;80980;2;2;0;0;0;2;2;80980;Licuadora L2000VNG 1,5Lts Vaso Vidrio;ELECTRODOMESTICOS
14341768;;F;45;CHILENO;;X;PROVIDENCIA                   ;METROPOLITANA;24990;1;1;0;0;0;1;1;24990;Plancha UT-PLATTEISEN 2000Watts Base Ceramica;ELECTRODOMESTICOS
26382262;;M;37;VENEZOLANO;;Extranjero;N/D;N/D;553960;4;2;0;0;0;4;2;553960;Batidora Manual UT-TEKLA300;ELECTRODOMESTICOS
25948369;;M;24;COLOMBIANO;;Extranjero;CALAMA                        ;ANTOFAGASTA;69990;3;1;0;0;0;3;1;69990;FREIDORA DE AIRE BAVIERA 3,8 LITROS;ELECTRODOMESTICOS
17984253;;M;31;CHILENO;;Millenial;RENCA                         ;METROPOLITANA;268960;4;6;0;0;0;4;6;268960;Horno Microondas Mecanico Fancy 20Lts;ELECTRODOMESTICOS
4561356;;M;81;CHILENO;;Silencioso;PUERTO MONTT                  ;LOS LAGOS;19990;1;1;0;0;0;1;1;19990;PLANCHA VAPOR TH-7146;ELECTRODOMESTICOS
13203558;;F;45;CHILENO;;X;SANTA CRUZ                    ;L.G.B.OÂ´HIGGINS;210930;7;7;0;0;0;7;7;210930;Licuadora Oster Clasica Azul 4134 1,25 lt;ELECTRODOMESTICOS
18655179;Soltero;M;27;CHILENO;KINESIOLOGO;Silencioso;PROVIDENCIA                   ;METROPOLITANA;10990;1;1;1;1;10990;0;0;0;Hervidor Inox One Midea;ELECTRODOMESTICOS
19185502;Soltero;M;26;CHILENO;INGENIERO EN SONIDO;Z;PROVIDENCIA                   ;METROPOLITANA;38980;2;1;2;1;38980;0;0;0;Hervidor Termo BA-6928 Rojo 2,8Lts;ELECTRODOMESTICOS
18931876;Soltero;M;28;CHILENO;;Silencioso;PROVIDENCIA                   ;METROPOLITANA;53980;2;1;2;1;53980;0;0;0;Horno Microondas Digital TH-20S01 20Lts;ELECTRODOMESTICOS
9029496;;F;58;CHILENO;;Silencioso;ARICA                         ;ARICA Y PARINACOTA;8393;1;1;0;0;0;1;1;8393;Plancha a Vapor 5001;ELECTRODOMESTICOS
14045777;;M;40;CHILENO;;Millenial;"";"";31980;2;1;2;1;31980;0;0;0;Hervidor Breakfast Kettle gris (HE1300) 1,7Lts;ELECTRODOMESTICOS
17120367;Soltero;M;33;CHILENO;PERIODISTA;Millenial;PROVIDENCIA                   ;METROPOLITANA;57980;2;1;2;1;57980;0;0;0;Horno Microondas Digital TH-20S01 20Lts;ELECTRODOMESTICOS
6441580;;M;70;CHILENO;;Silencioso;SAN BERNARDO                  ;METROPOLITANA;187806;6;4;0;0;0;6;4;187806;Hervidor Inox One Midea;ELECTRODOMESTICOS
14341827;Divorciado;M;45;CHILENO;INGENIERO CIVIL;X;RENCA                         ;METROPOLITANA;129980;2;2;0;0;0;2;2;129980;Aspiradora UT-SILENT1804 Arrastre 1800Watts;ELECTRODOMESTICOS
10999834;;F;52;CHILENO;;X;EL MONTE                      ;METROPOLITANA;16990;1;1;0;0;0;1;1;16990;Hervidor Family Kettle HE500;ELECTRODOMESTICOS
25011442;;M;38;HAITIANO;;Extranjero;N/D;N/D;3485510;22;14;0;0;0;22;14;3485510;Horno Microondas Mecanico M-2020NG 20Lts;ELECTRODOMESTICOS
15598509;;M;38;CHILENO;;Millenial;TALCA                         ;MAULE;305150;4;3;0;0;0;4;3;305150;Hervidor Electrico TH-4212N 1,7Lts Negro;ELECTRODOMESTICOS
15389679;;M;38;CHILENO;;X;N/D;N/D;56980;2;1;0;0;0;2;1;56980;Horno Microondas Mecanico Easy Wave 20Lts;ELECTRODOMESTICOS
13104361;;F;45;CHILENO;;X;PROVIDENCIA                   ;METROPOLITANA;89990;1;3;0;0;0;1;3;89990;Aspiradora Trapeadora Robot Ut-Excellenza (B);ELECTRODOMESTICOS
12364695;;M;49;CHILENO;;X;MARIA PINTO                   ;METROPOLITANA;364980;2;4;0;0;0;2;4;364980;Horno electrico Black Oven 42lts;ELECTRODOMESTICOS
12723692;Casado;F;47;CHILENO;PSICOLOGO;X;RENCA                         ;METROPOLITANA;44980;2;2;0;0;0;2;2;44980;Hervidor Electrico TH-5407i 2Lts;ELECTRODOMESTICOS
11375609;;M;53;CHILENO;;X;PAINE                         ;METROPOLITANA;1249911;9;9;0;0;0;9;9;1249911;Horno Microondas Digital TH-25DM 25Lts;ELECTRODOMESTICOS
18181476;;F;29;CHILENO;;Millenial;N/D;N/D;97980;2;2;0;0;0;2;2;97980;Horno Microondas Digital TH-20S01 20Lts;ELECTRODOMESTICOS
10550321;;M;57;CHILENO;;Boomers;SAN ANTONIO                   ;VALPARAISO;1209920;9;6;0;0;0;9;6;1209920;HERVIDOR COLONIA 1,7 LITROS;ELECTRODOMESTICOS
5370871;;F;79;CHILENO;;Silencioso;RENCA                         ;METROPOLITANA;64990;1;1;0;0;0;1;1;64990;Aspiradora TH1870 Arrastre 1800Watts Gris;ELECTRODOMESTICOS
17163890;;F;33;CHILENO;;Millenial;LOS ANDES                     ;VALPARAISO;396930;7;7;6;6;346940;1;1;49990;Horno Microondas Mecanico Fancy 20Lts;ELECTRODOMESTICOS
12175812;;F;50;CHILENO;;X;LA PINTANA                    ;METROPOLITANA;31980;2;1;0;0;0;2;1;31980;Batidora Manual TH-8830;ELECTRODOMESTICOS
8117415;;M;60;CHILENO;;Boomers;PANGUIPULLI                   ;LOS LAGOS;171980;2;2;0;0;0;2;2;171980;Plancha TH-7052 2000Watts Base Inox;ELECTRODOMESTICOS
15239346;;F;40;CHILENO;;X;"";"";112970;5;3;0;0;0;5;3;112970;Licuadora L2000VNG 1,5Lts Vaso Vidrio;ELECTRODOMESTICOS
7399051;Casado;M;66;CHILENO;;Boomers;SAN VICENTE                   ;L.G.B.OÂ´HIGGINS;119990;1;1;0;0;0;1;1;119990;Horno Electrico TH62I 60Lts;ELECTRODOMESTICOS
20539921;;F;21;CHILENO;;Z;PROVIDENCIA                   ;METROPOLITANA;49990;1;1;1;1;49990;0;0;0;Horno Microondas Digital TH-20S01 20Lts;ELECTRODOMESTICOS
12433764;;F;50;CHILENO;;X;PUERTO MONTT                  ;LOS LAGOS;500940;6;4;2;1;144980;4;3;355960;PLANCHA A VAPOR 4070 SUELA CERAMICA 2500W;ELECTRODOMESTICOS
3726264;;F;87;CHILENO;;Silencioso;CAUQUENES                     ;MAULE;301560;3;2;0;0;0;3;2;301560;Aspiradora TH1870 Arrastre 1800Watts Gris;ELECTRODOMESTICOS
8855360;Viudo;F;70;CHILENO;;Silencioso;TOCOPILLA                     ;ANTOFAGASTA;1585310;8;6;0;0;0;8;6;1585310;Horno Electrico TH-100i 100Lts;ELECTRODOMESTICOS
18186590;;M;30;CHILENO;;Millenial;CHILLAN                       ;NUBLE;416780;8;4;8;4;416780;0;0;0;Aspiradora Handy Clean Black 1400;ELECTRODOMESTICOS
7585494;;F;72;CHILENO;;Silencioso;TEMUCO                        ;ARAUCANIA;212960;4;3;3;2;208970;1;1;3990;Freidora electrica Ut-KeramikAir;ELECTRODOMESTICOS
9727756;;M;57;CHILENO;;Boomers;"";"";156670;2;1;0;0;0;2;1;156670;Maquina de coser Singer 1605;ELECTRODOMESTICOS
14393800;;F;43;CHILENO;;X;SAN CLEMENTE                  ;MAULE;250400;5;2;0;0;0;5;2;250400;Horno Microondas Mecanico TH-18B05 18Lts;ELECTRODOMESTICOS
8078717;;F;64;CHILENO;;Boomers;PUNTA ARENAS                  ;MAGALLANES;129990;1;1;0;0;0;1;1;129990;Maquina de coser Singer 1605;ELECTRODOMESTICOS
13139813;;F;45;CHILENO;;X;CONCEPCION                    ;BIO BIO;78980;2;1;0;0;0;2;1;78980;HORNO ELECTRICO DORTMUND 45 LITROS;ELECTRODOMESTICOS
7890380;;F;72;CHILENO;;Silencioso;COLINA                        ;METROPOLITANA;416350;9;7;0;0;0;9;7;416350;Horno Microondas Mecanico TH-18B05 18Lts;ELECTRODOMESTICOS
15125740;;F;39;CHILENO;;X;RANCAGUA                      ;L.G.B.OÂ´HIGGINS;194980;2;2;1;1;129990;1;1;64990;CAFETERA PRIMA LATTE 6603 ROJA;ELECTRODOMESTICOS
17609568;;M;32;CHILENO;;Millenial;PUENTE ALTO                   ;METROPOLITANA;109990;1;1;0;0;0;1;1;109990;Horno Electrico TH62I 60Lts;ELECTRODOMESTICOS
9126404;;F;61;CHILENO;;Boomers;PROVIDENCIA                   ;METROPOLITANA;83980;2;1;2;1;83980;0;0;0;Prensadora de Jugo en Frio Slow Juicer Pro;ELECTRODOMESTICOS
12659806;;F;48;CHILENO;;X;PROVIDENCIA                   ;METROPOLITANA;83980;2;1;2;1;83980;0;0;0;FREIDORA DE AIRE THOMAS TH-AF60Mi;ELECTRODOMESTICOS
24650281;;F;31;COLOMBIANO;;Extranjero;TOCOPILLA                     ;ANTOFAGASTA;74990;1;1;0;0;0;1;1;74990;Horno Electrico TH-38N 38Lts;ELECTRODOMESTICOS
19897645;;F;24;CHILENO;;Z;TIRUA                         ;BIO BIO;503230;4;3;0;0;0;4;3;503230;Licuadora Berry Blender Roja 1400 Vaso Vidrio;ELECTRODOMESTICOS
6269567;;F;73;CHILENO;;Silencioso;LINARES                       ;MAULE;533108;5;4;0;0;0;5;4;533108;Horno Microondas Mecanico M-2020NG 20Lts;ELECTRODOMESTICOS
17456253;;F;32;CHILENO;;Millenial;SAN ANTONIO                   ;VALPARAISO;21990;1;1;0;0;0;1;1;21990;Licuadora Sport Blender BSE10;ELECTRODOMESTICOS
12602237;;F;48;CHILENO;;X;QUILLOTA                      ;VALPARAISO;114970;3;3;1;1;9990;2;2;104980;LICUADORA HANOVER 1,5 LITROS;ELECTRODOMESTICOS
14485784;;M;46;CHILENO;;X;CONSTITUCION                  ;MAULE;1045661;10;7;0;0;0;10;7;1045661;Batidora Vertical Multimixer TH-8720;ELECTRODOMESTICOS
20455792;;F;21;CHILENO;;Z;N/D;N/D;19990;1;1;0;0;0;1;1;19990;Hervidor Electrico UT-DUNKEL17P 2Lts Negro;ELECTRODOMESTICOS
8476687;;F;65;CHILENO;;Boomers;CHILLAN                       ;BIO BIO;39980;2;2;0;0;0;2;2;39980;Batidora Vertical Stick Mixer 2609;ELECTRODOMESTICOS
11554152;;M;52;CHILENO;;X;LAS CABRAS                    ;L.G.B.OÂ´HIGGINS;155281;2;4;0;0;0;2;4;155281;Hervidor Electrico UT-KLAR20PW 2Lts Blanco;ELECTRODOMESTICOS
15531583;Casado;F;39;CHILENO;TECNICO DE NIVEL SUPERIOR EN ENFERMERIA;X;PROVIDENCIA                   ;METROPOLITANA;161960;4;3;0;0;0;4;3;161960;Licuadora Sport Blender BSE10;ELECTRODOMESTICOS
10178934;;F;58;CHILENO;;Boomers;OVALLE                        ;COQUIMBO;12990;1;1;0;0;0;1;1;12990;Batidora Vertical Stick Mixer 2609;ELECTRODOMESTICOS
7628760;;M;65;CHILENO;;Boomers;RENCA                         ;METROPOLITANA;36560;2;1;0;0;0;2;1;36560;PICADORA 123 SILHQUETTE;ELECTRODOMESTICOS
10859581;;F;55;CHILENO;;Boomers;LO ESPEJO                     ;METROPOLITANA;264980;2;2;0;0;0;2;2;264980;Horno Microondas Mecanico TH-18B05 18Lts;ELECTRODOMESTICOS
10662815;;M;52;CHILENO;;X;N/D;N/D;11240;2;2;0;0;0;2;2;11240;Exprimidor de Jugo CJ-2000 1Lts;ELECTRODOMESTICOS
8914703;;M;58;CHILENO;;Boomers;MACUL                         ;METROPOLITANA;515950;5;3;0;0;0;5;3;515950;LICUADORA CROMADA CON TECLAS PLUS;ELECTRODOMESTICOS
9260175;Soltero;F;60;CHILENO;;Boomers;PROVIDENCIA                   ;METROPOLITANA;0;0;2;0;0;0;0;2;0;Batidora Vertical Minipimer UT-KLOT400P;ELECTRODOMESTICOS
17381623;Soltero;F;32;CHILENO;ENFERMERA;Millenial;RENCA                         ;METROPOLITANA;133980;2;1;2;1;133980;0;0;0;CAFETERA PRIMA LATTE 6603 ROJA;ELECTRODOMESTICOS
12112166;;F;53;CHILENO;;X;CORONEL                       ;BIO BIO;397260;13;5;0;0;0;13;5;397260;Maquina de coser Singer 1605;ELECTRODOMESTICOS
15254355;;M;40;CHILENO;;X;N/D;N/D;616960;4;4;1;1;89990;3;3;526970;Horno Microondas Digital MS23K3513AK/ZS 23Lts;ELECTRODOMESTICOS
17574039;;F;32;CHILENO;;Millenial;CANETE                        ;BIO BIO;327950;5;4;0;0;0;5;4;327950;Aspiradora VCC4190V3E/XZS Arrastre 2000Watts;ELECTRODOMESTICOS
5340357;;F;81;CHILENO;;Silencioso;RENGO                         ;L.G.B.OÂ´HIGGINS;162970;3;2;0;0;0;3;2;162970;Aspiradora UT-KRAFT(DIG) Arrastre 2200Watts;ELECTRODOMESTICOS
19338303;;F;25;CHILENO;;Z;N/D;N/D;74980;2;2;0;0;0;2;2;74980;BATIDORA PEDESTAL RENANIA 5 LITROS;ELECTRODOMESTICOS
24601166;;M;42;BOLIVIANO;;Extranjero;N/D;N/D;153950;5;3;0;0;0;5;3;153950;HERVIDOR COLONIA 1,7 LITROS;ELECTRODOMESTICOS
19009433;;M;26;CHILENO;;Z;PUERTO MONTT                  ;LOS LAGOS;21990;1;1;0;0;0;1;1;21990;Hervidor Electrico TH-4515N 2Lts Negro;ELECTRODOMESTICOS
10779477;Casado;M;52;CHILENO;;X;RENCA                         ;METROPOLITANA;39990;1;1;0;0;0;1;1;39990;Freidora de Aire 18M Oster;ELECTRODOMESTICOS
25577046;;F;38;PERUANO;;Extranjero;SAN MIGUEL                    ;METROPOLITANA;58980;2;1;2;1;58980;0;0;0;HORNO ELECTRICO DORTMUND 45 LITROS;ELECTRODOMESTICOS
13575854;;F;42;CHILENO;;X;PROVIDENCIA                   ;METROPOLITANA;115120;4;4;0;0;0;4;4;115120;Horno Electrico UT-BACKOFEN38 38Lts;ELECTRODOMESTICOS
7168942;;F;67;CHILENO;;Boomers;N/D;N/D;14990;1;1;0;0;0;1;1;14990;HERVIDOR HAMBURGO 2,0 LITROS;ELECTRODOMESTICOS
16244061;;F;36;CHILENO;;Millenial;VICUNA                        ;COQUIMBO;113471;3;3;0;0;0;3;3;113471;Horno Electrico TH-48N 48Lts;ELECTRODOMESTICOS
17694618;;F;31;CHILENO;;Millenial;N/D;N/D;59990;1;1;0;0;0;1;1;59990;Aspiradora TH1870 Arrastre 1800Watts Gris;ELECTRODOMESTICOS
9499521;;M;58;CHILENO;;Boomers;CERRILLOS                     ;METROPOLITANA;12990;1;1;0;0;0;1;1;12990;Batidora Vertical Stick Mixer 2609;ELECTRODOMESTICOS
13074517;;F;46;CHILENO;;X;RENCA                         ;METROPOLITANA;33980;2;1;2;1;33980;0;0;0;Aspiradora Handy Clean Black 1400;ELECTRODOMESTICOS
8884084;;M;60;CHILENO;;Boomers;PAPUDO                        ;VALPARAISO;54990;1;1;0;0;0;1;1;54990;Horno Microondas Mecanico Easy Wave 20Lts;ELECTRODOMESTICOS
15492427;;F;39;CHILENO;;X;SAN CARLOS                    ;BIO BIO;49990;1;1;0;0;0;1;1;49990;ASPIRADORA THOMAS TH-1640;ELECTRODOMESTICOS
7114956;;F;68;CHILENO;;Silencioso;SALAMANCA                     ;COQUIMBO;20990;1;1;0;0;0;1;1;20990;Licuadora Berry Blender Roja 1400 Vaso Vidrio;ELECTRODOMESTICOS
12231454;;M;49;CHILENO;;X;RENCA                         ;METROPOLITANA;15990;1;1;0;0;0;1;1;15990;TOSTADOR OLDEMBURGO 2 REBANADAS;ELECTRODOMESTICOS
15750447;;F;38;CHILENO;;X;PROVIDENCIA                   ;METROPOLITANA;41980;2;1;2;1;41980;0;0;0;Horno Electrico TH-25N01 25Lts;ELECTRODOMESTICOS
11088722;Soltero;F;55;CHILENO;;Boomers;RENCA                         ;METROPOLITANA;52980;2;2;0;0;0;2;2;52980;Hervidor Electrico UT-REIN17SS;ELECTRODOMESTICOS
7969130;Casado;M;64;CHILENO;ASISTENTE SOCIAL;Boomers;RENCA                         ;METROPOLITANA;139990;1;1;0;0;0;1;1;139990;CAFETERA PRIMA LATTE 6603 ROJA;ELECTRODOMESTICOS
9971998;;F;56;CHILENO;;Boomers;LA FLORIDA;METROPOLITANA;12990;1;1;0;0;0;1;1;12990;Batidora Vertical Stick Mixer 2609;ELECTRODOMESTICOS
17770421;;F;31;CHILENO;;Millenial;PROVIDENCIA                   ;METROPOLITANA;13240;2;1;0;0;0;2;1;13240;HERVIDOR COLONIA 1,7 LITROS;ELECTRODOMESTICOS
19858551;;F;24;CHILENO;;Z;N/D;N/D;48980;2;1;2;1;48980;0;0;0;Parrilla Electrica M18W;ELECTRODOMESTICOS
6102379;;M;72;CHILENO;;Silencioso;VALLENAR;ATACAMA;110950;4;1;0;0;0;4;1;110950;HORNO ELECTRICO MUNICH 60 LITROS;ELECTRODOMESTICOS
12812274;;M;46;CHILENO;;X;SAN BERNARDO                  ;METROPOLITANA;12990;1;1;0;0;0;1;1;12990;HERVIDOR COLONIA 1,7 LITROS;ELECTRODOMESTICOS
12800181;;F;46;CHILENO;;X;MELIPILLA                     ;METROPOLITANA;49990;1;3;0;0;0;1;3;49990;Horno Electrico UT-BACKOFEN26 26Lts;ELECTRODOMESTICOS
9280776;;F;58;CHILENO;;Boomers;N/D;N/D;252600;7;3;0;0;0;7;3;252600;Hervidor Electrico Tetera HA-4100 4Lts Iox;ELECTRODOMESTICOS
13184164;;M;45;CHILENO;;X;SAN FELIPE                    ;VALPARAISO;474970;3;3;0;0;0;3;3;474970;Batidora de Mano y Pedestal 3612;ELECTRODOMESTICOS
6364929;;M;72;CHILENO;;Silencioso;RENCA                         ;METROPOLITANA;12990;1;1;0;0;0;1;1;12990;Hervidor Inox One Midea;ELECTRODOMESTICOS
15128022;Divorciado;F;39;CHILENO;AUXILIAR DE ENFERMERIA;X;CURICO                        ;MAULE;26980;2;1;0;0;0;2;1;26980;Batidora Manual 3532;ELECTRODOMESTICOS
12800537;;F;47;CHILENO;;X;TOCOPILLA                     ;ANTOFAGASTA;35980;2;1;0;0;0;2;1;35980;Hervidor Electrico TH-5407i 2Lts;ELECTRODOMESTICOS
14048743;;F;41;CHILENO;;X;"";"";61130;5;3;0;0;0;5;3;61130;Hervidor Electrico UT-KLAR20PW 2Lts Blanco;ELECTRODOMESTICOS
6012579;;F;71;CHILENO;;Silencioso;MELIPILLA                     ;METROPOLITANA;92940;6;4;0;0;0;6;4;92940;Hervidor Inox One Midea;ELECTRODOMESTICOS
17460360;;F;32;CHILENO;;Millenial;PROVIDENCIA                   ;METROPOLITANA;9990;1;1;0;0;0;1;1;9990;Batidora Vertical Stick Mixer 2609;ELECTRODOMESTICOS
20239939;;F;23;CHILENO;;Z;PROVIDENCIA                   ;METROPOLITANA;11990;1;1;0;0;0;1;1;11990;Plancha a Vapor 5001;ELECTRODOMESTICOS
8887222;;F;45;CHILENO;;X;PROVIDENCIA                   ;METROPOLITANA;34990;1;1;1;1;34990;0;0;0;Aspiradora AP1700 Arrastre 1700Watts;ELECTRODOMESTICOS
6442753;;M;69;CHILENO;;Silencioso;"";"";29980;2;1;0;0;0;2;1;29980;HERVIDOR HAMBURGO 2,0 LITROS;ELECTRODOMESTICOS
7350859;;F;68;CHILENO;;Boomers;SANTA CRUZ                    ;L.G.B.OÂ´HIGGINS;164980;2;2;0;0;0;2;2;164980;Horno Electrico TH-48N 48Lts;ELECTRODOMESTICOS
17605662;;M;31;CHILENO;;Millenial;PROVIDENCIA                   ;METROPOLITANA;113980;2;1;2;1;113980;0;0;0;SUPER FREIDORA DE AIRE OV3;ELECTRODOMESTICOS
18017973;;M;31;CHILENO;;Millenial;N/D;N/D;182980;2;2;0;0;0;2;2;182980;CAFETERA PRIMA LATTE 6603 ROJA;ELECTRODOMESTICOS
18008127;;M;30;CHILENO;;Millenial;ANGOL                         ;ARAUCANIA;77980;2;1;2;1;77980;0;0;0;Maquina de pan FDV Notre-Dame;ELECTRODOMESTICOS
15311670;;M;40;CHILENO;;X;COIHAIQUE                     ;AYSEN;221721;3;3;0;0;0;3;3;221721;FREIDORA DE AIRE BAVIERA 3,8 LITROS;ELECTRODOMESTICOS
10589868;;F;54;CHILENO;;Boomers;PROVIDENCIA                   ;METROPOLITANA;29990;1;1;0;0;0;1;1;29990;Combo Licuadora + Batidora;ELECTRODOMESTICOS
13503675;;F;43;CHILENO;;X;PROVIDENCIA                   ;METROPOLITANA;17990;1;1;0;0;0;1;1;17990;Tostador de Pan TH-116 2 Rebanadas Negro;ELECTRODOMESTICOS
17145592;;F;33;CHILENO;;Millenial;PROVIDENCIA                   ;METROPOLITANA;12990;2;1;0;0;0;2;1;12990;Hervidor Electrico TH-4212N 1,7Lts Negro;ELECTRODOMESTICOS
17612648;Soltero;M;31;CHILENO;;Millenial;PROVIDENCIA                   ;METROPOLITANA;49980;2;1;2;1;49980;0;0;0;Freidora de Aire 18M Oster;ELECTRODOMESTICOS
20316385;;F;22;CHILENO;;Z;"";"";62980;2;2;0;0;0;2;2;62980;HORNO ELECTRICO BREMEN 23 LITROS;ELECTRODOMESTICOS
13188475;;F;44;CHILENO;;X;SAN FELIPE                    ;VALPARAISO;24990;1;1;0;0;0;1;1;24990;Batidora Vertical Multimixer TH-8720;ELECTRODOMESTICOS
18305619;;F;46;CHILENO;;X;PADRE LAS CASAS               ;ARAUCANIA;80000;2;1;0;0;0;2;1;80000;Batidora Pedestal TH910PN 4,6Lts 1300Watts;ELECTRODOMESTICOS
15132107;;F;39;CHILENO;;X;CURICO                        ;MAULE;684950;5;4;0;0;0;5;4;684950;Aspiradora UT-SILENT1804 Arrastre 1800Watts;ELECTRODOMESTICOS
17904701;Soltero;F;31;CHILENO;DISENADOR GRAFICO;Millenial;PROVIDENCIA                   ;METROPOLITANA;43980;2;1;2;1;43980;0;0;0;ASPIRADORA THOMAS TH-1022C;ELECTRODOMESTICOS
11601535;;M;51;CHILENO;;X;PROVIDENCIA                   ;METROPOLITANA;39990;1;1;0;0;0;1;1;39990;Plancha Paninis 2880;ELECTRODOMESTICOS
18064030;;F;30;CHILENO;;Millenial;"";"";43980;2;1;2;1;43980;0;0;0;ASPIRADORA THOMAS TH-1022C;ELECTRODOMESTICOS
17388735;;F;32;CHILENO;;Millenial;"";"";193950;5;4;0;0;0;5;4;193950;Hervidor Electrico TH-4515N 2Lts Negro;ELECTRODOMESTICOS
11159913;;F;55;CHILENO;;Boomers;VICTORIA                      ;ARAUCANIA;796730;4;2;0;0;0;4;2;796730;Horno Microondas Mecanico Easy Wave 20Lts;ELECTRODOMESTICOS
16714753;;F;35;CHILENO;;Millenial;MAIPU                         ;METROPOLITANA;130980;2;2;0;0;0;2;2;130980;Maquina de Coser VX1445 con 14 puntadas;ELECTRODOMESTICOS
20091288;;F;23;CHILENO;;Z;"";"";289970;3;3;1;1;189990;2;2;99980;Combo Licuadora + Batidora;ELECTRODOMESTICOS
16822603;;M;34;CHILENO;;Millenial;TUCAPEL                       ;BIO BIO;36980;2;1;0;0;0;2;1;36980;Combo Hervidor + Batidora;ELECTRODOMESTICOS
20069807;;F;23;CHILENO;;Z;TALCA                         ;MAULE;243960;5;3;1;1;54990;4;2;188970;Olla Arrocera OA-400NG 1,8Lts;ELECTRODOMESTICOS
19645750;;F;25;CHILENO;;Z;PROVIDENCIA                   ;METROPOLITANA;133980;2;1;2;1;133980;0;0;0;Maquina de Coser 311;ELECTRODOMESTICOS
10421152;;F;55;CHILENO;;Boomers;N/D;N/D;12990;1;1;0;0;0;1;1;12990;Exprimidor Fauna 500 cc;ELECTRODOMESTICOS
11771160;;F;51;CHILENO;;X;SAN CARLOS                    ;BIO BIO;459170;4;2;0;0;0;4;2;459170;Horno Electrico TH-38N 38Lts;ELECTRODOMESTICOS
10423096;;F;57;CHILENO;;Boomers;MAIPU                         ;METROPOLITANA;19990;1;1;0;0;0;1;1;19990;Hervidor Electrico TH-4515N 2Lts Negro;ELECTRODOMESTICOS
9648384;;F;58;CHILENO;;Boomers;RANCAGUA                      ;L.G.B.OÂ´HIGGINS;84990;1;1;0;0;0;1;1;84990;Horno Electrico UT-BACKOFEN38 38Lts;ELECTRODOMESTICOS
11724774;;F;51;CHILENO;;X;VALLENAR;ATACAMA;32990;1;1;0;0;0;1;1;32990;Tostador de Pan TH-126 4 Rebanadas Negro;ELECTRODOMESTICOS
20454170;;F;21;CHILENO;;Z;PROVIDENCIA                   ;METROPOLITANA;41980;2;1;2;1;41980;0;0;0;Plancha TH-7052 2000Watts Base Inox;ELECTRODOMESTICOS
16254905;;F;35;CHILENO;;Millenial;N/D;N/D;1026050;7;4;5;2;958070;2;2;67980;Horno Electrico TH-38N 38Lts;ELECTRODOMESTICOS
10642767;;M;55;CHILENO;;Boomers;VALDIVIA                      ;LOS LAGOS;322960;4;3;2;1;201980;2;2;120980;Exprimidor de Jugo TH-1215 1,5Lts;ELECTRODOMESTICOS
12506974;Soltero;M;49;CHILENO;;X;RENCA                         ;METROPOLITANA;27990;1;1;0;0;0;1;1;27990;Plancha THOMAS TH-7170 2200Watts Base Ceramica;ELECTRODOMESTICOS
9534211;;F;62;CHILENO;;Boomers;TOME                          ;BIO BIO;183900;3;2;0;0;0;3;2;183900;Maquina de coser Singer 1605;ELECTRODOMESTICOS
8095584;;F;66;CHILENO;;Boomers;SAN PEDRO DE LA PAZ           ;BIO BIO;923910;9;6;0;0;0;9;6;923910;SUPER FREIDORA DE AIRE OV3;ELECTRODOMESTICOS
8353500;Casado;F;62;CHILENO;SECRETARIA;Boomers;N/D;N/D;149990;1;3;1;1;149990;0;2;0;Plancha a Vapor Oster 3803;ELECTRODOMESTICOS
13727791;;F;43;CHILENO;;X;LOTA                          ;BIO BIO;81220;4;3;0;0;0;4;3;81220;Combo Hervidor + Tostador + Sandwichera;ELECTRODOMESTICOS
20569950;;F;24;CHILENO;;Z;PROVIDENCIA                   ;METROPOLITANA;29990;1;1;0;0;0;1;1;29990;Plancha THOMAS TH-7170 2200Watts Base Ceramica;ELECTRODOMESTICOS
20348194;;F;21;CHILENO;;Millenial;N/D;N/D;95940;6;1;0;0;0;6;1;95940;Freidora de Aire 18M Oster;ELECTRODOMESTICOS
25522790;;M;34;VENEZOLANO;;Extranjero;PROVIDENCIA                   ;METROPOLITANA;413960;4;3;4;3;413960;0;0;0;Maquina de coser Singer 1605;ELECTRODOMESTICOS
16576053;;F;34;CHILENO;;Silencioso;PROVIDENCIA                   ;METROPOLITANA;11990;1;1;0;0;0;1;1;11990;Plancha a Vapor 5001;ELECTRODOMESTICOS
6996390;;M;69;CHILENO;;Silencioso;LOS VILOS                     ;COQUIMBO;150959;4;3;0;0;0;4;3;150959;Licuadora TH-401V Roja 1,75Lts Vaso Vidrio;ELECTRODOMESTICOS
17015868;;F;33;CHILENO;;Millenial;LA SERENA                     ;COQUIMBO;55980;2;2;0;0;0;2;2;55980;Wafflera time blanca WJ170112 700W;ELECTRODOMESTICOS
12264541;;F;53;CHILENO;;X;PROVIDENCIA                   ;METROPOLITANA;444660;5;4;0;0;0;5;4;444660;FREIDORA DE AIRE THOMAS TH-AF60Mi;ELECTRODOMESTICOS
16705603;;M;35;CHILENO;;Millenial;ANTOFAGASTA;ANTOFAGASTA;119980;2;1;2;1;119980;0;0;0;Aspiradora Trapeadora Robot Ut-Excellenza (B);ELECTRODOMESTICOS
24816946;;F;52;COLOMBIANO;;Extranjero;LOS ANDES                     ;VALPARAISO;210400;7;4;0;0;0;7;4;210400;HORNO ELECTRICO MUNICH 60 LITROS;ELECTRODOMESTICOS
14477986;;M;48;CHILENO;;X;CANETE                        ;BIO BIO;1580280;11;7;0;0;0;11;7;1580280;HERVIDOR HAMBURGO 2,0 LITROS;ELECTRODOMESTICOS
19394502;;F;25;CHILENO;;Z;PROVIDENCIA                   ;METROPOLITANA;29990;1;1;1;1;29990;0;0;0;Combo Juguera + Hervidor;ELECTRODOMESTICOS
6991192;Viudo;M;69;CHILENO;;Silencioso;CHILLAN                       ;BIO BIO;99990;1;1;0;0;0;1;1;99990;Horno Electrico TH62I 60Lts;ELECTRODOMESTICOS
7740972;;F;55;CHILENO;;Boomers;PROVIDENCIA                   ;METROPOLITANA;11990;1;1;0;0;0;1;1;11990;Plancha a Vapor 5001;ELECTRODOMESTICOS
8542541;;M;63;CHILENO;;Boomers;LA PINTANA                    ;METROPOLITANA;54990;1;1;0;0;0;1;1;54990;Horno Microondas Mecanico UT-SYDNEY18 18Lts;ELECTRODOMESTICOS
18120925;;F;30;CHILENO;;Millenial;MAIPU;METROPOLITANA;184000;4;2;2;1;170000;2;1;14000;Batidora Vertical Stick Mixer 2609;ELECTRODOMESTICOS
12403509;;M;49;CHILENO;;X;LA FLORIDA                    ;METROPOLITANA;723970;3;2;3;2;723970;0;0;0;Horno Electrico TH-80i 80Lts;ELECTRODOMESTICOS
16552824;;M;34;CHILENO;;Millenial;LLAY LLAY;VALPARAISO;15990;1;1;0;0;0;1;1;15990;Hervidor Electrico UT-MANLY17 1,7Lts Negro;ELECTRODOMESTICOS
14379853;;F;45;CHILENO;;X;MARIA PINTO                   ;METROPOLITANA;11990;1;1;1;1;11990;0;0;0;Plancha a Vapor 5001;ELECTRODOMESTICOS
15350434;;M;39;CHILENO;;Millenial;N/D;N/D;193930;7;3;0;0;0;7;3;193930;Licuadora TH-501V 1,5Lts Vaso Vidrio;ELECTRODOMESTICOS
15500874;;M;39;CHILENO;;X;N/D;N/D;31990;1;3;0;0;0;1;3;31990;Tostador de Pan TH-126 4 Rebanadas Negro;ELECTRODOMESTICOS
18549132;;F;28;CHILENO;;Millenial;TOME                          ;BIO BIO;34990;1;1;1;1;34990;0;0;0;Aspiradora AP1700 Arrastre 1700Watts;ELECTRODOMESTICOS
12019052;;F;48;CHILENO;;X;ILLAPEL                       ;COQUIMBO;23990;1;1;0;0;0;1;1;23990;HERVIDOR ELECTRICO UT-STARK18;ELECTRODOMESTICOS
25343539;;M;35;VENEZOLANO;;Extranjero;INDEPENDENCIA                 ;METROPOLITANA;43980;2;1;2;1;43980;0;0;0;Freidora de Aire 18M Oster;ELECTRODOMESTICOS
12348670;;F;48;CHILENO;;X;CALAMA                        ;ANTOFAGASTA;11041;1;1;0;0;0;1;1;11041;TOSTADOR OLDEMBURGO 2 REBANADAS;ELECTRODOMESTICOS
6319799;;M;73;CHILENO;;Silencioso;PROVIDENCIA                   ;METROPOLITANA;94990;1;1;0;0;0;1;1;94990;Horno Microondas Digital MS23K3513AK/ZS 23Lts;ELECTRODOMESTICOS
16073571;;F;37;CHILENO;;Millenial;"";"";22990;3;2;0;0;0;3;2;22990;HERVIDOR COLONIA 1,7 LITROS;ELECTRODOMESTICOS
17221593;;M;33;CHILENO;;Millenial;TALCAHUANO                    ;BIO BIO;29990;1;1;1;1;29990;0;0;0;FREIDORA DE AIRE HESSIA 2,0 LITROS;ELECTRODOMESTICOS
14515392;;F;41;CHILENO;;X;CALAMA                        ;ANTOFAGASTA;164470;8;5;0;0;0;8;5;164470;HORNO ELECTRICO BREMEN 23 LITROS;ELECTRODOMESTICOS
13812084;;F;41;CHILENO;;X;N/D;N/D;413950;6;4;0;0;0;6;4;413950;Maquina de coser Singer 1605;ELECTRODOMESTICOS
15896069;;M;40;CHILENO;;X;OSORNO                        ;LOS LAGOS;70980;2;1;0;0;0;2;1;70980;Aspiradora UT-MEINER1803 Arrastre 1800Watts;ELECTRODOMESTICOS
9205881;Casado;M;59;CHILENO;;Boomers;PROVIDENCIA                   ;METROPOLITANA;59990;1;1;0;0;0;1;1;59990;ASPIRADORA THOMAS TH-1640;ELECTRODOMESTICOS
12964650;Soltero;F;45;CHILENO;;X;RENCA                         ;METROPOLITANA;17990;1;1;0;0;0;1;1;17990;Tostador de Pan TH-116 2 Rebanadas Negro;ELECTRODOMESTICOS
17788852;Soltero;M;30;CHILENO;KINESIOLOGO;Millenial;PROVIDENCIA                   ;METROPOLITANA;464930;7;4;7;4;464930;0;0;0;SUPER FREIDORA DE AIRE OV3;ELECTRODOMESTICOS
11906958;;F;54;CHILENO;;X;PROVIDENCIA                   ;METROPOLITANA;38990;1;1;0;0;0;1;1;38990;Hervidor Electrico Tetera TH-6505RT 1,7Lts Rojo;ELECTRODOMESTICOS
15252094;;F;38;CHILENO;;Millenial;TEMUCO                        ;ARAUCANIA;36980;2;2;0;0;0;2;2;36980;Hervidor Electrico TH-4515N 2Lts Negro;ELECTRODOMESTICOS
11792012;;M;54;CHILENO;;X;HUALQUI                       ;BIO BIO;74440;4;1;0;0;0;4;1;74440;Horno Microondas Mecanico M-2030 NG 20Lts;ELECTRODOMESTICOS
13764775;;F;41;CHILENO;;X;RENCA                         ;METROPOLITANA;79990;1;1;0;0;0;1;1;79990;Enceradora EA-5000;ELECTRODOMESTICOS
9475260;;M;58;CHILENO;;Boomers;MAIPU                         ;METROPOLITANA;140689;4;2;0;0;0;4;2;140689;Licuadora Oster Clasica Azul 4134 1,25 lt;ELECTRODOMESTICOS
8563799;;M;64;CHILENO;;Boomers;SAGRADA FAMILIA               ;MAULE;26990;1;1;0;0;0;1;1;26990;Hervidor Electrico UT-REIN17SS;ELECTRODOMESTICOS
19667397;;F;24;CHILENO;;Z;N/D;N/D;96950;7;5;0;0;0;7;5;96950;FREIDORA DE AIRE HESSIA 2,0 LITROS;ELECTRODOMESTICOS
9796223;Casado;M;58;CHILENO;;Boomers;RENCA                         ;METROPOLITANA;132220;4;2;0;0;0;4;2;132220;FREIDORA DE AIRE THOMAS TH-AF60Mi;ELECTRODOMESTICOS
13455118;Casado;M;43;CHILENO;TECNICO EN ELECTRICIDAD;X;MAIPU                         ;METROPOLITANA;38970;3;3;2;2;25980;1;1;12990;HERVIDOR HAMBURGO 2,0 LITROS;ELECTRODOMESTICOS
7802448;;F;63;CHILENO;;Boomers;CANETE                        ;BIO BIO;180450;4;2;0;0;0;4;2;180450;Batidora Pedestal TH910PN 4,6Lts 1300Watts;ELECTRODOMESTICOS
18335450;;F;29;CHILENO;;Millenial;PROVIDENCIA                   ;METROPOLITANA;143680;3;2;0;0;0;3;2;143680;Maquina de Coser VX1445 con 14 puntadas;ELECTRODOMESTICOS
16146641;;M;36;CHILENO;;Millenial;COQUIMBO                      ;COQUIMBO;14990;1;1;0;0;0;1;1;14990;Batidora Vertical Stick Mixer 2609;ELECTRODOMESTICOS
13087504;;F;46;CHILENO;;X;COPIAPO;ATACAMA;313960;3;2;3;2;313960;0;0;0;FREIDORA DE AIRE HESSIA 2,0 LITROS;ELECTRODOMESTICOS
14487819;;F;45;CHILENO;;X;RENCA                         ;METROPOLITANA;14990;1;1;0;0;0;1;1;14990;PLANCHA A VAPOR 6003 BASE ANTIADHERENTE 1600W;ELECTRODOMESTICOS
10386047;;M;57;CHILENO;;Boomers;RANCAGUA                      ;L.G.B.OÂ´HIGGINS;98440;3;1;0;0;0;3;1;98440;Enceradora EA-5000;ELECTRODOMESTICOS
14296391;;M;46;CHILENO;;X;LAS CABRAS                    ;L.G.B.OÂ´HIGGINS;84991;1;1;0;0;0;1;1;84991;Horno Electrico UT-BACKOFEN48 48Lts;ELECTRODOMESTICOS
20513718;;M;22;CHILENO;;Millenial;CANETE;BIO-BIO;1141990;3;2;0;0;0;3;2;1141990;Tostador de Pan TP-1400 4 Rebanadas Inox;ELECTRODOMESTICOS
18009003;;F;30;CHILENO;;Millenial;RENAICO                       ;ARAUCANIA;109990;1;1;0;0;0;1;1;109990;Horno Electrico UT-BACKOFEN60 60Lts;ELECTRODOMESTICOS
10588031;;M;56;CHILENO;;Boomers;TOCOPILLA                     ;ANTOFAGASTA;793710;7;4;0;0;0;7;4;793710;SUPER FREIDORA DE AIRE OV3;ELECTRODOMESTICOS
17404477;Soltero;F;32;CHILENO;;Millenial;PELLUHUE                      ;MAULE;156970;5;2;0;0;0;5;2;156970;HORNO ELECTRICO 16N01 16LTS NEGRO;ELECTRODOMESTICOS
15242103;;F;40;CHILENO;;Silencioso;PROVIDENCIA                   ;METROPOLITANA;109990;1;1;1;1;109990;0;0;0;SUPER FREIDORA DE AIRE OV3;ELECTRODOMESTICOS
9507507;Casado;F;61;CHILENO;;Boomers;PROVIDENCIA                   ;METROPOLITANA;22990;1;1;0;0;0;1;1;22990;Tostador de PanTH-120R 2 Rebanadas Rojo;ELECTRODOMESTICOS
6877369;;F;69;CHILENO;;Silencioso;LA PINTANA                    ;METROPOLITANA;74260;5;3;0;0;0;5;3;74260;Hervidor Electrico UT-MANLY17 1,7Lts Negro;ELECTRODOMESTICOS
12722494;Viudo;F;46;CHILENO;MEDICO CIRUJANO;X;SANTIAGO                      ;METROPOLITANA;189980;2;2;0;0;0;2;2;189980;Horno Microondas Mecanico Easy Wave 20Lts;ELECTRODOMESTICOS
14029882;;F;40;CHILENO;;X;N/D;N/D;13990;1;1;0;0;0;1;1;13990;Batidora Vertical Stick Mixer 2609;ELECTRODOMESTICOS
18588940;;F;34;CHILENO;;Millenial;COLLIPULLI                    ;ARAUCANIA;563920;8;5;0;0;0;8;5;563920;FREIDORA DE AIRE BAVIERA 3,8 LITROS;ELECTRODOMESTICOS
12168023;;F;47;CHILENO;;X;N/D;N/D;201670;3;4;0;0;0;3;4;201670;Hervidor Electrico TH-4515N 2Lts Negro;ELECTRODOMESTICOS
13810358;Soltero;F;42;CHILENO;TECNICO DE NIVEL SUPERIOR EN ENFERMERIA;X;PROVIDENCIA                   ;METROPOLITANA;44990;1;1;1;1;44990;0;0;0;Horno Microondas Mecanico Fancy 20Lts;ELECTRODOMESTICOS
10120168;;F;57;CHILENO;;Boomers;RANCAGUA                      ;L.G.B.OÂ´HIGGINS;204390;8;2;0;0;0;8;2;204390;HERVIDOR TETERA RELOJ 900R 2,5L ROJO;ELECTRODOMESTICOS
13995994;;M;40;CHILENO;;X;N/D;N/D;59990;1;1;0;0;0;1;1;59990;Aspiradora UT-SILENT1804 Arrastre 1800Watts;ELECTRODOMESTICOS
13475198;;M;44;CHILENO;;Millenial;N/D;N/D;32990;1;1;0;0;0;1;1;32990;Combo Juguera + Hervidor;ELECTRODOMESTICOS
9047538;;M;62;CHILENO;;Boomers;VILLA ALEMANA                 ;VALPARAISO;705830;6;4;0;0;0;6;4;705830;BATIDORA MANUAL 260R;ELECTRODOMESTICOS
10505516;;M;56;CHILENO;;Boomers;PROVIDENCIA                   ;METROPOLITANA;49990;1;1;0;0;0;1;1;49990;FREIDORA DE AIRE BAVIERA 3,8 LITROS;ELECTRODOMESTICOS
10545294;;M;57;CHILENO;;Boomers;VICTORIA                      ;ARAUCANIA;499652;6;3;0;0;0;6;3;499652;FREIDORA DE AIRE THOMAS TH-AF60Mi;ELECTRODOMESTICOS
8148538;;F;55;CHILENO;;Boomers;CALERA                        ;VALPARAISO;34990;1;1;0;0;0;1;1;34990;Hervidor Electrico Tetera TH-6505RT 1,7Lts Rojo;ELECTRODOMESTICOS
5260799;;F;76;CHILENO;;Silencioso;CONCEPCION                    ;BIO BIO;359960;4;2;0;0;0;4;2;359960;Horno Electrico TH-38N 38Lts;ELECTRODOMESTICOS
11613980;;F;52;CHILENO;;X;RENCA                         ;METROPOLITANA;133690;2;1;0;0;0;2;1;133690;Maquina de coser Singer 1605;ELECTRODOMESTICOS
18451325;;M;29;CHILENO;;Millenial;PROVIDENCIA                   ;METROPOLITANA;100960;4;3;2;1;47980;2;2;52980;Horno Microondas Mecanico C1700N 17Lts Blanco;ELECTRODOMESTICOS
16082362;;F;37;CHILENO;;Millenial;LO PRADO;METROPOLITANA;227960;4;2;4;2;227960;0;0;0;Arrocera Oster 10 en 1 con freidora de aire CKST;ELECTRODOMESTICOS
11294235;;F;54;CHILENO;;Silencioso;PROVIDENCIA                   ;METROPOLITANA;219960;4;3;0;0;0;4;3;219960;Horno Microondas Digital TH-25DM 25Lts;ELECTRODOMESTICOS
13569006;;F;42;CHILENO;;X;PROVIDENCIA                   ;METROPOLITANA;19990;1;1;0;0;0;1;1;19990;Licuadora L-1630V Negra 1,5Lts Vaso Vidrio;ELECTRODOMESTICOS
16015984;;F;37;CHILENO;;Millenial;RENCA                         ;METROPOLITANA;49990;1;1;0;0;0;1;1;49990;Horno Microondas Mecanico Easy Wave 20Lts;ELECTRODOMESTICOS
15700109;;F;38;CHILENO;;Millenial;"";"";109970;3;3;0;0;0;3;3;109970;Licuadora TH-501V 1,5Lts Vaso Vidrio;ELECTRODOMESTICOS
15491638;Soltero;F;39;CHILENO;DIBUJANTE TECNICO;X;PROVIDENCIA                   ;METROPOLITANA;44990;1;1;1;1;44990;0;0;0;Horno Microondas Mecanico Fancy 20Lts;ELECTRODOMESTICOS
6352903;;M;69;CHILENO;;Silencioso;CALBUCO                       ;LOS LAGOS;49990;1;1;0;0;0;1;1;49990;Aspiradora TH1415 Arrastre 1500Watts;ELECTRODOMESTICOS
10897924;Casado;M;43;CHILENO;ARQUITECTO;X;PROVIDENCIA                   ;METROPOLITANA;143980;2;1;2;1;143980;0;0;0;SUPER FREIDORA DE AIRE OV3;ELECTRODOMESTICOS
5194742;;F;75;CHILENO;;Silencioso;PUDAHUEL                      ;METROPOLITANA;198970;3;2;0;0;0;3;2;198970;Horno Electrico TH-25N01 25Lts;ELECTRODOMESTICOS
18286803;;F;29;CHILENO;;Millenial;PROVIDENCIA                   ;METROPOLITANA;36990;1;1;0;0;0;1;1;36990;Batidora Vertical Minipimer UT-KLOT400P;ELECTRODOMESTICOS
17366884;Soltero;F;32;CHILENO;TECNICO EN TURISMO;Millenial;PROVIDENCIA                   ;METROPOLITANA;12990;1;1;1;1;12990;0;0;0;PLANCHA A VAPOR 4070 SUELA CERAMICA 2500W;ELECTRODOMESTICOS
9844647;;M;58;CHILENO;;Boomers;COQUIMBO                      ;COQUIMBO;52980;2;2;0;0;0;2;2;52980;Exprimidor de Jugo CJ-2000 1Lts;ELECTRODOMESTICOS
15757678;Soltero;M;38;CHILENO;INGENIERO EN MAQUINARIA;Millenial;RENCA                         ;METROPOLITANA;439970;3;2;3;2;439970;0;0;0;FREIDORA DE AIRE BAVIERA 3,8 LITROS;ELECTRODOMESTICOS
19363472;;F;25;CHILENO;;Z;SAN JAVIER                    ;MAULE;109979;2;1;0;0;0;2;1;109979;Horno Electrico TH62I 60Lts;ELECTRODOMESTICOS
25571948;;M;24;COLOMBIANO;;Extranjero;PROVIDENCIA                   ;METROPOLITANA;63980;2;1;2;1;63980;0;0;0;H. Microondas Fancy (2000rd);ELECTRODOMESTICOS
20916116;;M;21;CHILENO;;Z;PROVIDENCIA                   ;METROPOLITANA;26990;1;1;1;1;26990;0;0;0;Plancha THOMAS TH-7170 2200Watts Base Ceramica;ELECTRODOMESTICOS
9555919;;F;60;CHILENO;;Boomers;CALERA                        ;VALPARAISO;21990;1;1;0;0;0;1;1;21990;HERVIDOR ELECTRICO UT-STARK18;ELECTRODOMESTICOS
16606820;Soltero;M;34;CHILENO;;Silencioso;PROVIDENCIA                   ;METROPOLITANA;143980;2;1;2;1;143980;0;0;0;SUPER FREIDORA DE AIRE OV3;ELECTRODOMESTICOS
15197251;;M;40;CHILENO;;X;RENCA                         ;METROPOLITANA;20990;1;1;0;0;0;1;1;20990;Plancha UT-DUNST 2200Watts Base Ceramica;ELECTRODOMESTICOS
16223323;;M;36;CHILENO;;Millenial;N/D;N/D;19990;1;1;0;0;0;1;1;19990;MULTIMIXER THOMAS TH- 8706;ELECTRODOMESTICOS
10966043;;F;52;CHILENO;;X;LINARES                       ;MAULE;150971;4;4;0;0;0;4;4;150971;Tostador de PanTH-120R 2 Rebanadas Rojo;ELECTRODOMESTICOS
9109575;;F;60;CHILENO;;Boomers;CASTRO                        ;LOS LAGOS;37000;2;1;0;0;0;2;1;37000;Plancha UT-SHANGRILA Inalambrica 2200Watss;ELECTRODOMESTICOS
13737150;;M;42;CHILENO;;X;N/D;N/D;298721;3;3;0;0;0;3;3;298721;Horno Microondas Mecanico Fancy 20Lts;ELECTRODOMESTICOS
16293851;Soltero;F;36;CHILENO;;Millenial;RENCA                         ;METROPOLITANA;9990;1;1;0;0;0;1;1;9990;Plancha a Vapor Oster 3803;ELECTRODOMESTICOS
19702324;;F;24;CHILENO;;Z;CERRO NAVIA                   ;METROPOLITANA;433970;3;2;0;0;0;3;2;433970;HERVIDOR TH-4340;ELECTRODOMESTICOS
18470055;;M;29;CHILENO;;Millenial;PROVIDENCIA                   ;METROPOLITANA;98980;2;1;0;0;0;2;1;98980;Horno Microondas Mecanico Fancy 20Lts;ELECTRODOMESTICOS
17171268;Soltero;F;33;CHILENO;;Millenial;RENCA                         ;METROPOLITANA;14990;1;1;0;0;0;1;1;14990;Hervidor Electrico TH-4212N 1,7Lts Negro;ELECTRODOMESTICOS
13359581;;F;43;CHILENO;;X;RENCA                         ;METROPOLITANA;71980;2;2;0;0;0;2;2;71980;Licuadora L-1630V Negra 1,5Lts Vaso Vidrio;ELECTRODOMESTICOS
5757435;;F;70;CHILENO;;Silencioso;ARICA                         ;TARAPACA;29990;1;1;0;0;0;1;1;29990;Tostador de Pan TH-126 4 Rebanadas Negro;ELECTRODOMESTICOS
16819122;;M;34;CHILENO;;Millenial;PROVIDENCIA                   ;METROPOLITANA;104970;3;2;2;1;44980;1;1;59990;Licuadora TH-320 Roja/Negro 1,5 Lts Vaso Vidrio;ELECTRODOMESTICOS
12507183;;M;49;CHILENO;;X;EL BOSQUE                     ;METROPOLITANA;19990;1;2;0;0;0;1;2;19990;Hervidor Electrico TH-4515N 2Lts Negro;ELECTRODOMESTICOS
26464380;;F;32;CHILENO;;Extranjero;INDEPENDENCIA                 ;METROPOLITANA;179980;2;2;0;0;0;2;2;179980;Licuadora Oster Clasica Azul 4134 1,25 lt;ELECTRODOMESTICOS
16996977;;M;33;CHILENO;;Millenial;"";"";45000;2;1;0;0;0;2;1;45000;Aspiradora TH1415 Arrastre 1500Watts;ELECTRODOMESTICOS
19050965;;M;27;CHILENO;;Z;PROVIDENCIA                   ;METROPOLITANA;13990;1;3;0;2;0;1;1;13990;Hervidor Electrico 3101 1,7Lts Negro;ELECTRODOMESTICOS
15559056;;M;38;CHILENO;;X;SAN ANTONIO;VALPARAISO;105250;2;1;0;0;0;2;1;105250;Horno Electrico UT-BACKOFEN60 60Lts;ELECTRODOMESTICOS
20371533;;F;22;CHILENO;;Z;RANCAGUA;O HIGGINS;232520;4;2;4;2;232520;0;0;0;FREIDORA DE AIRE THOMAS TH-AF60Mi;ELECTRODOMESTICOS
15250708;;F;38;CHILENO;;X;N/D;N/D;90970;3;2;0;0;0;3;2;90970;Plancha UT-KERAMIKTOP 2200Watts Base Ceramica;ELECTRODOMESTICOS
11882941;;F;51;CHILENO;;X;N/D;N/D;19990;1;1;0;0;0;1;1;19990;Hervidor Electrico Tetera UT-LECKER18R 1,8Lts;ELECTRODOMESTICOS
6300536;;F;68;CHILENO;;Silencioso;PALMILLA                      ;L.G.B.OÂ´HIGGINS;80000;1;1;0;0;0;1;1;80000;Producto Segunda Seleccion Banda 9;ELECTRODOMESTICOS
10880006;Soltero;F;57;CHILENO;;Boomers;TEMUCO                        ;ARAUCANIA;101980;2;1;0;0;0;2;1;101980;Horno Microondas Mecanico M-2020NG 20Lts;ELECTRODOMESTICOS
18970871;;F;26;CHILENO;;Z;COPIAPO;ATACAMA;11990;1;1;0;0;0;1;1;11990;Plancha a Vapor 5001;ELECTRODOMESTICOS
17831494;;F;30;CHILENO;;Millenial;ARICA                         ;ARICA Y PARINACOTA;14240;2;1;0;0;0;2;1;14240;Hervidor Electrico 3101 1,7Lts Negro;ELECTRODOMESTICOS
18243785;;M;30;CHILENO;;Millenial;PROVIDENCIA                   ;METROPOLITANA;264980;2;2;1;1;209990;1;1;54990;Aspiradora VCC4190V3E/XZS Arrastre 2000Watts;ELECTRODOMESTICOS
11970997;;M;50;CHILENO;;X;ALGARROBO                     ;VALPARAISO;311980;2;2;0;0;0;2;2;311980;Hervidor Electrico TH-5407i 2Lts;ELECTRODOMESTICOS
18560257;;F;29;CHILENO;;Millenial;NUEVA IMPERIAL;ARAUCANIA;56980;2;2;1;1;34990;1;1;21990;Aspiradora Handy Clean Black 1400;ELECTRODOMESTICOS
11448723;;M;53;CHILENO;;X;CABRERO                       ;BIO BIO;120610;6;1;0;0;0;6;1;120610;Freidora de Aire 18M Oster;ELECTRODOMESTICOS
6561532;;F;73;CHILENO;;Silencioso;VILLA ALEMANA                 ;VALPARAISO;515930;7;3;0;0;0;7;3;515930;Licuadora Roja 550W 1,5Lts Vaso Vidrio;ELECTRODOMESTICOS
6622338;Casado;M;69;CHILENO;INGENIERO COMERCIAL;Silencioso;RENCA                         ;METROPOLITANA;48980;2;1;2;1;48980;0;0;0;Horno Microondas Digital MMP-20GC3D 20Lts;ELECTRODOMESTICOS
8589463;;F;61;CHILENO;;Boomers;N/D;N/D;174980;3;2;0;0;0;3;2;174980;Aspiradora TH1870 Arrastre 1800Watts Gris;ELECTRODOMESTICOS
16427723;;F;35;CHILENO;;Millenial;"";"";18990;1;1;0;0;0;1;1;18990;Plancha UT-DUNST 2200Watts Base Ceramica;ELECTRODOMESTICOS
13227772;;M;48;CHILENO;;X;RENCA                         ;METROPOLITANA;69990;1;1;1;1;69990;0;0;0;Batidora Pedestal UT-KLEIN700;ELECTRODOMESTICOS
20449500;;M;21;CHILENO;;Z;MACUL;METROPOLITANA;109990;1;1;0;0;0;1;1;109990;Horno Electrico UT-BACKOFEN60 60Lts;ELECTRODOMESTICOS
20567525;;F;21;CHILENO;;Millenial;N/D;N/D;94960;4;1;0;0;0;4;1;94960;Horno Microondas Mecanico Easy Wave 20Lts;ELECTRODOMESTICOS
5818177;;M;70;CHILENO;;Silencioso;RENCA                         ;METROPOLITANA;23990;1;1;0;0;0;1;1;23990;Olla Arrocera OA-400NG 1,8Lts;ELECTRODOMESTICOS
7125083;Casado;F;66;CHILENO;;Boomers;PROVIDENCIA                   ;METROPOLITANA;13990;1;1;0;0;0;1;1;13990;Hervidor Electrico 3101 1,7Lts Negro;ELECTRODOMESTICOS
14406568;;F;61;CHILENO;;Boomers;SAN FERNANDO                  ;L.G.B.OÂ´HIGGINS;18990;1;1;0;0;0;1;1;18990;Batidora Manual UT-TEKLA300;ELECTRODOMESTICOS
8384575;;F;65;CHILENO;;Boomers;YERBAS BUENAS                 ;MAULE;465810;5;2;0;0;0;5;2;465810;Horno Electrico TH-48N 48Lts;ELECTRODOMESTICOS
16827352;;F;34;CHILENO;;Millenial;PARRAL                        ;MAULE;20990;1;1;0;0;0;1;1;20990;Plancha TH-7052 2000Watts Base Inox;ELECTRODOMESTICOS
14604382;;F;40;CHILENO;;X;N/D;N/D;99990;1;1;0;0;0;1;1;99990;FREIDORA DE AIRE THOMAS TH-AF60Mi;ELECTRODOMESTICOS
11952796;;F;49;CHILENO;;X;SAN FERNANDO                  ;L.G.B.OÂ´HIGGINS;680950;5;4;0;0;0;5;4;680950;Batidora Pedestal TH910PN 4,6Lts 1300Watts;ELECTRODOMESTICOS
9180348;Casado;F;61;CHILENO;;Boomers;PROVIDENCIA                   ;METROPOLITANA;39990;1;1;0;0;0;1;1;39990;Freidora de Aire 18M Oster;ELECTRODOMESTICOS
12825849;;M;47;CHILENO;;X;SAN ANTONIO                   ;VALPARAISO;101970;3;2;0;0;0;3;2;101970;Picadora TH-9020V Vaso Vidrio 2Lts;ELECTRODOMESTICOS
18108445;;M;30;CHILENO;;Millenial;N/D;N/D;32990;1;1;0;0;0;1;1;32990;Tostador de Pan TH-126 4 Rebanadas Negro;ELECTRODOMESTICOS
17529328;;F;31;CHILENO;;Millenial;LICANTEN                      ;MAULE;28000;2;1;0;0;0;2;1;28000;Plancha UT-PLATTEISEN 2000Watts Base Ceramica;ELECTRODOMESTICOS
9292772;;M;56;CHILENO;;Boomers;N/D;N/D;375240;4;2;0;0;0;4;2;375240;FREIDORA DE AIRE BAVIERA 3,8 LITROS;ELECTRODOMESTICOS
9627932;;F;62;CHILENO;;Boomers;HUALPEN;BIO BIO;173972;3;3;0;0;0;3;3;173972;HERVIDOR BERLIN 1,7 LITROS;ELECTRODOMESTICOS
6955499;;F;68;CHILENO;;Boomers;PROVIDENCIA                   ;METROPOLITANA;20990;1;1;0;0;0;1;1;20990;Plancha UT-DUNST 2200Watts Base Ceramica;ELECTRODOMESTICOS
5031734;;M;78;CHILENO;;Silencioso;RENCA                         ;METROPOLITANA;22990;1;1;0;0;0;1;1;22990;Tostador de PanTH-120R 2 Rebanadas Rojo;ELECTRODOMESTICOS
9622046;;F;62;CHILENO;;Boomers;CHEPICA                       ;L.G.B.OÂ´HIGGINS;13990;1;1;0;0;0;1;1;13990;Plancha a Vapor 5001;ELECTRODOMESTICOS
12783488;;F;47;CHILENO;;X;CURICO                        ;MAULE;114980;2;1;0;0;0;2;1;114980;FREIDORA DE AIRE THOMAS TH-AF60Mi;ELECTRODOMESTICOS
10648067;;F;55;CHILENO;;Boomers;CASTRO                        ;LOS LAGOS;18990;1;1;0;0;0;1;1;18990;Hervidor Electrico UT-KLAR20PW 2Lts Blanco;ELECTRODOMESTICOS
12715922;;M;47;CHILENO;;X;COIHAIQUE                     ;AYSEN;79980;2;2;0;0;0;2;2;79980;Aspiradora UT-SILENT1804 Arrastre 1800Watts;ELECTRODOMESTICOS
11063066;;F;55;CHILENO;;Boomers;LOS ALAMOS                    ;BIO BIO;108980;2;1;0;0;0;2;1;108980;Batidora Pedestal UT-KLEIN700;ELECTRODOMESTICOS
19399535;;F;26;CHILENO;;Z;CASTRO;LOS LAGOS;83970;5;2;0;0;0;5;2;83970;Cafetera TH-130;ELECTRODOMESTICOS
10346267;;F;51;CHILENO;;X;NATALES                       ;MAGALLANES;14990;1;1;0;0;0;1;1;14990;Hervidor Inox One Midea;ELECTRODOMESTICOS
11086866;;F;55;CHILENO;;Boomers;VILLA ALEMANA                 ;VALPARAISO;141980;2;2;0;0;0;2;2;141980;HERVIDOR ELECTRICO UT-STARK18;ELECTRODOMESTICOS
9341345;;F;54;CHILENO;;Boomers;AISEN                         ;AYSEN;73980;2;1;0;0;0;2;1;73980;Licuadora Personal TH-300PB;ELECTRODOMESTICOS
19944970;;M;24;CHILENO;;Z;PROVIDENCIA                   ;METROPOLITANA;39990;1;1;1;1;39990;0;0;0;Freidora de Aire 18M Oster;ELECTRODOMESTICOS
20233872;;F;22;CHILENO;;Z;DALCAHUE                      ;LOS LAGOS;61980;2;2;0;0;0;2;2;61980;Combo Licuadora + Batidora;ELECTRODOMESTICOS
19108673;;M;27;CHILENO;;Z;"";"";34990;1;1;0;0;0;1;1;34990;Horno Electrico UT-BACKOFEN26 26Lts;ELECTRODOMESTICOS
15197484;;F;40;CHILENO;;X;CANETE                        ;BIO BIO;40990;1;1;0;0;0;1;1;40990;Licuadora L1000 Inox 1,7LtsVaso Vidrio;ELECTRODOMESTICOS
12463923;;M;49;CHILENO;;Millenial;N/D;N/D;83970;3;2;2;1;53980;1;1;29990;FREIDORA DE AIRE BAVIERA 3,8 LITROS;ELECTRODOMESTICOS
15852498;;F;38;CHILENO;;Millenial;PROVIDENCIA                   ;METROPOLITANA;76980;2;1;2;1;76980;0;0;0;MUEBLE PARA MAQUINAS DE COSER COMPLETO;ELECTRODOMESTICOS
18495207;;M;28;CHILENO;;Millenial;N/D;N/D;160970;3;2;0;0;0;3;2;160970;Horno Electrico TH-100i 100Lts;ELECTRODOMESTICOS
26123141;Soltero;F;29;NO INFORMA NACIONALIDAD;;Extranjero;PROVIDENCIA                   ;METROPOLITANA;143980;2;1;2;1;143980;0;0;0;SUPER FREIDORA DE AIRE OV3;ELECTRODOMESTICOS
14489421;;M;48;CHILENO;;X;CONSTITUCION                  ;MAULE;324301;6;5;0;0;0;6;5;324301;Horno Electrico UT-BACKOFEN48 48Lts;ELECTRODOMESTICOS
25137269;;F;47;BOLIVIANO;;Extranjero;IQUIQUE                       ;TARAPACA;59149;3;1;0;0;0;3;1;59149;Licuadora Oster Clasica Azul 4134 1,25 lt;ELECTRODOMESTICOS
6933780;;F;70;CHILENO;;Silencioso;ROMERAL                       ;MAULE;19990;1;1;0;0;0;1;1;19990;Hervidor Electrico UT-DUNKEL17P 2Lts Negro;ELECTRODOMESTICOS
24415870;;F;58;COLOMBIANO;;Extranjero;NANCAGUA                      ;L.G.B.OÂ´HIGGINS;44990;1;1;0;0;0;1;1;44990;Aspiradora TH1415 Arrastre 1500Watts;ELECTRODOMESTICOS
10891739;;F;58;CHILENO;;Boomers;RENCA                         ;METROPOLITANA;64990;1;1;1;1;64990;0;0;0;Aspiradora UT-SILENT1804 Arrastre 1800Watts;ELECTRODOMESTICOS
8134525;;F;63;CHILENO;;Boomers;PARRAL                        ;MAULE;558960;4;3;0;0;0;4;3;558960;Horno Electrico TH-80i 80Lts;ELECTRODOMESTICOS
5173153;;M;74;CHILENO;;Silencioso;N/D;N/D;295240;3;2;0;0;0;3;2;295240;Batidora Pedestal TH910PN 4,6Lts 1300Watts;ELECTRODOMESTICOS
10790794;;M;56;CHILENO;;Boomers;ALHUE                         ;METROPOLITANA;99990;1;1;0;0;0;1;1;99990;FREIDORA DE AIRE THOMAS TH-AF60Mi;ELECTRODOMESTICOS
9064750;;M;60;CHILENO;;Boomers;VALDIVIA                      ;LOS RIOS;69990;1;1;0;0;0;1;1;69990;Horno Electrico TH-48N 48Lts;ELECTRODOMESTICOS
9573010;;F;62;CHILENO;;Boomers;RENCA                         ;METROPOLITANA;33980;2;1;0;0;0;2;1;33980;Hervidor Electrico HA-3300 2,5Lts Blanco;ELECTRODOMESTICOS
14377672;Casado;F;44;CHILENO;;X;RENCA                         ;METROPOLITANA;143980;2;1;2;1;143980;0;0;0;SUPER FREIDORA DE AIRE OV3;ELECTRODOMESTICOS
20277552;;F;22;CHILENO;;Silencioso;PROVIDENCIA                   ;METROPOLITANA;69990;1;1;0;0;0;1;1;69990;Horno Microondas Digital UT-CLASSY720 20Lts;ELECTRODOMESTICOS
6819166;;F;77;CHILENO;;Silencioso;PANGUIPULLI                   ;LOS LAGOS;34990;1;1;0;0;0;1;1;34990;Licuadora Roja 550W 1,5Lts Vaso Vidrio;ELECTRODOMESTICOS
10549739;;F;56;CHILENO;;Boomers;RENCA                         ;METROPOLITANA;12990;1;1;1;1;12990;0;0;0;PLANCHA A VAPOR 4070 SUELA CERAMICA 2500W;ELECTRODOMESTICOS
10688194;;M;53;CHILENO;;X;N/D;N/D;527970;3;3;0;0;0;3;3;527970;Licuadora L-1630V Negra 1,5Lts Vaso Vidrio;ELECTRODOMESTICOS
5951373;Divorciado;M;72;CHILENO;;Silencioso;RENCA                         ;METROPOLITANA;49230;2;1;0;0;0;2;1;49230;Licuadora Roja 550W 1,5Lts Vaso Vidrio;ELECTRODOMESTICOS
16722746;;M;34;CHILENO;;Millenial;PROVIDENCIA                   ;METROPOLITANA;36990;1;1;0;0;0;1;1;36990;HORNO ELECTRICO 16N01 16LTS NEGRO;ELECTRODOMESTICOS
14099033;;F;40;CHILENO;;X;"";"";49990;1;1;0;0;0;1;1;49990;FREIDORA DE AIRE BAVIERA 3,8 LITROS;ELECTRODOMESTICOS
19653300;Soltero;F;31;CHILENO;;Millenial;COIHUECO                      ;BIO BIO;79990;1;1;0;0;0;1;1;79990;Horno electrico Black Oven 42lts;ELECTRODOMESTICOS
5771408;;M;76;CHILENO;;Silencioso;MAIPU                         ;METROPOLITANA;24990;1;1;0;0;0;1;1;24990;Licuadora L2000VNG 1,5Lts Vaso Vidrio;ELECTRODOMESTICOS
8084825;;F;69;CHILENO;;Silencioso;SAN FERNANDO                  ;L.G.B.OÂ´HIGGINS;89980;2;1;0;0;0;2;1;89980;Parrilla Electrica TH-224;ELECTRODOMESTICOS
17123787;Soltero;F;33;CHILENO;;Millenial;CASTRO                        ;LOS LAGOS;52980;2;2;0;0;0;2;2;52980;Hervidor Electrico UT-DUNKEL17P 2Lts Negro;ELECTRODOMESTICOS
15968491;;M;37;CHILENO;;Millenial;PROVIDENCIA                   ;METROPOLITANA;14990;1;1;0;0;0;1;1;14990;Tostador de Pan TH-116 2 Rebanadas Negro;ELECTRODOMESTICOS
17797796;Soltero;M;31;CHILENO;QUIMICO FARMACEUTICO;Millenial;RENCA                         ;METROPOLITANA;54990;1;1;0;0;0;1;1;54990;Horno Microondas Mecanico Easy Wave 20Lts;ELECTRODOMESTICOS
5923426;;F;73;CHILENO;;Silencioso;N/D;N/D;60960;4;3;0;0;0;4;3;60960;Hervidor Electrico Tetera UT-LECKER18R 1,8Lts;ELECTRODOMESTICOS
18005507;;M;30;CHILENO;;Millenial;"";"";28570;2;1;0;0;0;2;1;28570;Combo Hervidor + Batidora;ELECTRODOMESTICOS
12153693;;F;48;CHILENO;;X;"";"";82950;5;4;0;0;0;5;4;82950;Licuadora L2000VNG 1,5Lts Vaso Vidrio;ELECTRODOMESTICOS
12254613;;F;51;CHILENO;;X;CALAMA                        ;ANTOFAGASTA;99582;2;2;0;0;0;2;2;99582;Batidora Pedestal UT-KLEIN700;ELECTRODOMESTICOS
18000057;;F;31;CHILENO;;Millenial;OSORNO                        ;LOS LAGOS;12990;1;1;0;0;0;1;1;12990;Cafetera TH-130;ELECTRODOMESTICOS
14737603;Soltero;M;62;ARGENTINO;;Boomers;PROVIDENCIA                   ;METROPOLITANA;34990;1;1;0;0;0;1;1;34990;Licuadora Roja 550W 1,5Lts Vaso Vidrio;ELECTRODOMESTICOS
8830719;Casado;M;60;CHILENO;INGENIERO QUIMICO;Boomers;LA SERENA                     ;COQUIMBO;29990;1;1;0;0;0;1;1;29990;HORNO ELECTRICO 16N01 16LTS NEGRO;ELECTRODOMESTICOS
8843284;;F;59;CHILENO;;Boomers;COLINA                        ;METROPOLITANA;125980;2;1;0;0;0;2;1;125980;Horno Electrico TH-38N 38Lts;ELECTRODOMESTICOS
9789472;;F;57;CHILENO;;Boomers;TOME                          ;BIO BIO;162980;2;1;0;0;0;2;1;162980;Maquina de Coser VX1445 con 14 puntadas;ELECTRODOMESTICOS
15090793;;F;40;CHILENO;;X;SAN FELIPE                    ;VALPARAISO;542280;8;5;0;0;0;8;5;542280;Batidora Pedestal UT-KLEIN700;ELECTRODOMESTICOS
7339965;;F;79;CHILENO;;Silencioso;CUNCO                         ;ARAUCANIA;92980;2;2;0;0;0;2;2;92980;Horno Microondas Digital TH-20S01 20Lts;ELECTRODOMESTICOS
17746093;;F;31;CHILENO;;Millenial;N/D;N/D;63980;2;1;2;1;63980;0;0;0;Extractor de Jugo TH-2660i 2Lts;ELECTRODOMESTICOS
15678347;;F;38;CHILENO;;Millenial;NATALES                       ;MAGALLANES;25990;1;1;0;0;0;1;1;25990;Tostador de PanTH-120R 2 Rebanadas Rojo;ELECTRODOMESTICOS
26794044;;M;31;VENEZOLANO;;Extranjero;SAN ANTONIO                   ;VALPARAISO;19990;1;1;0;0;0;1;1;19990;Hervidor Electrico TH-4515N 2Lts Negro;ELECTRODOMESTICOS
20091086;;F;23;CHILENO;;Z;MONTE PATRIA                  ;COQUIMBO;21990;1;1;0;0;0;1;1;21990;Licuadora L-1630V Negra 1,5Lts Vaso Vidrio;ELECTRODOMESTICOS
17074060;;F;33;CHILENO;;Millenial;COLINA                        ;METROPOLITANA;18990;1;1;0;0;0;1;1;18990;Plancha UT-DUNST 2200Watts Base Ceramica;ELECTRODOMESTICOS
7272806;;F;69;CHILENO;;Silencioso;VILLA ALEMANA                 ;VALPARAISO;19990;1;1;0;0;0;1;1;19990;Exprimidor de Jugo TH-1215 1,5Lts;ELECTRODOMESTICOS
11291770;Casado;M;54;CHILENO;;X;RENCA                         ;METROPOLITANA;51980;2;2;0;0;0;2;2;51980;Licuadora Roja 550W 1,5Lts Vaso Vidrio;ELECTRODOMESTICOS
12832009;;M;51;CHILENO;;X;ARICA                         ;TARAPACA;482948;5;2;0;0;0;5;2;482948;Horno Microondas Digital ME0113MB1/XZS 32Lts;ELECTRODOMESTICOS
18773153;;F;27;CHILENO;;Z;PROVIDENCIA                   ;METROPOLITANA;19990;1;1;0;0;0;1;1;19990;Plancha TH-7052 2000Watts Base Inox;ELECTRODOMESTICOS
14221969;;F;42;CHILENO;;X;TEMUCO                        ;ARAUCANIA;243960;4;3;0;0;0;4;3;243960;Plancha THOMAS TH-7170 2200Watts Base Ceramica;ELECTRODOMESTICOS
10955036;;M;54;CHILENO;;X;RENCA                         ;METROPOLITANA;12990;1;1;0;0;0;1;1;12990;Hervidor Inox One Midea;ELECTRODOMESTICOS
6885833;;F;65;CHILENO;;Boomers;PROVIDENCIA                   ;METROPOLITANA;9990;1;1;1;1;9990;0;0;0;Plancha a Vapor Oster 3803;ELECTRODOMESTICOS
9559420;;M;59;CHILENO;;X;SAN ANTONIO                   ;VALPARAISO;128960;4;4;0;0;0;4;4;128960;PLANCHA A VAPOR 4070 SUELA CERAMICA 2500W;ELECTRODOMESTICOS
10548591;;M;57;CHILENO;;Boomers;LOS ANGELES                   ;BIO BIO;101140;5;2;2;1;18480;3;1;82660;PLANCHA A VAPOR 4070 SUELA CERAMICA 2500W;ELECTRODOMESTICOS
14088454;;M;40;CHILENO;;X;ANCUD                         ;LOS LAGOS;24980;2;1;0;0;0;2;1;24980;Hervidor Inox One Midea;ELECTRODOMESTICOS
15600229;;F;39;CHILENO;;X;PANGUIPULLI                   ;LOS LAGOS;109990;1;1;0;0;0;1;1;109990;Horno Electrico TH62I 60Lts;ELECTRODOMESTICOS
10229195;;M;53;CHILENO;;Millenial;CANELA                        ;COQUIMBO;36990;1;1;0;0;0;1;1;36990;Plancha UT-SHANGRILA Inalambrica 2200Watss;ELECTRODOMESTICOS
26302313;;M;28;HAITIANO;;Extranjero;SANTA MARIA                   ;VALPARAISO;12990;1;1;0;0;0;1;1;12990;Hervidor Electrico TH-4212N 1,7Lts Negro;ELECTRODOMESTICOS
7926304;;F;70;CHILENO;;Silencioso;VICTORIA                      ;ARAUCANIA;19990;1;1;0;0;0;1;1;19990;Licuadora Berry Blender Roja 1400 Vaso Vidrio;ELECTRODOMESTICOS
17826342;Soltero;F;31;CHILENO;;Millenial;RENCA                         ;METROPOLITANA;848960;4;4;0;0;0;4;4;848960;Aspiradora AP1700 Arrastre 1700Watts;ELECTRODOMESTICOS
6762624;;F;69;CHILENO;;Silencioso;RENCA                         ;METROPOLITANA;53980;2;1;2;1;53980;0;0;0;Horno Microondas Digital MMP-20GC3D 20Lts;ELECTRODOMESTICOS
9791933;;F;60;CHILENO;;Boomers;CALAMA                        ;ANTOFAGASTA;12990;1;1;0;0;0;1;1;12990;HERVIDOR COLONIA 1,7 LITROS;ELECTRODOMESTICOS
19031166;;F;26;CHILENO;;Z;PROVIDENCIA                   ;METROPOLITANA;26990;1;1;0;0;0;1;1;26990;Olla Arrocera Multiuso Oster 7129S;ELECTRODOMESTICOS
9738605;Soltero;M;59;CHILENO;CONTADOR GENERAL;Boomers;SAN CARLOS                    ;BIO BIO;94990;1;1;0;0;0;1;1;94990;Batidora Pedestal TH910PN 4,6Lts 1300Watts;ELECTRODOMESTICOS
17378703;;M;32;CHILENO;;Millenial;N/D;N/D;18990;1;1;0;0;0;1;1;18990;MULTIMIXER THOMAS TH- 8706;ELECTRODOMESTICOS
20305225;;F;22;CHILENO;;Z;CONSTITUCION                  ;MAULE;74989;3;1;0;0;0;3;1;74989;Horno Microondas Mecanico TH-18B05 18Lts;ELECTRODOMESTICOS
11915064;;M;50;CHILENO;;X;CURANILAHUE                   ;BIO BIO;32990;1;1;0;0;0;1;1;32990;Tostador de Pan TP-1400 4 Rebanadas Inox;ELECTRODOMESTICOS
8844654;Casado;F;59;CHILENO;;Boomers;RENCA                         ;METROPOLITANA;20990;1;1;0;0;0;1;1;20990;Hervidor Electrico TH-4515N 2Lts Negro;ELECTRODOMESTICOS
21186772;;F;49;PERUANO;;Extranjero;PROVIDENCIA                   ;METROPOLITANA;14990;1;1;0;0;0;1;1;14990;Batidora Vertical Stick Mixer 2609;ELECTRODOMESTICOS
26811152;;F;27;EXTRANJERO - NO INFORMA NACIONALIDAD;;Extranjero;PUERTO MONTT                  ;LOS LAGOS;13990;1;1;0;0;0;1;1;13990;Hervidor Electrico 3101 1,7Lts Negro;ELECTRODOMESTICOS
11174293;;M;55;CHILENO;;Boomers;TALCA                         ;MAULE;489943;7;4;0;0;0;7;4;489943;Horno Microondas Digital L UT-25KROMM 25Lts;ELECTRODOMESTICOS
20610985;;M;21;CHILENO;;Z;PROVIDENCIA                   ;METROPOLITANA;49980;2;1;2;1;49980;0;0;0;Olla Arrocera OA-400NG 1,8Lts;ELECTRODOMESTICOS
15469843;;M;40;CHILENO;;X;LA FLORIDA                    ;METROPOLITANA;102980;2;2;0;0;0;2;2;102980;HERVIDOR COLONIA 1,7 LITROS;ELECTRODOMESTICOS
19343094;;M;26;CHILENO;;Z;"";"";153930;7;2;0;0;0;7;2;153930;Horno Microondas Mecanico M-2030 NG 20Lts;ELECTRODOMESTICOS
14497114;;M;47;CHILENO;;X;EL BOSQUE                     ;METROPOLITANA;203970;3;2;2;1;83980;1;1;119990;CAFETERA PRIMA LATTE 6603 ROJA;ELECTRODOMESTICOS
14159041;;M;41;CHILENO;;X;N/D;N/D;54990;1;1;0;0;0;1;1;54990;Aspiradora VCC4190V3E/XZS Arrastre 2000Watts;ELECTRODOMESTICOS
9648663;;M;56;CHILENO;;Boomers;N/D;N/D;66970;3;2;0;0;0;3;2;66970;Cafetera TH-138i;ELECTRODOMESTICOS
13796414;;F;41;CHILENO;;X;TOME                          ;BIO BIO;427640;7;3;6;2;410650;1;1;16990;Sandwichera TH-952 2 Panes Blanca;ELECTRODOMESTICOS
18420387;;F;28;CHILENO;;Millenial;LAJA;BIO-BIO;106970;3;2;2;1;56980;1;1;49990;Horno Microondas Mecanico Easy Wave 20Lts;ELECTRODOMESTICOS
11116722;;F;55;CHILENO;;Boomers;PUERTO VARAS                  ;LOS LAGOS;119960;4;1;0;0;0;4;1;119960;Horno Microondas Mecanico Fancy 20Lts;ELECTRODOMESTICOS
13146205;;F;45;CHILENO;;X;N/D;N/D;104980;2;1;0;0;0;2;1;104980;Horno Microondas Digital TH-25DM 25Lts;ELECTRODOMESTICOS
8923960;Soltero;F;63;CHILENO;;Boomers;PROVIDENCIA                   ;METROPOLITANA;14990;1;1;0;0;0;1;1;14990;Batidora Vertical Stick Mixer 2609;ELECTRODOMESTICOS
14397494;;F;44;CHILENO;;X;VICTORIA                      ;ARAUCANIA;49990;1;1;0;0;0;1;1;49990;HORNO ELECTRICO BREMEN 23 LITROS;ELECTRODOMESTICOS
26719247;;F;36;VENEZOLANO;;Extranjero;N/D;N/D;60480;2;1;2;1;60480;0;0;0;Aspiradora VCC4190V3E/XZS Arrastre 2000Watts;ELECTRODOMESTICOS
7096690;;M;67;CHILENO;;Boomers;CUREPTO                       ;MAULE;94980;2;2;0;0;0;2;2;94980;Horno Electrico UT-LEIF36 36Lts;ELECTRODOMESTICOS
10678606;;F;55;CHILENO;;Boomers;N/D;N/D;217940;7;3;0;0;0;7;3;217940;Horno Electrico UT-BACKOFEN26 26Lts;ELECTRODOMESTICOS
8294920;Casado;M;65;CHILENO;;Boomers;CHEPICA                       ;L.G.B.OÂ´HIGGINS;39990;1;1;0;0;0;1;1;39990;Procesador TH-9010 Multimixer 1,5Lts Vaso Vidrio;ELECTRODOMESTICOS
9255014;Casado;M;58;CHILENO;;Boomers;RENCA                         ;METROPOLITANA;38990;1;1;0;0;0;1;1;38990;Cafetera UT-KAFFEEKLASSIK;ELECTRODOMESTICOS
5018360;;M;78;CHILENO;;Silencioso;RENCA                         ;METROPOLITANA;54990;1;1;0;0;0;1;1;54990;Aspiradora UT-SILENT1804 Arrastre 1800Watts;ELECTRODOMESTICOS
26862944;;F;40;EXTRANJERO - NO INFORMA NACIONALIDAD;;Extranjero;SAN FERNANDO                  ;L.G.B.OÂ´HIGGINS;159970;3;2;0;0;0;3;2;159970;Plancha a Vapor Oster 3803;ELECTRODOMESTICOS
14006112;;F;42;CHILENO;;X;PROVIDENCIA                   ;METROPOLITANA;19990;1;1;0;0;0;1;1;19990;Hervidor Electrico UT-DUNKEL17P 2Lts Negro;ELECTRODOMESTICOS
18974907;;F;27;CHILENO;;Millenial;EL BOSQUE                     ;METROPOLITANA;21990;1;1;0;0;0;1;1;21990;HERVIDOR ELECTRICO UT-STARK18;ELECTRODOMESTICOS
15345802;;M;39;CHILENO;;X;RENCA                         ;METROPOLITANA;29990;1;1;1;1;29990;0;0;0;Hervidor Electrico Tetera HA-4100 4Lts Iox;ELECTRODOMESTICOS
18517845;;F;29;CHILENO;;Millenial;N/D;N/D;935450;5;4;2;1;740480;3;3;194970;Horno Electrico TH62I 60Lts;ELECTRODOMESTICOS
14330458;Casado;F;45;CHILENO;;X;RENCA                         ;METROPOLITANA;24990;1;1;0;0;0;1;1;24990;Hervidor Electrico TH-5407i 2Lts;ELECTRODOMESTICOS
5298451;;F;80;CHILENO;;Silencioso;ARAUCO                        ;BIO BIO;99980;2;1;0;0;0;2;1;99980;Batidora Pedestal TH910PN 4,6Lts 1300Watts;ELECTRODOMESTICOS
14063904;;F;41;CHILENO;;X;N/D;N/D;111860;3;3;0;0;0;3;3;111860;Aspiradora AP1700 Arrastre 1700Watts;ELECTRODOMESTICOS
17652859;;F;32;CHILENO;;Millenial;TEMUCO                        ;ARAUCANIA;119970;3;2;2;1;89980;1;1;29990;Horno Electrico UT-LEIF36 36Lts;ELECTRODOMESTICOS
16460718;;F;35;CHILENO;;Millenial;RENCA                         ;METROPOLITANA;55480;2;1;0;0;0;2;1;55480;Aspiradora TH1415 Arrastre 1500Watts;ELECTRODOMESTICOS
14049718;;F;41;CHILENO;;X;RENCA                         ;METROPOLITANA;272960;4;2;4;2;272960;0;0;0;Horno Microondas Digital UT-CLASSY720 20Lts;ELECTRODOMESTICOS
18364731;;F;29;CHILENO;;Millenial;PENALOLEN                     ;METROPOLITANA;62220;4;2;0;0;0;4;2;62220;Plancha UT-KERAMIKTOP 2200Watts Base Ceramica;ELECTRODOMESTICOS
10562645;;F;53;CHILENO;;X;HIJUELAS                      ;VALPARAISO;21990;1;1;0;0;0;1;1;21990;Batidora Pedestal B5300 Inox;ELECTRODOMESTICOS
8307739;;F;62;CHILENO;;Boomers;LOS VILOS                     ;COQUIMBO;59990;1;1;0;0;0;1;1;59990;Horno Electrico UT-LEIF36 36Lts;ELECTRODOMESTICOS
13408080;;F;43;CHILENO;;X;ANCUD                         ;LOS LAGOS;44470;3;2;0;0;0;3;2;44470;HERVIDOR COLONIA 1,7 LITROS;ELECTRODOMESTICOS
17508412;;F;38;CHILENO;;X;REQUINOA                      ;L.G.B.OÂ´HIGGINS;59980;2;1;0;0;0;2;1;59980;Hervidor Electrico Tetera TH-6505RT 1,7Lts Rojo;ELECTRODOMESTICOS
14571042;;F;48;CHILENO;;X;TOME                          ;BIO BIO;16990;1;1;0;0;0;1;1;16990;HERVIDOR BERLIN 1,7 LITROS;ELECTRODOMESTICOS
14301952;;F;47;CHILENO;;X;PENAFLOR                      ;METROPOLITANA;238250;4;3;0;0;0;4;3;238250;FREIDORA DE AIRE THOMAS TH-AF60Mi;ELECTRODOMESTICOS
6260726;;F;78;CHILENO;;Silencioso;ARAUCO                        ;BIO BIO;372950;5;6;0;0;0;5;6;372950;Aspiradora UT-SILENT1603 Arrastre 1600Watts;ELECTRODOMESTICOS
12323614;;M;49;CHILENO;;X;SANTA JUANA                   ;BIO BIO;39990;1;1;0;0;0;1;1;39990;Plancha Paninis 2880;ELECTRODOMESTICOS
9822669;;M;59;CHILENO;;Boomers;PROVIDENCIA                   ;METROPOLITANA;9990;1;1;0;0;0;1;1;9990;Plancha a Vapor Oster 3803;ELECTRODOMESTICOS
13965100;;M;43;CHILENO;;X;PROVIDENCIA                   ;METROPOLITANA;126980;2;2;1;1;109990;1;1;16990;HERVIDOR TH-4340;ELECTRODOMESTICOS
8474345;;F;64;CHILENO;;Boomers;PROVIDENCIA                   ;METROPOLITANA;27990;1;1;0;0;0;1;1;27990;Plancha THOMAS TH-7170 2200Watts Base Ceramica;ELECTRODOMESTICOS
16844982;;F;34;CHILENO;;Millenial;PROVIDENCIA                   ;METROPOLITANA;24990;1;1;1;1;24990;0;0;0;Parrilla Electrica TH-180;ELECTRODOMESTICOS
6581902;;F;75;CHILENO;;Silencioso;CANETE                        ;BIO BIO;20483;2;2;0;0;0;2;2;20483;Licuadora TH-320 Roja/Negro 1,5 Lts Vaso Vidrio;ELECTRODOMESTICOS
12054517;;M;53;CHILENO;;X;N/D;N/D;156342;5;2;0;0;0;5;2;156342;Horno Electrico TH62I 60Lts;ELECTRODOMESTICOS
7089603;;F;70;CHILENO;;Silencioso;CANETE                        ;BIO BIO;249980;2;2;0;0;0;2;2;249980;Horno Electrico TH-80i 80Lts;ELECTRODOMESTICOS
15885709;Soltero;F;37;CHILENO;;Millenial;PROVIDENCIA                   ;METROPOLITANA;38990;1;1;0;0;0;1;1;38990;Licuadora Roja 550W 1,5Lts Vaso Vidrio;ELECTRODOMESTICOS
18581534;;F;28;CHILENO;;Millenial;NUEVA IMPERIAL                ;ARAUCANIA;209460;4;2;4;2;209460;0;0;0;Horno Electrico TH-48N 48Lts;ELECTRODOMESTICOS
12305624;;M;49;CHILENO;;X;N/D;N/D;79980;2;2;0;0;0;2;2;79980;Aspiradora Tambor APA1000 1000Watts;ELECTRODOMESTICOS
17276769;Casado;M;33;CHILENO;TECNICO EN ENFERMERIA DE NIVEL SUPERIOR;Millenial;SAN CARLOS                    ;BIO BIO;82052;4;2;0;0;0;4;2;82052;Licuadora Berry Blender Roja 1400 Vaso Vidrio;ELECTRODOMESTICOS
13497229;Casado;F;43;CHILENO;;X;ANTOFAGASTA                   ;ANTOFAGASTA;16990;1;1;0;0;0;1;1;16990;Tostador de Pan TH-116 2 Rebanadas Negro;ELECTRODOMESTICOS
8634369;;M;63;CHILENO;;Boomers;CATEMU                        ;VALPARAISO;60980;2;2;0;0;0;2;2;60980;Licuadora Personal TH-300PB;ELECTRODOMESTICOS
15403981;;F;40;CHILENO;;X;RENCA                         ;METROPOLITANA;39990;1;1;0;0;0;1;1;39990;Aspiradora AP1700 Arrastre 1700Watts;ELECTRODOMESTICOS
14388450;;F;44;CHILENO;;X;N/D;N/D;51980;2;2;0;0;0;2;2;51980;PROCESADOR THOMAS TH-9160;ELECTRODOMESTICOS
18482633;;M;29;CHILENO;;Millenial;"";"";80480;2;1;2;1;80480;0;0;0;Olla Multiuso 6801 5,7Lts;ELECTRODOMESTICOS
5112856;;F;76;CHILENO;;Silencioso;RENCA                         ;METROPOLITANA;39990;1;1;0;0;0;1;1;39990;Aspiradora TH1415 Arrastre 1500Watts;ELECTRODOMESTICOS
16764504;;M;34;CHILENO;;Millenial;TALCAHUANO;BIO-BIO;39980;2;1;0;0;0;2;1;39980;Picadora UT-PETRUS320 1Lts Vaso Vidrio;ELECTRODOMESTICOS
19730202;;M;25;CHILENO;;Z;"";"";19990;1;1;0;0;0;1;1;19990;Combo Hervidor + Batidora;ELECTRODOMESTICOS
24460211;Soltero;F;50;BOLIVIANO;;Extranjero;ANTOFAGASTA                   ;ANTOFAGASTA;29990;1;1;0;0;0;1;1;29990;Licuadora L-5500IN 1,5Lts;ELECTRODOMESTICOS
10299518;;F;64;CHILENO;;Boomers;PROVIDENCIA                   ;METROPOLITANA;17990;1;1;0;0;0;1;1;17990;Batidora Vertical Stick Mixer 2609;ELECTRODOMESTICOS
9292732;;F;57;CHILENO;;Boomers;SAN VICENTE                   ;L.G.B.OÂ´HIGGINS;64990;1;1;0;0;0;1;1;64990;Aspiradora TH1870 Arrastre 1800Watts Gris;ELECTRODOMESTICOS
10535852;;F;55;CHILENO;;Boomers;N/D;N/D;219980;2;2;0;0;0;2;2;219980;Licuadora Berry Blender Roja 1400 Vaso Vidrio;ELECTRODOMESTICOS
26363200;;F;29;VENEZOLANO;;Extranjero;PROVIDENCIA                   ;METROPOLITANA;11990;1;1;1;1;11990;0;0;0;Hervidor Electrico 3101 1,7Lts Negro;ELECTRODOMESTICOS
16535198;;F;35;CHILENO;;Millenial;PROVIDENCIA                   ;METROPOLITANA;64980;2;1;0;0;0;2;1;64980;Licuadora L1000 Inox 1,7LtsVaso Vidrio;ELECTRODOMESTICOS
12402571;;F;48;CHILENO;;X;CALERA                        ;VALPARAISO;68980;3;2;0;0;0;3;2;68980;HERVIDOR TH-4340;ELECTRODOMESTICOS
26825109;Soltero;M;39;EXTRANJERO - NO INFORMA NACIONALIDAD;;Extranjero;TALAGANTE                     ;METROPOLITANA;49990;1;1;0;0;0;1;1;49990;Horno Microondas Mecanico Easy Wave 20Lts;ELECTRODOMESTICOS
13179335;;M;44;CHILENO;;X;RENCA                         ;METROPOLITANA;27990;1;1;0;0;0;1;1;27990;PICADORA 123 SILHQUETTE;ELECTRODOMESTICOS
13159408;;F;45;CHILENO;;X;VALDIVIA                      ;LOS LAGOS;26990;1;1;0;0;0;1;1;26990;Cafetera TH-138i;ELECTRODOMESTICOS
10266139;;M;58;CHILENO;;Boomers;PROVIDENCIA                   ;METROPOLITANA;127970;3;1;0;0;0;3;1;127970;Aspiradora TH1870 Arrastre 1800Watts Gris;ELECTRODOMESTICOS
5133505;;M;77;CHILENO;;Silencioso;N/D;N/D;59980;2;1;0;0;0;2;1;59980;PROCESADOR THOMAS TH-9160;ELECTRODOMESTICOS
7086760;;F;71;CHILENO;;Silencioso;ANGOL                         ;ARAUCANIA;32990;1;1;0;0;0;1;1;32990;Licuadora TH-320 Roja/Negro 1,5 Lts Vaso Vidrio;ELECTRODOMESTICOS
6767852;Viudo;M;71;CHILENO;;Silencioso;RENCA                         ;METROPOLITANA;29990;1;1;0;0;0;1;1;29990;Licuadora Berry Blender Roja 1400 Vaso Vidrio;ELECTRODOMESTICOS
17179065;;F;36;CHILENO;;Millenial;SANTIAGO                      ;METROPOLITANA;34990;1;1;0;0;0;1;1;34990;Plancha UT-SHANGRILA Inalambrica 2200Watss;ELECTRODOMESTICOS
20390794;;F;22;CHILENO;;Millenial;"";"";23980;2;1;2;1;23980;0;0;0;Licuadora Berry Blender Roja 1400 Vaso Vidrio;ELECTRODOMESTICOS
13969733;;M;42;CHILENO;;X;COIHAIQUE                     ;AYSEN;59990;1;1;0;0;0;1;1;59990;Aspiradora TH1870 Arrastre 1800Watts Gris;ELECTRODOMESTICOS
12739760;;F;47;CHILENO;;X;RENCA                         ;METROPOLITANA;16990;1;1;0;0;0;1;1;16990;Batidora Manual TH-8830;ELECTRODOMESTICOS
13503819;;F;43;CHILENO;;X;RANCAGUA                      ;L.G.B.OÂ´HIGGINS;19990;1;1;0;0;0;1;1;19990;Licuadora Berry Blender Roja 1400 Vaso Vidrio;ELECTRODOMESTICOS
18718772;;M;27;CHILENO;;Millenial;CANETE                        ;BIO BIO;74990;1;1;0;0;0;1;1;74990;Horno Microondas Digital TH-25DM 25Lts;ELECTRODOMESTICOS
8157643;;F;63;CHILENO;;Boomers;SAN VICENTE                   ;L.G.B.OÂ´HIGGINS;59990;1;1;0;0;0;1;1;59990;Horno Microondas Digital TH-20S01 20Lts;ELECTRODOMESTICOS
16531056;;M;46;CHILENO;;X;ANTOFAGASTA                   ;ANTOFAGASTA;34990;1;1;0;0;0;1;1;34990;Combo Hervidor + Tostador + Sandwichera;ELECTRODOMESTICOS
11069219;;F;55;CHILENO;;Boomers;MACUL                         ;METROPOLITANA;36980;2;3;0;0;0;2;3;36980;Licuadora L-1630V Negra 1,5Lts Vaso Vidrio;ELECTRODOMESTICOS
17117601;;F;33;CHILENO;;Millenial;PROVIDENCIA                   ;METROPOLITANA;109970;3;2;1;1;39990;2;1;69980;Parrilla Electrica M18W;ELECTRODOMESTICOS
9103705;;F;54;CHILENO;;Silencioso;PROVIDENCIA                   ;METROPOLITANA;74990;1;1;0;0;0;1;1;74990;Horno Microondas Digital TH20DM 20Lts Espejado;ELECTRODOMESTICOS
11210000;;F;54;CHILENO;;Boomers;RENCA                         ;METROPOLITANA;12990;1;1;0;0;0;1;1;12990;Hervidor Inox One Midea;ELECTRODOMESTICOS
16690762;;M;36;CHILENO;;Millenial;N/D;N/D;1137950;5;4;0;0;0;5;4;1137950;Horno Electrico TH-100i 100Lts;ELECTRODOMESTICOS
26178172;Soltero;M;32;VENEZOLANO;;Extranjero;"";"";34990;1;1;0;0;0;1;1;34990;Licuadora TH-501V 1,5Lts Vaso Vidrio;ELECTRODOMESTICOS
10591940;Soltero;F;54;CHILENO;;Boomers;RENCA                         ;METROPOLITANA;18990;1;1;0;0;0;1;1;18990;Batidora Manual TH-8830;ELECTRODOMESTICOS
19489040;;M;25;CHILENO;;Z;PROVIDENCIA                   ;METROPOLITANA;16990;1;1;0;0;0;1;1;16990;Hervidor Electrico UT-MANLY17 1,7Lts Negro;ELECTRODOMESTICOS
19535811;;F;25;CHILENO;;Z;N/D;N/D;124980;2;1;0;0;0;2;1;124980;Horno Electrico UT-BACKOFEN38 38Lts;ELECTRODOMESTICOS
8510994;;M;50;CHILENO;;X;LA FLORIDA;METROPOLITANA;123980;2;1;2;1;123980;0;0;0;CAFETERA PRIMA LATTE 6603 ROJA;ELECTRODOMESTICOS
9313305;;F;62;CHILENO;;Boomers;COPIAPO                       ;ATACAMA;39990;1;1;0;0;0;1;1;39990;Procesador TH-9010 Multimixer 1,5Lts Vaso Vidrio;ELECTRODOMESTICOS
20367013;;F;22;CHILENO;;Z;PROVIDENCIA                   ;METROPOLITANA;14990;1;1;0;0;0;1;1;14990;Hervidor Electrico TH-4212N 1,7Lts Negro;ELECTRODOMESTICOS
8063909;;F;66;CHILENO;;Boomers;TALCAHUANO                    ;BIO BIO;31990;1;1;0;0;0;1;1;31990;Licuadora TH-320 Roja/Negro 1,5 Lts Vaso Vidrio;ELECTRODOMESTICOS
15117776;;F;40;CHILENO;;X;CHIMBARONGO                   ;L.G.B.OÂ´HIGGINS;179970;3;3;0;0;0;3;3;179970;Hervidor Electrico UT-MANLY17 1,7Lts Negro;ELECTRODOMESTICOS
18112166;;F;30;CHILENO;;Millenial;PROVIDENCIA                   ;METROPOLITANA;232970;3;2;0;0;0;3;2;232970;Plancha THOMAS TH-7170 2200Watts Base Ceramica;ELECTRODOMESTICOS
12632090;;F;48;CHILENO;;Millenial;"";"";14990;1;1;0;0;0;1;1;14990;Batidora Vertical Stick Mixer 2609;ELECTRODOMESTICOS
10786992;;M;56;CHILENO;;Boomers;SAN VICENTE                   ;L.G.B.OÂ´HIGGINS;418350;4;3;0;0;0;4;3;418350;Aspiradora TH1870 Arrastre 1800Watts Gris;ELECTRODOMESTICOS
7485991;;F;68;CHILENO;;Silencioso;CANELA                        ;COQUIMBO;94940;6;1;0;0;0;6;1;94940;PROCESADOR DE ALIMENTOS UT-PROCESSOR750;ELECTRODOMESTICOS
11172503;;F;54;CHILENO;;Boomers;RANCAGUA                      ;L.G.B.OÂ´HIGGINS;12990;1;1;0;0;0;1;1;12990;Exprimidor Fauna 500 cc;ELECTRODOMESTICOS
19351861;;F;25;CHILENO;;Z;SALAMANCA                     ;COQUIMBO;23990;1;1;0;0;0;1;1;23990;Licuadora L-1630V Negra 1,5Lts Vaso Vidrio;ELECTRODOMESTICOS
11363573;;F;53;CHILENO;;X;BUIN                          ;METROPOLITANA;64980;2;1;0;0;0;2;1;64980;Licuadora L-25000NG;ELECTRODOMESTICOS
9395798;;F;58;CHILENO;;Boomers;TALCA                         ;MAULE;354980;2;2;0;0;0;2;2;354980;Aspiradora UT-SILENT1603 Arrastre 1600Watts;ELECTRODOMESTICOS
15957479;;F;37;CHILENO;;Silencioso;PROVIDENCIA                   ;METROPOLITANA;39980;2;2;0;0;0;2;2;39980;Licuadora L-1630V Negra 1,5Lts Vaso Vidrio;ELECTRODOMESTICOS
15852947;;F;38;CHILENO;;Millenial;CHIGUAYANTE                   ;BIO BIO;64990;1;1;0;0;0;1;1;64990;ASPIRADORA THOMAS TH-1640;ELECTRODOMESTICOS
17973128;;F;30;CHILENO;;Millenial;"";"";16990;1;1;0;0;0;1;1;16990;Sandwichera TH-952 2 Panes Blanca;ELECTRODOMESTICOS
20046404;;F;23;CHILENO;;Z;LOLOL                         ;L.G.B.OÂ´HIGGINS;242520;4;3;3;2;214530;1;1;27990;Aspiradora VCC4190V3E/XZS Arrastre 2000Watts;ELECTRODOMESTICOS
26877504;;F;29;EXTRANJERO - NO INFORMA NACIONALIDAD;;Extranjero;"";"";125970;3;3;0;0;0;3;3;125970;FREIDORA DE AIRE THOMAS TH-AF60Mi;ELECTRODOMESTICOS
9641248;Soltero;F;59;CHILENO;;Boomers;PEMUCO                        ;BIO BIO;10990;1;1;0;0;0;1;1;10990;Procesador TH-9010 Multimixer 1,5Lts Vaso Vidrio;ELECTRODOMESTICOS
16466989;;F;35;CHILENO;;Millenial;ARICA                         ;ARICA Y PARINACOTA;25990;1;1;0;0;0;1;1;25990;Plancha UT-KERAMIKTOP 2200Watts Base Ceramica;ELECTRODOMESTICOS
10572918;;M;57;CHILENO;;Boomers;PROVIDENCIA                   ;METROPOLITANA;27990;1;1;0;0;0;1;1;27990;Plancha THOMAS TH-7170 2200Watts Base Ceramica;ELECTRODOMESTICOS
16827026;;M;34;CHILENO;;Millenial;REQUINOA                      ;L.G.B.OÂ´HIGGINS;44990;1;1;0;0;0;1;1;44990;Aspiradora Handy Clean Black 1400;ELECTRODOMESTICOS
9362850;;M;60;CHILENO;;Boomers;MARIA ELENA                   ;ANTOFAGASTA;156980;2;2;0;0;0;2;2;156980;Hervidor Electrico HA-3300 2,5Lts Blanco;ELECTRODOMESTICOS
12544548;Casado;M;48;CHILENO;;X;RENCA                         ;METROPOLITANA;69990;1;1;0;0;0;1;1;69990;Aspiradora TH1870 Arrastre 1800Watts Gris;ELECTRODOMESTICOS
11749179;;M;51;CHILENO;;X;"";"";19990;1;1;0;0;0;1;1;19990;Exprimidor de Jugo TH-1215 1,5Lts;ELECTRODOMESTICOS
7221315;;F;65;CHILENO;;Boomers;COPIAPO                       ;ATACAMA;8990;1;1;0;0;0;1;1;8990;Plancha a Vapor Oster 3803;ELECTRODOMESTICOS
17615478;;F;31;CHILENO;;Millenial;PROVIDENCIA                   ;METROPOLITANA;75980;2;1;2;1;75980;0;0;0;Olla Multiuso 6801 5,7Lts;ELECTRODOMESTICOS
16219765;;M;37;CHILENO;;Millenial;PINTO                         ;BIO BIO;11990;1;1;0;0;0;1;1;11990;Hervidor Acero Inoxidable 40989-CL Hamilton Beac;ELECTRODOMESTICOS
18428781;;F;29;CHILENO;;Millenial;N/D;N/D;1323050;7;4;6;3;1310060;1;1;12990;Hervidor Electrico TH-4212N 1,7Lts Negro;ELECTRODOMESTICOS
19496496;;F;25;CHILENO;;Z;TOCOPILLA                     ;ANTOFAGASTA;214950;5;4;2;2;149980;3;2;64970;Hervidor Electrico TH-4212N 1,7Lts Negro;ELECTRODOMESTICOS
14153484;;F;40;CHILENO;;X;HUECHURABA                    ;METROPOLITANA;54990;1;1;0;0;0;1;1;54990;Horno Microondas Mecanico TH-18B05 18Lts;ELECTRODOMESTICOS
10884782;;F;58;CHILENO;;Millenial;EL BOSQUE                     ;METROPOLITANA;50992;1;1;0;0;0;1;1;50992;Aspiradora TH1870 Arrastre 1800Watts Gris;ELECTRODOMESTICOS
16398184;;F;35;CHILENO;;Millenial;"";"";73970;3;1;3;1;73970;0;0;0;HORNO ELECTRICO 16 LITROS HE-16NG;ELECTRODOMESTICOS
10121957;Casado;F;56;CHILENO;;Boomers;PROVIDENCIA                   ;METROPOLITANA;99990;1;1;0;0;0;1;1;99990;Horno Microondas Digital TH-25DM 25Lts;ELECTRODOMESTICOS
10703525;;F;44;CHILENO;;X;PROVIDENCIA                   ;METROPOLITANA;0;0;2;0;0;0;0;2;0;Aspiradora UT-MEINER1803 Arrastre 1800Watts;ELECTRODOMESTICOS
14278155;;F;49;CHILENO;;X;SAN CARLOS                    ;BIO BIO;438950;5;2;0;0;0;5;2;438950;Horno Electrico TH62I 60Lts;ELECTRODOMESTICOS
11561607;;F;52;CHILENO;;X;PROVIDENCIA                   ;METROPOLITANA;18990;1;1;0;0;0;1;1;18990;Tostador de Pan TH-116 2 Rebanadas Negro;ELECTRODOMESTICOS
11253439;;F;54;CHILENO;;X;CASTRO                        ;LOS LAGOS;248949;5;4;0;0;0;5;4;248949;Hervidor Electrico Tetera HA-4100 4Lts Iox;ELECTRODOMESTICOS
10225478;;F;57;CHILENO;;Boomers;RENCA                         ;METROPOLITANA;27990;1;1;0;0;0;1;1;27990;Plancha UT-PLATTEISEN 2000Watts Base Ceramica;ELECTRODOMESTICOS
17371039;;F;32;CHILENO;;Millenial;PROVIDENCIA                   ;METROPOLITANA;241680;4;2;4;2;241680;0;0;0;Horno Microondas Mecanico Easy Wave 20Lts;ELECTRODOMESTICOS
24740226;Soltero;M;31;COLOMBIANO;CIRUJANO DENTISTA;Extranjero;PROVIDENCIA                   ;METROPOLITANA;28990;1;1;0;0;0;1;1;28990;Licuadora Personal TH-300PB;ELECTRODOMESTICOS
19878479;;F;24;CHILENO;;Z;N/D;N/D;49990;1;1;0;0;0;1;1;49990;Horno Microondas Mecanico Fancy 20Lts;ELECTRODOMESTICOS
12781184;;F;47;CHILENO;;X;PLACILLA                      ;L.G.B.OÂ´HIGGINS;212970;3;3;0;0;0;3;3;212970;Olla Arrocera Multiuso Oster 7129S;ELECTRODOMESTICOS
11389156;;M;52;CHILENO;;Millenial;"";"";19990;1;1;0;0;0;1;1;19990;Combo Hervidor + Batidora;ELECTRODOMESTICOS
11697750;;M;51;CHILENO;;Extranjero;MARIA PINTO                   ;METROPOLITANA;69990;1;1;0;0;0;1;1;69990;Aspiradora TH1870 Arrastre 1800Watts Gris;ELECTRODOMESTICOS
13378306;;F;44;CHILENO;;X;QUIRIHUE;BIO-BIO;45840;2;1;2;1;45840;0;0;0;Horno Electrico TH-25N01 25Lts;ELECTRODOMESTICOS
18462447;;M;29;CHILENO;;Millenial;SAN JAVIER                    ;MAULE;765940;6;2;0;0;0;6;2;765940;Licuadora L2000VNG 1,5Lts Vaso Vidrio;ELECTRODOMESTICOS
13940931;;M;42;CHILENO;;X;RENCA                         ;METROPOLITANA;64990;1;1;0;0;0;1;1;64990;Horno Microondas Mecanico TH-18B05 18Lts;ELECTRODOMESTICOS
9406319;Soltero;F;61;CHILENO;;Boomers;RENCA                         ;METROPOLITANA;99990;1;1;0;0;0;1;1;99990;Horno Electrico UT-BACKOFEN60 60Lts;ELECTRODOMESTICOS
7972409;;F;65;CHILENO;;Boomers;VALPARAISO                    ;VALPARAISO;114980;2;1;0;0;0;2;1;114980;Horno Electrico UT-BACKOFEN60 60Lts;ELECTRODOMESTICOS
15159580;;M;39;CHILENO;;X;BUIN                          ;METROPOLITANA;863930;7;4;0;0;0;7;4;863930;Combo Hervidor + Batidora;ELECTRODOMESTICOS
17183968;;M;33;CHILENO;;Millenial;RENCA                         ;METROPOLITANA;25980;2;1;2;1;25980;0;0;0;PLANCHA A VAPOR 4070 SUELA CERAMICA 2500W;ELECTRODOMESTICOS
9874157;;M;58;CHILENO;;Boomers;RENCA                         ;METROPOLITANA;44990;1;1;0;0;0;1;1;44990;Picadora TH-9020V Vaso Vidrio 2Lts;ELECTRODOMESTICOS
6948971;;M;66;CHILENO;;Boomers;OVALLE                        ;COQUIMBO;109990;1;1;0;0;0;1;1;109990;Horno Microondas Digital L UT-25KROMM 25Lts;ELECTRODOMESTICOS
13699555;;F;44;CHILENO;;X;PAINE                         ;METROPOLITANA;71980;2;2;0;0;0;2;2;71980;Aspiradora UT-SILENT1603 Arrastre 1600Watts;ELECTRODOMESTICOS
15079638;;F;39;CHILENO;;X;VILLA ALEMANA                 ;VALPARAISO;17990;1;1;0;0;0;1;1;17990;Hervidor Electrico UT-KLAR20PW 2Lts Blanco;ELECTRODOMESTICOS
13085429;;F;45;CHILENO;;X;PROVIDENCIA                   ;METROPOLITANA;44230;3;2;0;0;0;3;2;44230;Hervidor Electrico TH-4515N 2Lts Negro;ELECTRODOMESTICOS
18623866;;M;28;CHILENO;;Millenial;PROVIDENCIA                   ;METROPOLITANA;59990;1;1;1;1;59990;0;0;0;Aspiradora UT-SILENT1804 Arrastre 1800Watts;ELECTRODOMESTICOS
10138520;;F;59;CHILENO;;Boomers;ARICA                         ;ARICA Y PARINACOTA;40540;2;1;2;1;40540;0;0;0;PANINI SANDWICHERA THOMAS TH-975;ELECTRODOMESTICOS
18139988;;F;30;CHILENO;;Millenial;PROVIDENCIA                   ;METROPOLITANA;24990;1;1;0;0;0;1;1;24990;Licuadora TH-320 Roja/Negro 1,5 Lts Vaso Vidrio;ELECTRODOMESTICOS
7534234;;F;63;CHILENO;;Boomers;NANCAGUA                      ;L.G.B.OÂ´HIGGINS;536970;3;2;0;0;0;3;2;536970;Horno Electrico TH-80i 80Lts;ELECTRODOMESTICOS
4822689;;F;80;CHILENO;;Silencioso;QUILLOTA                      ;VALPARAISO;69990;1;1;0;0;0;1;1;69990;ASPIRADORA THOMAS TH-1640;ELECTRODOMESTICOS
6278673;;F;71;CHILENO;;Silencioso;LOS ALAMOS                    ;BIO BIO;139990;1;1;0;0;0;1;1;139990;Horno Electrico TH-80i 80Lts;ELECTRODOMESTICOS
11565805;;F;52;CHILENO;;X;RETIRO                        ;MAULE;28990;1;1;0;0;0;1;1;28990;PICADORA 123 SILHQUETTE;ELECTRODOMESTICOS
7221707;;M;68;CHILENO;;Silencioso;PROVIDENCIA                   ;METROPOLITANA;34990;1;1;0;0;0;1;1;34990;Licuadora TH-401V Roja 1,75Lts Vaso Vidrio;ELECTRODOMESTICOS
5334414;;M;73;CHILENO;;Silencioso;PROVIDENCIA                   ;METROPOLITANA;34990;1;1;0;0;0;1;1;34990;Licuadora TH-501V 1,5Lts Vaso Vidrio;ELECTRODOMESTICOS
19942922;;M;23;CHILENO;;Z;N/D;N/D;244542;6;4;0;0;0;6;4;244542;Aspiradora Handy Clean Black 1400;ELECTRODOMESTICOS
26276289;;M;36;VENEZOLANO;;Extranjero;LA FLORIDA                    ;METROPOLITANA;44990;1;1;0;0;0;1;1;44990;Licuadora TH-501V 1,5Lts Vaso Vidrio;ELECTRODOMESTICOS
10734327;Casado;F;46;CHILENO;;X;RENCA                         ;METROPOLITANA;25980;2;1;2;1;25980;0;0;0;PLANCHA A VAPOR 4070 SUELA CERAMICA 2500W;ELECTRODOMESTICOS
8294765;;F;60;CHILENO;;Boomers;CARAHUE                       ;ARAUCANIA;64990;1;1;0;0;0;1;1;64990;Horno Electrico TH-25N01 25Lts;ELECTRODOMESTICOS
13389451;;F;44;CHILENO;;X;CURANILAHUE                   ;BIO BIO;56980;2;2;0;0;0;2;2;56980;Licuadora L2000VNG 1,5Lts Vaso Vidrio;ELECTRODOMESTICOS
17605521;;F;32;CHILENO;;Millenial;CALDERA;ATACAMA;16990;1;1;0;0;0;1;1;16990;Sandwichera TH-952 2 Panes Blanca;ELECTRODOMESTICOS
17879259;;M;30;CHILENO;;Millenial;PUDAHUEL                      ;METROPOLITANA;16980;2;1;2;1;16980;0;0;0;PLANCHA A VAPOR 4070 SUELA CERAMICA 2500W;ELECTRODOMESTICOS
12595543;;F;47;CHILENO;;X;CASTRO                        ;LOS LAGOS;64990;1;1;0;0;0;1;1;64990;Horno Microondas Digital TH20DM 20Lts Espejado;ELECTRODOMESTICOS
3546438;;F;82;CHILENO;;Silencioso;RENCA                         ;METROPOLITANA;17990;1;1;0;0;0;1;1;17990;Hervidor Electrico UT-KLAR20PW 2Lts Blanco;ELECTRODOMESTICOS
10078028;;F;57;CHILENO;;Boomers;SANTA CRUZ                    ;L.G.B.OÂ´HIGGINS;184980;2;1;0;0;0;2;1;184980;Horno Electrico TH-80i 80Lts;ELECTRODOMESTICOS
27209402;Soltero;M;35;EXTRANJERO - NO INFORMA NACIONALIDAD;;Extranjero;"";"";145840;2;1;2;1;145840;0;0;0;CAFETERA PRIMA LATTE 6603 NEGRA;ELECTRODOMESTICOS
17844906;;M;30;CHILENO;;Millenial;N/D;N/D;189970;3;3;2;2;109980;1;1;79990;Horno Electrico UT-BACKOFEN60 60Lts;ELECTRODOMESTICOS
8481028;;M;64;CHILENO;;Boomers;NOGALES                       ;VALPARAISO;26990;1;1;0;0;0;1;1;26990;Hervidor Electrico Tetera UT-LECKER18R 1,8Lts;ELECTRODOMESTICOS
7335767;;F;68;CHILENO;;Boomers;N/D;N/D;800500;9;5;0;0;0;9;5;800500;Horno Electrico TH-25N01 25Lts;ELECTRODOMESTICOS
13437229;;M;44;CHILENO;;X;LA CISTERNA                   ;METROPOLITANA;1076910;9;6;5;2;903950;4;4;172960;Aspiradora Trapeadora Robot Ut-Excellenza (B);ELECTRODOMESTICOS
7847857;;M;62;CHILENO;;Boomers;PROVIDENCIA                   ;METROPOLITANA;17990;1;1;0;0;0;1;1;17990;HERVIDOR TH-4340;ELECTRODOMESTICOS
18656001;;F;28;CHILENO;;Millenial;PROVIDENCIA                   ;METROPOLITANA;59990;1;1;1;1;59990;0;0;0;Horno Microondas Digital TH-20S01 20Lts;ELECTRODOMESTICOS
18449158;Soltero;M;29;CHILENO;CHEF;Millenial;PROVIDENCIA                   ;METROPOLITANA;84990;1;1;0;0;0;1;1;84990;Batidora Pedestal UT-KLEIN700;ELECTRODOMESTICOS
16012630;;M;36;ESPAÃOL;;Millenial;PARRAL                        ;MAULE;59990;3;1;0;0;0;3;1;59990;HORNO ELECTRICO 16N01 16LTS NEGRO;ELECTRODOMESTICOS
15302776;;M;40;CHILENO;;X;N/D;N/D;42970;3;1;0;0;0;3;1;42970;Licuadora L2000VNG 1,5Lts Vaso Vidrio;ELECTRODOMESTICOS
18489535;;F;28;CHILENO;;Millenial;SAN CARLOS;BIO-BIO;55980;2;2;0;0;0;2;2;55980;Plancha THOMAS TH-7170 2200Watts Base Ceramica;ELECTRODOMESTICOS
19266831;;M;25;CHILENO;;Z;ANCUD                         ;LOS LAGOS;75980;2;2;0;0;0;2;2;75980;Horno Microondas Mecanico TH-18B05 18Lts;ELECTRODOMESTICOS
7055538;;F;66;CHILENO;;Boomers;SAN VICENTE                   ;L.G.B.OÂ´HIGGINS;16990;1;1;0;0;0;1;1;16990;HERVIDOR TH-4340;ELECTRODOMESTICOS
15485776;;M;40;CHILENO;;X;PROVIDENCIA                   ;METROPOLITANA;24990;1;1;0;0;0;1;1;24990;PLANCHA VAPOR TH-7146;ELECTRODOMESTICOS
6724875;;F;68;CHILENO;;Boomers;RENCA                         ;METROPOLITANA;34990;1;1;0;0;0;1;1;34990;Licuadora TH-401V Roja 1,75Lts Vaso Vidrio;ELECTRODOMESTICOS
13501794;;M;45;CHILENO;;X;RENCA                         ;METROPOLITANA;32980;2;1;0;0;0;2;1;32980;Combo Hervidor + Batidora;ELECTRODOMESTICOS
14556426;;F;46;CHILENO;;X;YERBAS BUENAS                 ;MAULE;72660;3;2;0;0;0;3;2;72660;Licuadora TH-401V Roja 1,75Lts Vaso Vidrio;ELECTRODOMESTICOS
5482032;;F;75;CHILENO;;Silencioso;SANTA MARIA                   ;VALPARAISO;44990;1;1;0;0;0;1;1;44990;Picadora TH-9020V Vaso Vidrio 2Lts;ELECTRODOMESTICOS
9365395;;M;58;CHILENO;;Boomers;CORONEL                       ;BIO BIO;29990;1;1;0;0;0;1;1;29990;Hervidor Electrico Tetera TH-6505RT 1,7Lts Rojo;ELECTRODOMESTICOS
16947076;;M;34;CHILENO;;Millenial;PADRE LAS CASAS               ;ARAUCANIA;54980;2;1;2;1;54980;0;0;0;Licuadora Roja 550W 1,5Lts Vaso Vidrio;ELECTRODOMESTICOS
26111332;Soltero;F;29;BOLIVIANO;;Extranjero;PROVIDENCIA                   ;METROPOLITANA;11990;1;1;0;0;0;1;1;11990;Hervidor Electrico 3101 1,7Lts Negro;ELECTRODOMESTICOS
7959426;;M;63;CHILENO;;Boomers;IQUIQUE                       ;TARAPACA;85044;5;2;0;0;0;5;2;85044;Licuadora TH-401V Roja 1,75Lts Vaso Vidrio;ELECTRODOMESTICOS
10946622;;F;57;CHILENO;;Boomers;CALBUCO                       ;LOS LAGOS;20140;2;1;0;0;0;2;1;20140;MULTIMIXER THOMAS TH- 8706;ELECTRODOMESTICOS
21585031;;F;50;PERUANO;;Extranjero;N/D;N/D;139970;3;1;0;0;0;3;1;139970;Olla Multiuso 6801 5,7Lts;ELECTRODOMESTICOS
8896450;Casado;F;61;CHILENO;;Boomers;RENCA                         ;METROPOLITANA;11990;1;1;0;0;0;1;1;11990;Exprimidor de Jugo CJ-2000 1Lts;ELECTRODOMESTICOS
16839303;;M;34;CHILENO;;Millenial;LAS CONDES;METROPOLITANA;16980;2;1;2;1;16980;0;0;0;PLANCHA A VAPOR 4070 SUELA CERAMICA 2500W;ELECTRODOMESTICOS
17973577;;M;30;CHILENO;;Millenial;LA SERENA                     ;COQUIMBO;28990;1;1;0;0;0;1;1;28990;MAQUINA COSER ECO 15-CB;ELECTRODOMESTICOS
18961556;;F;27;CHILENO;;Z;EL MONTE                      ;METROPOLITANA;19990;1;1;0;0;0;1;1;19990;Combo Hervidor + Batidora;ELECTRODOMESTICOS
26693983;;M;35;EXTRANJERO - NO INFORMA NACIONALIDAD;;Extranjero;"";"";40970;3;2;2;1;20980;1;1;19990;Cafetera TH-130;ELECTRODOMESTICOS
17467685;;M;32;CHILENO;;Millenial;PROVIDENCIA                   ;METROPOLITANA;47990;1;1;0;0;0;1;1;47990;LICUADORA CROMADA CON TECLAS PLUS;ELECTRODOMESTICOS
17036047;;F;34;CHILENO;;Millenial;PROVIDENCIA                   ;METROPOLITANA;39990;1;1;0;0;0;1;1;39990;Aspiradora AP1700 Arrastre 1700Watts;ELECTRODOMESTICOS
8731081;;M;54;CHILENO;;X;FRESIA                        ;LOS LAGOS;216960;4;2;0;0;0;4;2;216960;Hervidor Electrico UT-REIN17SS;ELECTRODOMESTICOS
9730630;;F;60;CHILENO;;Silencioso;SAN JAVIER                    ;MAULE;49990;1;1;0;0;0;1;1;49990;Aspiradora VCC4190V3E/XZS Arrastre 2000Watts;ELECTRODOMESTICOS
7394999;Divorciado;F;69;CHILENO;;Silencioso;SAN JAVIER                    ;MAULE;26990;1;1;0;0;0;1;1;26990;PICADORA 123 SILHQUETTE;ELECTRODOMESTICOS
5928635;;F;77;CHILENO;;Silencioso;EL BOSQUE                     ;METROPOLITANA;380450;4;2;0;0;0;4;2;380450;PLANCHA VAPOR TH-7146;ELECTRODOMESTICOS
9552157;;M;57;CHILENO;;Boomers;VINA DEL MAR                  ;VALPARAISO;59990;1;1;0;0;0;1;1;59990;Aspiradora AP3400 Arrastre 2000Watts;ELECTRODOMESTICOS
16119500;Soltero;F;37;CHILENO;;Millenial;RENCA                         ;METROPOLITANA;82980;2;2;0;0;0;2;2;82980;HERVIDOR TH-4340;ELECTRODOMESTICOS
14450801;;F;50;CHILENO;;X;LA PINTANA                    ;METROPOLITANA;216770;2;1;0;0;0;2;1;216770;Maquina de Coser 311;ELECTRODOMESTICOS
26507806;;F;30;VENEZOLANO;;Extranjero;N/D;N/D;104980;2;1;0;0;0;2;1;104980;FREIDORA DE AIRE THOMAS TH-AF60Mi;ELECTRODOMESTICOS
13195499;;M;44;CHILENO;;X;SAN ANTONIO                   ;VALPARAISO;14990;1;1;0;0;0;1;1;14990;Hervidor Electrico HA-3300 2,5Lts Blanco;ELECTRODOMESTICOS
7725980;;M;65;CHILENO;;Boomers;PROVIDENCIA                   ;METROPOLITANA;169990;1;1;0;0;0;1;1;169990;Horno Electrico TH-100i 100Lts;ELECTRODOMESTICOS
6846085;;F;70;CHILENO;;Silencioso;LA LIGUA                      ;VALPARAISO;179990;1;1;0;0;0;1;1;179990;Maquina de Coser 311;ELECTRODOMESTICOS
15409480;;F;39;CHILENO;;X;PUDAHUEL                      ;METROPOLITANA;348910;9;3;9;3;348910;0;0;0;Cafetera UT-KAFFEEKLASSIK;ELECTRODOMESTICOS
15081703;;F;40;CHILENO;;X;"";"";24990;1;1;0;0;0;1;1;24990;Cafetera TH-138i;ELECTRODOMESTICOS
9680238;Casado;M;59;CHILENO;;Boomers;PROVIDENCIA                   ;METROPOLITANA;29990;1;1;0;0;0;1;1;29990;Licuadora L2000VNG 1,5Lts Vaso Vidrio;ELECTRODOMESTICOS
4687049;;F;83;CHILENO;;Silencioso;CAUQUENES                     ;MAULE;109990;1;1;0;0;0;1;1;109990;Horno Electrico TH62I 60Lts;ELECTRODOMESTICOS
22415872;;M;54;PERUANO;;Extranjero;N/D;N/D;14990;1;1;0;0;0;1;1;14990;Cafetera TH-130;ELECTRODOMESTICOS
10437571;;M;56;CHILENO;;Extranjero;LOS ANGELES                   ;BIO BIO;84990;1;1;0;0;0;1;1;84990;Batidora Pedestal UT-KLEIN700;ELECTRODOMESTICOS
15121311;;M;34;CHILENO;;Millenial;TALAGANTE                     ;METROPOLITANA;34990;1;1;0;0;0;1;1;34990;Cafetera UT-KAFFEEKLASSIK;ELECTRODOMESTICOS
13481012;;F;43;CHILENO;;X;VINA DEL MAR                  ;VALPARAISO;89980;2;2;0;0;0;2;2;89980;Horno Microondas Mecanico M-2030 NG 20Lts;ELECTRODOMESTICOS
13701663;;F;43;CHILENO;;X;PUENTE ALTO                   ;METROPOLITANA;103980;2;1;0;0;0;2;1;103980;Horno Microondas Digital ME0113MB1/XZS 32Lts;ELECTRODOMESTICOS
12319912;;M;49;CHILENO;;X;PROVIDENCIA                   ;METROPOLITANA;49990;1;1;0;0;0;1;1;49990;Licuadora L-25000NG;ELECTRODOMESTICOS
12141194;Casado;F;59;CHILENO;;Boomers;PROVIDENCIA                   ;METROPOLITANA;18990;1;1;0;0;0;1;1;18990;Tostador de PanTH-120R 2 Rebanadas Rojo;ELECTRODOMESTICOS
12024581;;M;54;CHILENO;;X;"";"";28990;1;1;0;0;0;1;1;28990;Combo Licuadora + Batidora;ELECTRODOMESTICOS
6766632;;F;71;CHILENO;;Silencioso;EL TABO                       ;VALPARAISO;25990;1;1;0;0;0;1;1;25990;Combo Licuadora + Batidora;ELECTRODOMESTICOS
18689303;;F;28;CHILENO;;Millenial;OVALLE                        ;COQUIMBO;44990;1;1;0;0;0;1;1;44990;PROCESADOR THOMAS TH-9160;ELECTRODOMESTICOS
18427072;;F;29;CHILENO;;Millenial;"";"";138540;2;1;2;1;138540;0;0;0;CAFETERA PRIMA LATTE 6603 NEGRA;ELECTRODOMESTICOS
16829014;;M;33;CHILENO;;Millenial;N/D;N/D;16990;1;1;0;0;0;1;1;16990;Batidora Manual UT-TEKLA300;ELECTRODOMESTICOS
18745708;Soltero;F;27;CHILENO;;Millenial;PROVIDENCIA                   ;METROPOLITANA;17990;1;1;0;0;0;1;1;17990;Plancha a vapor 6052 Oster;ELECTRODOMESTICOS
13768616;;F;42;CHILENO;;X;N/D;N/D;26980;2;1;0;0;0;2;1;26980;Combo Hervidor + Batidora;ELECTRODOMESTICOS
20035741;;M;23;CHILENO;;Z;N/D;N/D;12990;1;1;0;0;0;1;1;12990;Hervidor Electrico TH-4212N 1,7Lts Negro;ELECTRODOMESTICOS
8748646;;F;62;CHILENO;;Boomers;SAN ANTONIO                   ;VALPARAISO;12990;1;1;0;0;0;1;1;12990;Exprimidor de Jugo CJ-2000 1Lts;ELECTRODOMESTICOS
13959015;;F;42;CHILENO;;X;LOS ALAMOS                    ;BIO BIO;19990;1;1;0;0;0;1;1;19990;Hervidor Electrico TH-4515N 2Lts Negro;ELECTRODOMESTICOS
19068565;;M;28;CHILENO;;Millenial;PROVIDENCIA                   ;METROPOLITANA;16990;1;1;0;0;0;1;1;16990;Plancha Easy Steam (PV4500);ELECTRODOMESTICOS
10327024;;M;54;CHILENO;;X;RENCA                         ;METROPOLITANA;89990;1;1;0;0;0;1;1;89990;Freidora electrica Ut-KeramikAir;ELECTRODOMESTICOS
9226892;;F;61;CHILENO;;Boomers;PROVIDENCIA                   ;METROPOLITANA;34990;1;1;0;0;0;1;1;34990;Hervidor Electrico Tetera HA-4100 4Lts Iox;ELECTRODOMESTICOS
19724323;;F;24;CHILENO;;Millenial;PROVIDENCIA                   ;METROPOLITANA;39990;1;1;0;0;0;1;1;39990;Aspiradora Handy Clean Black 1400;ELECTRODOMESTICOS
14002803;;F;41;CHILENO;;X;N/D;N/D;191960;6;2;0;0;0;6;2;191960;Aspiradora TH1870 Arrastre 1800Watts Gris;ELECTRODOMESTICOS
15158222;;M;39;CHILENO;;X;PANGUIPULLI                   ;LOS RIOS;64990;1;1;0;0;0;1;1;64990;Horno Microondas Digital TH-20S01 20Lts;ELECTRODOMESTICOS
6787259;;F;69;CHILENO;;Silencioso;LA PINTANA                    ;METROPOLITANA;204980;2;2;0;0;0;2;2;204980;Horno Electrico UT-BACKOFEN48 48Lts;ELECTRODOMESTICOS
4806917;;F;78;CHILENO;;Silencioso;RENCA                         ;METROPOLITANA;19990;1;1;0;0;0;1;1;19990;Plancha TH-7052 2000Watts Base Inox;ELECTRODOMESTICOS
16040323;;M;37;CHILENO;;Millenial;N/D;N/D;252440;5;2;0;0;0;5;2;252440;Horno Electrico TH-25N01 25Lts;ELECTRODOMESTICOS
18943909;;M;28;CHILENO;;Millenial;N/D;N/D;29970;3;1;0;0;0;3;1;29970;Plancha Easy Steam (PV4500);ELECTRODOMESTICOS
15409329;;F;39;CHILENO;;X;PAINE                         ;METROPOLITANA;53980;2;2;0;0;0;2;2;53980;Plancha Paninis 2880;ELECTRODOMESTICOS
13183884;;F;44;CHILENO;;X;RENCA                         ;METROPOLITANA;34980;2;1;2;1;34980;0;0;0;Batidora Pedestal B5300 Inox;ELECTRODOMESTICOS
6470878;;F;76;CHILENO;;Silencioso;PANGUIPULLI                   ;LOS RIOS;64990;1;1;0;0;0;1;1;64990;Horno electrico Black Oven 42lts;ELECTRODOMESTICOS
12305934;Casado;F;49;CHILENO;;X;RENCA                         ;METROPOLITANA;18990;1;1;0;0;0;1;1;18990;Hervidor Electrico TH-4515N 2Lts Negro;ELECTRODOMESTICOS
9660865;Casado;F;60;CHILENO;;Boomers;PROVIDENCIA                   ;METROPOLITANA;19990;1;1;0;0;0;1;1;19990;Hervidor Electrico UT-DUNKEL17P 2Lts Negro;ELECTRODOMESTICOS
15198938;;M;40;CHILENO;;Extranjero;LOS ALAMOS                    ;BIO BIO;300960;4;2;0;0;0;4;2;300960;PROCESADOR DE ALIMENTOS UT-PROCESSOR750;ELECTRODOMESTICOS
14304162;;F;47;CHILENO;;X;RENCA                         ;METROPOLITANA;34990;1;1;0;0;0;1;1;34990;Aspiradora Tambor APA1000 1000Watts;ELECTRODOMESTICOS
19205836;;M;26;CHILENO;;Z;IQUIQUE;TARAPACA;94960;4;1;0;0;0;4;1;94960;Batidora Vertical Minipimer UT-KLOT400P;ELECTRODOMESTICOS
4635335;;F;77;CHILENO;;Silencioso;"";"";34990;1;1;0;0;0;1;1;34990;Horno Electrico UT-BACKOFEN26 26Lts;ELECTRODOMESTICOS
16073763;;F;36;CHILENO;;Millenial;N/D;N/D;219990;2;1;2;1;219990;0;0;0;Mi Vacuum Cleaner G10 - 28671;ELECTRODOMESTICOS
6334788;;F;73;CHILENO;;Silencioso;PETORCA                       ;VALPARAISO;59990;1;1;0;0;0;1;1;59990;Aspiradora TH1870 Arrastre 1800Watts Gris;ELECTRODOMESTICOS
9103019;;F;60;CHILENO;;Boomers;COPIAPO                       ;ATACAMA;81970;3;2;0;0;0;3;2;81970;Batidora Vertical Minipimer UT-KLOT400P;ELECTRODOMESTICOS
10303668;;M;54;CHILENO;;X;CHONCHI                       ;LOS LAGOS;539970;3;3;0;0;0;3;3;539970;Horno Electrico TH-100i 100Lts;ELECTRODOMESTICOS
6089158;;F;75;CHILENO;;Silencioso;NUEVA IMPERIAL                ;ARAUCANIA;43972;3;2;0;0;0;3;2;43972;Licuadora L2000VNG 1,5Lts Vaso Vidrio;ELECTRODOMESTICOS
7753632;;F;62;CHILENO;;Boomers;IQUIQUE                       ;TARAPACA;60480;4;2;0;0;0;4;2;60480;LICUADORA CROMADA CON TECLAS PLUS;ELECTRODOMESTICOS
5031808;;F;82;CHILENO;;Silencioso;VICTORIA                      ;ARAUCANIA;83970;3;2;0;0;0;3;2;83970;Procesador TH-9010 Multimixer 1,5Lts Vaso Vidrio;ELECTRODOMESTICOS
15631771;;M;38;CHILENO;;Millenial;MOLINA                        ;MAULE;-57000;0;4;-1;3;-69990;1;1;12990;Hervidor Electrico 3101 1,7Lts Negro;ELECTRODOMESTICOS
14344459;;F;45;CHILENO;;X;RENCA                         ;METROPOLITANA;14990;1;1;0;0;0;1;1;14990;Cafetera TH-130;ELECTRODOMESTICOS
26357995;;M;34;HAITIANO;;Extranjero;LOS ANGELES                   ;BIO BIO;26990;1;1;0;0;0;1;1;26990;Licuadora Berry Blender Roja 1400 Vaso Vidrio;ELECTRODOMESTICOS
9046497;;M;62;CHILENO;;Boomers;RENCA                         ;METROPOLITANA;12990;1;1;0;0;0;1;1;12990;Hervidor Electrico TH-4212N 1,7Lts Negro;ELECTRODOMESTICOS
6105130;;M;69;CHILENO;;Silencioso;PROVIDENCIA                   ;METROPOLITANA;24990;1;1;0;0;0;1;1;24990;Licuadora BL1500 Silver 1,75Lts Vaso Vidrio;ELECTRODOMESTICOS
12269831;Divorciado;M;50;CHILENO;;X;PROVIDENCIA                   ;METROPOLITANA;44990;1;1;0;0;0;1;1;44990;Horno Microondas Mecanico Easy Wave 20Lts;ELECTRODOMESTICOS
16821663;;F;33;CHILENO;;Millenial;QUILLOTA                      ;VALPARAISO;154990;1;3;2;1;154980;-1;2;10;Aspiradora TH1407 Arrastre 1400Watts;ELECTRODOMESTICOS
11280119;;F;53;CHILENO;;X;SANTA CRUZ                    ;L.G.B.OÂ´HIGGINS;50980;2;2;0;0;0;2;2;50980;PROCESADOR THOMAS TH-9160;ELECTRODOMESTICOS
16840874;;M;33;CHILENO;;Millenial;N/D;N/D;57980;2;1;0;0;0;2;1;57980;Licuadora TH-501V 1,5Lts Vaso Vidrio;ELECTRODOMESTICOS
5179429;;M;75;CHILENO;;Silencioso;LOS ALAMOS                    ;BIO BIO;113970;3;2;0;0;0;3;2;113970;Licuadora TH-401V Roja 1,75Lts Vaso Vidrio;ELECTRODOMESTICOS
10017188;;F;55;CHILENO;;Boomers;LOTA                          ;BIO BIO;73980;2;1;0;0;0;2;1;73980;Plancha Paninis 2880;ELECTRODOMESTICOS
12974626;;F;47;CHILENO;;X;CANETE                        ;BIO BIO;30990;1;1;0;0;0;1;1;30990;Plancha THOMAS TH-7170 2200Watts Base Ceramica;ELECTRODOMESTICOS
6105179;;M;74;CHILENO;;Silencioso;CHILLAN                       ;BIO BIO;59660;3;2;0;0;0;3;2;59660;Hervidor Electrico UT-MANLY17 1,7Lts Negro;ELECTRODOMESTICOS
9340499;;M;61;CHILENO;;Boomers;MELIPILLA                     ;METROPOLITANA;44990;1;1;0;0;0;1;1;44990;HERVIDOR TETERA RELOJ 900R 2,5L ROJO;ELECTRODOMESTICOS
12004944;;M;51;CHILENO;;X;RENCA                         ;METROPOLITANA;12990;1;1;0;0;0;1;1;12990;Hervidor Electrico HA-2650NG;ELECTRODOMESTICOS
17542945;;F;32;CHILENO;;Millenial;LA LIGUA                      ;VALPARAISO;19990;1;1;0;0;0;1;1;19990;Licuadora L-1630V Negra 1,5Lts Vaso Vidrio;ELECTRODOMESTICOS
14278050;;F;49;CHILENO;;X;SAN CARLOS                    ;BIO BIO;489980;2;2;0;0;0;2;2;489980;Freidora de Aire 18M Oster;ELECTRODOMESTICOS
18557056;;M;28;CHILENO;;Millenial;MULCHEN                       ;BIO BIO;34990;1;1;0;0;0;1;1;34990;Licuadora L-5500IN 1,5Lts;ELECTRODOMESTICOS
18493650;Soltero;F;29;CHILENO;PROFESOR;Millenial;PROVIDENCIA                   ;METROPOLITANA;209980;2;1;0;0;0;2;1;209980;Maquina de Coser 311;ELECTRODOMESTICOS
11699864;;F;52;CHILENO;;X;CANETE                        ;BIO BIO;30990;1;1;0;0;0;1;1;30990;Hervidor Electrico Tetera TH-6505RT 1,7Lts Rojo;ELECTRODOMESTICOS
15334765;;F;38;CHILENO;;Millenial;SAN FERNANDO                  ;L.G.B.OÂ´HIGGINS;69990;1;1;1;1;69990;0;0;0;Horno electrico Black Oven 42lts;ELECTRODOMESTICOS
15592707;;F;38;CHILENO;;X;PROVIDENCIA                   ;METROPOLITANA;12990;1;1;0;0;0;1;1;12990;Exprimidor de Jugo CJ-2000 1Lts;ELECTRODOMESTICOS
12242937;;F;50;CHILENO;;X;INDEPENDENCIA;METROPOLITANA;83980;2;1;2;1;83980;0;0;0;Batidora Pedestal TH910PN 4,6Lts 1300Watts;ELECTRODOMESTICOS
19654412;;M;24;CHILENO;;Z;N/D;N/D;249970;3;3;0;0;0;3;3;249970;Licuadora Berry Blender Roja 1400 Vaso Vidrio;ELECTRODOMESTICOS
13848703;;F;42;CHILENO;;X;PUERTO MONTT                  ;LOS LAGOS;16990;1;1;0;0;0;1;1;16990;Exprimidor de Jugo 407W 1Lts;ELECTRODOMESTICOS
20753715;;F;21;CHILENO;;Z;PROVIDENCIA                   ;METROPOLITANA;19990;1;1;0;0;0;1;1;19990;Plancha UT-KERAMIK1 2200Watts Base Ceramica;ELECTRODOMESTICOS
14013809;Soltero;M;41;CHILENO;;X;N/D;N/D;39990;1;1;1;1;39990;0;0;0;Horno Electrico TH-25N01 25Lts;ELECTRODOMESTICOS
10691567;;F;54;CHILENO;;X;ARICA                         ;TARAPACA;62370;2;2;0;0;0;2;2;62370;Enceradora EA-5000;ELECTRODOMESTICOS
13413233;;M;44;CHILENO;;X;ARICA                         ;TARAPACA;29990;1;1;0;0;0;1;1;29990;PLANCHA A VAPOR 6953 BASE AEROCERAMICA AUTAPA.22;ELECTRODOMESTICOS
13317767;;F;44;CHILENO;;X;TEMUCO                        ;ARAUCANIA;212980;2;2;1;1;199990;1;1;12990;Exprimidor de Jugo CJ-2000 1Lts;ELECTRODOMESTICOS
7124783;;F;64;CHILENO;;Boomers;SAN JAVIER                    ;MAULE;54990;1;1;0;0;0;1;1;54990;Aspiradora UT-SILENT1603 Arrastre 1600Watts;ELECTRODOMESTICOS
17611375;;F;31;CHILENO;;Millenial;"";"";130220;4;2;0;0;0;4;2;130220;Batidora Pedestal TH910PN 4,6Lts 1300Watts;ELECTRODOMESTICOS
13330203;;M;43;CHILENO;;X;N/D;N/D;649960;4;4;0;0;0;4;4;649960;Horno Electrico TH-38N 38Lts;ELECTRODOMESTICOS
9280328;;F;61;CHILENO;;Boomers;VALDIVIA                      ;LOS LAGOS;-14990;-1;1;0;0;0;-1;1;-14990;Cafetera TH-130;ELECTRODOMESTICOS
15871872;;F;37;CHILENO;;Millenial;PROVIDENCIA                   ;METROPOLITANA;18980;2;1;2;1;18980;0;0;0;HERVIDOR 889R 2,5L Rojo;ELECTRODOMESTICOS
19900088;;M;23;CHILENO;;Z;PROVIDENCIA                   ;METROPOLITANA;51980;2;2;0;0;0;2;2;51980;Combo Licuadora + Batidora;ELECTRODOMESTICOS
5708385;;M;73;CHILENO;;Silencioso;PROVIDENCIA                   ;METROPOLITANA;19990;1;1;0;0;0;1;1;19990;Hervidor Electrico UT-KLAR20PW 2Lts Blanco;ELECTRODOMESTICOS
6086007;;F;73;CHILENO;;Silencioso;MAIPU                         ;METROPOLITANA;69990;1;1;0;0;0;1;1;69990;Horno Microondas Digital MS23K3513AK/ZS 23Lts;ELECTRODOMESTICOS
9169690;;F;60;CHILENO;;Boomers;PENCAHUE                      ;MAULE;99990;1;1;0;0;0;1;1;99990;Horno Electrico TH62I 60Lts;ELECTRODOMESTICOS
13043609;Soltero;F;46;CHILENO;;X;RENCA                         ;METROPOLITANA;14990;1;1;0;0;0;1;1;14990;Hervidor Electrico UT-MANLY17 1,7Lts Negro;ELECTRODOMESTICOS
5888437;;M;72;CHILENO;;Silencioso;PROVIDENCIA                   ;METROPOLITANA;26990;1;1;0;0;0;1;1;26990;Licuadora L2000VNG 1,5Lts Vaso Vidrio;ELECTRODOMESTICOS
10505975;Soltero;M;42;CHILENO;;X;SAN ESTEBAN                   ;VALPARAISO;59990;1;3;0;0;0;1;3;59990;Licuadora UT-METALLEK805R 1,75Lts Vaso Vidrio;ELECTRODOMESTICOS
18341947;;F;29;CHILENO;;Millenial;RENCA                         ;METROPOLITANA;34990;1;1;0;0;0;1;1;34990;Horno Electrico TH-25N01 25Lts;ELECTRODOMESTICOS
19347103;;F;26;CHILENO;;Extranjero;"";"";69470;3;2;2;1;45480;1;1;23990;Olla Arrocera OA-400NG 1,8Lts;ELECTRODOMESTICOS
5358353;;M;76;CHILENO;;Silencioso;RENCA                         ;METROPOLITANA;61980;2;1;0;0;0;2;1;61980;Horno Electrico TH-25N01 25Lts;ELECTRODOMESTICOS
16529288;;F;35;CHILENO;;Millenial;MELIPILLA                     ;METROPOLITANA;-74060;5;3;5;3;-74060;0;0;0;TERMOHERVIDOR ELECTRON 4,6 LTS BA-6950 INX;ELECTRODOMESTICOS
6409381;;M;70;CHILENO;;Silencioso;RENCA                         ;METROPOLITANA;19990;1;1;0;0;0;1;1;19990;Hervidor Electrico UT-DUNKEL17P 2Lts Negro;ELECTRODOMESTICOS
11231584;;F;53;CHILENO;;X;MELIPILLA                     ;METROPOLITANA;114980;2;2;0;0;0;2;2;114980;Horno Electrico TH-80i 80Lts;ELECTRODOMESTICOS
12698254;;F;54;CHILENO;;X;LOS ALAMOS                    ;BIO BIO;29990;1;1;0;0;0;1;1;29990;Tostador de Pan TP-1400 4 Rebanadas Inox;ELECTRODOMESTICOS
19907481;;F;24;CHILENO;;Z;LOTA                          ;BIO BIO;69990;1;1;0;0;0;1;1;69990;Aspiradora TH1870 Arrastre 1800Watts Gris;ELECTRODOMESTICOS
27075357;;F;48;EXTRANJERO - NO INFORMA NACIONALIDAD;;Extranjero;"";"";29990;1;1;1;1;29990;0;0;0;Parrilla Electrica M18W;ELECTRODOMESTICOS
13871552;Soltero;M;41;CHILENO;ABOGADO;X;RENCA                         ;METROPOLITANA;163980;2;1;2;1;163980;0;0;0;MICROONDAS 30L MG30T5018CN/ZS SAMSUNG.;ELECTRODOMESTICOS
7120721;;F;71;CHILENO;;Silencioso;VICTORIA                      ;ARAUCANIA;141372;4;3;0;0;0;4;3;141372;Batidora Manual 3532;ELECTRODOMESTICOS
13569651;;F;43;CHILENO;;X;LA FLORIDA                    ;METROPOLITANA;9990;1;1;0;0;0;1;1;9990;Exprimidor Fauna 500 cc;ELECTRODOMESTICOS
18330005;;M;29;CHILENO;;Millenial;PROVIDENCIA                   ;METROPOLITANA;26990;1;1;1;1;26990;0;0;0;Hervidor Electrico Tetera HA-4100 4Lts Iox;ELECTRODOMESTICOS
16661395;;M;34;CHILENO;;Millenial;"";"";44990;1;1;1;1;44990;0;0;0;Freidora de Aire 18M Oster;ELECTRODOMESTICOS
14569669;;F;46;CHILENO;;X;N/D;N/D;19990;1;1;0;0;0;1;1;19990;Tostador de PanTH-120R 2 Rebanadas Rojo;ELECTRODOMESTICOS
7906076;;M;65;CHILENO;;Boomers;RANCAGUA                      ;L.G.B.OÂ´HIGGINS;84990;1;1;0;0;0;1;1;84990;Batidora Pedestal UT-KLEIN700;ELECTRODOMESTICOS
13755873;;M;42;CHILENO;;X;ARICA                         ;ARICA Y PARINACOTA;29990;1;1;0;0;0;1;1;29990;Licuadora TH-501V 1,5Lts Vaso Vidrio;ELECTRODOMESTICOS
12334261;;F;49;CHILENO;;X;"";"";129990;1;1;1;1;129990;0;0;0;Horno Electrico TH-80i 80Lts;ELECTRODOMESTICOS
15825189;;F;38;CHILENO;;Millenial;"";"";124175;4;3;0;0;0;4;3;124175;Aspiradora UT-SILENT1804 Arrastre 1800Watts;ELECTRODOMESTICOS
8612008;;M;64;CHILENO;;Boomers;RENCA                         ;METROPOLITANA;28990;1;1;1;1;28990;0;0;0;Licuadora Personal TH-300PB;ELECTRODOMESTICOS
11387449;;F;53;CHILENO;;X;"";"";44980;2;1;2;1;44980;0;0;0;Horno Electrico TH-25N01 25Lts;ELECTRODOMESTICOS
18578846;Soltero;F;28;CHILENO;;Millenial;PROVIDENCIA                   ;METROPOLITANA;21990;1;1;1;1;21990;0;0;0;Licuadora TH-320 Roja/Negro 1,5 Lts Vaso Vidrio;ELECTRODOMESTICOS
12314040;;F;49;CHILENO;;X;PENAFLOR                      ;METROPOLITANA;18990;1;1;0;0;0;1;1;18990;Plancha UT-DUNST 2200Watts Base Ceramica;ELECTRODOMESTICOS
9044725;;F;61;CHILENO;;Boomers;MOLINA                        ;MAULE;27990;1;1;0;0;0;1;1;27990;Hervidor Electrico Tetera TH-6505RT 1,7Lts Rojo;ELECTRODOMESTICOS
11952566;Casado;F;49;CHILENO;;X;PROVIDENCIA                   ;METROPOLITANA;56980;2;1;0;0;0;2;1;56980;Licuadora Osterizer 4112/72 1,25Lts Vaso Vidrio;ELECTRODOMESTICOS
6867024;Casado;M;68;CHILENO;TECNICO EN ELECTROMECANICA;Boomers;RENCA                         ;METROPOLITANA;54990;1;1;0;0;0;1;1;54990;Horno Microondas Mecanico TH-18B05 18Lts;ELECTRODOMESTICOS
6959702;;M;67;CHILENO;;Boomers;ANTOFAGASTA                   ;ANTOFAGASTA;79980;2;1;0;0;0;2;1;79980;HERVIDOR TETERA RELOJ 900R 2,5L ROJO;ELECTRODOMESTICOS
19897389;;F;23;CHILENO;;Z;PROVIDENCIA                   ;METROPOLITANA;518930;7;4;6;3;502940;1;1;15990;Hervidor Electrico HA-3300 2,5Lts Blanco;ELECTRODOMESTICOS
6934029;;F;71;CHILENO;;Silencioso;"";"";161980;2;1;0;0;0;2;1;161980;Maquina de Coser 3221;ELECTRODOMESTICOS
7161258;;M;70;CHILENO;;Silencioso;TALCA                         ;MAULE;34990;1;1;0;0;0;1;1;34990;Aspiradora TH1407 Arrastre 1400Watts;ELECTRODOMESTICOS
6201937;;F;72;CHILENO;;Silencioso;PROVIDENCIA                   ;METROPOLITANA;33980;2;1;0;0;0;2;1;33980;Hervidor Electrico TH-5407i 2Lts;ELECTRODOMESTICOS
14053958;;F;41;CHILENO;;X;NANCAGUA                      ;L.G.B.OÂ´HIGGINS;84990;1;1;0;0;0;1;1;84990;Batidora Pedestal TH910PN 4,6Lts 1300Watts;ELECTRODOMESTICOS
5143545;;F;87;CHILENO;;Silencioso;SAN JAVIER                    ;MAULE;1000;0;2;0;0;0;0;2;1000;Batidora Manual 3532;ELECTRODOMESTICOS
12081264;;F;47;CHILENO;;X;PANGUIPULLI                   ;LOS RIOS;276660;6;2;2;1;189990;4;1;86670;Horno Electrico TH-25N01 25Lts;ELECTRODOMESTICOS
26292770;;M;28;HAITIANO;;Extranjero;"";"";71980;2;2;0;0;0;2;2;71980;Aspiradora TH1407 Arrastre 1400Watts;ELECTRODOMESTICOS
7328511;;F;65;CHILENO;;Boomers;PROVIDENCIA                   ;METROPOLITANA;29990;1;1;0;0;0;1;1;29990;Hervidor Electrico Tetera HA-4100 4Lts Iox;ELECTRODOMESTICOS
11789767;;M;51;CHILENO;;X;COIHAIQUE                     ;AYSEN;27980;2;1;0;0;0;2;1;27980;Hervidor Electrico TH-5407i 2Lts;ELECTRODOMESTICOS
8949299;;F;58;CHILENO;;Boomers;RENCA                         ;METROPOLITANA;20990;1;1;0;0;0;1;1;20990;Plancha TH-7052 2000Watts Base Inox;ELECTRODOMESTICOS
18063743;;F;30;CHILENO;;Millenial;LA PINTANA;METROPOLITANA;13240;2;1;0;0;0;2;1;13240;Hervidor Electrico 3101 1,7Lts Negro;ELECTRODOMESTICOS
6533381;;F;69;CHILENO;;Silencioso;RENCA                         ;METROPOLITANA;44990;1;1;0;0;0;1;1;44990;Aspiradora Handy Clean Black 1400;ELECTRODOMESTICOS
20596245;;F;21;CHILENO;;Millenial;PROVIDENCIA                   ;METROPOLITANA;202960;3;1;3;1;202960;0;0;0;SUPER FREIDORA DE AIRE OV3;ELECTRODOMESTICOS
14641889;Casado;M;56;PERUANO;;Extranjero;LA FLORIDA;METROPOLITANA;63170;2;1;0;0;0;2;1;63170;Aspiradora VCC4190V3E/XZS Arrastre 2000Watts;ELECTRODOMESTICOS
12095738;;M;46;CHILENO;;X;MELIPILLA                     ;METROPOLITANA;16990;1;1;0;0;0;1;1;16990;Tostador de Pan TH-116 2 Rebanadas Negro;ELECTRODOMESTICOS
18230541;;F;29;CHILENO;;Millenial;PROVIDENCIA                   ;METROPOLITANA;9990;1;1;0;0;0;1;1;9990;Exprimidor de Jugo CJ-2000 1Lts;ELECTRODOMESTICOS
17665718;;M;31;CHILENO;;Millenial;PUENTE ALTO                   ;METROPOLITANA;69990;1;1;0;0;0;1;1;69990;Horno Microondas Digital TH-20S01 20Lts;ELECTRODOMESTICOS
10930287;;F;49;CHILENO;;X;ARICA                         ;ARICA Y PARINACOTA;0;0;2;0;0;0;0;2;0;Hervidor Electrico TH-4212N 1,7Lts Negro;ELECTRODOMESTICOS
16689701;;F;35;CHILENO;;Millenial;CORONEL                       ;BIO BIO;74990;1;1;0;0;0;1;1;74990;Horno Microondas Digital TH-20S01 20Lts;ELECTRODOMESTICOS
12157203;;M;52;CHILENO;;X;PANGUIPULLI                   ;LOS LAGOS;88980;3;2;0;0;0;3;2;88980;Aspiradora TH1407 Arrastre 1400Watts;ELECTRODOMESTICOS
5492076;;F;73;CHILENO;;Silencioso;RENCA                         ;METROPOLITANA;139990;1;1;0;0;0;1;1;139990;Maquina de Coser Remington J011;ELECTRODOMESTICOS
18214997;;M;30;CHILENO;;Millenial;SAN JAVIER                    ;MAULE;417750;4;2;0;0;0;4;2;417750;Aspiradora TH1870 Arrastre 1800Watts Gris;ELECTRODOMESTICOS
7035200;;F;67;CHILENO;;Boomers;PROVIDENCIA                   ;METROPOLITANA;14990;1;1;0;0;0;1;1;14990;HERVIDOR TH-4340;ELECTRODOMESTICOS
12562308;;M;47;CHILENO;;X;RENCA                         ;METROPOLITANA;131270;2;1;0;0;0;2;1;131270;Horno Electrico TH62I 60Lts;ELECTRODOMESTICOS
14561324;;F;42;CHILENO;;X;CONCON                        ;VALPARAISO;24990;1;1;0;0;0;1;1;24990;Combo Juguera + Hervidor;ELECTRODOMESTICOS
13708199;;F;45;CHILENO;;X;MELIPILLA                     ;METROPOLITANA;16990;1;1;0;0;0;1;1;16990;Tostador de Pan TH-116 2 Rebanadas Negro;ELECTRODOMESTICOS
17635712;;F;31;CHILENO;;Millenial;PROVIDENCIA                   ;METROPOLITANA;34990;1;1;0;0;0;1;1;34990;Aspiradora TH1407 Arrastre 1400Watts;ELECTRODOMESTICOS
18730134;;F;28;CHILENO;;Silencioso;PROVIDENCIA                   ;METROPOLITANA;21980;2;1;2;1;21980;0;0;0;MULTIMIXER THOMAS TH- 8706;ELECTRODOMESTICOS
5831966;;F;73;CHILENO;;Silencioso;QUILLOTA                      ;VALPARAISO;39990;1;1;0;0;0;1;1;39990;Horno Electrico TH-25N01 25Lts;ELECTRODOMESTICOS
8299563;;M;62;CHILENO;;Boomers;SAN BERNARDO                  ;METROPOLITANA;16990;1;1;0;0;0;1;1;16990;Hervidor Electrico HA-3300 2,5Lts Blanco;ELECTRODOMESTICOS
6586555;;F;65;CHILENO;;Boomers;RENCA                         ;METROPOLITANA;12990;1;1;0;0;0;1;1;12990;Exprimidor de Jugo CJ-2000 1Lts;ELECTRODOMESTICOS
10375618;Casado;M;55;CHILENO;;Boomers;RENCA                         ;METROPOLITANA;16990;1;1;0;0;0;1;1;16990;Cafetera TH-130;ELECTRODOMESTICOS
5602542;Casado;M;71;CHILENO;;Silencioso;RENCA                         ;METROPOLITANA;109980;2;2;0;0;0;2;2;109980;Aspiradora TH1415 Arrastre 1500Watts;ELECTRODOMESTICOS
21857417;Casado;M;27;PERUANO;;Extranjero;"";"";34990;1;1;0;0;0;1;1;34990;LICUADORA CROMADA CON TECLAS PLUS;ELECTRODOMESTICOS
17449984;;M;32;CHILENO;;Millenial;LOS SAUCES                    ;ARAUCANIA;44990;1;1;0;0;0;1;1;44990;Aspiradora Handy Clean Black 1400;ELECTRODOMESTICOS
10030557;;F;55;CHILENO;;Boomers;RENCA                         ;METROPOLITANA;64990;1;1;0;0;0;1;1;64990;Aspiradora TH1870 Arrastre 1800Watts Gris;ELECTRODOMESTICOS
20293321;;F;22;CHILENO;;Z;PUERTO MONTT;LOS LAGOS;26230;3;1;0;0;0;3;1;26230;Plancha Easy Steam (PV4500);ELECTRODOMESTICOS
13979565;;F;40;CHILENO;;X;LA LIGUA                      ;VALPARAISO;79990;1;1;0;0;0;1;1;79990;Horno Microondas Digital TH20DM 20Lts Espejado;ELECTRODOMESTICOS
7723108;;F;69;CHILENO;;Silencioso;VALDIVIA                      ;LOS LAGOS;33980;2;1;0;0;0;2;1;33980;Tostador de PanTH-120R 2 Rebanadas Rojo;ELECTRODOMESTICOS
16462765;;M;35;CHILENO;;Millenial;PARRAL                        ;MAULE;47990;1;1;0;0;0;1;1;47990;Picadora TH-9020V Vaso Vidrio 2Lts;ELECTRODOMESTICOS
7387132;Soltero;M;63;CHILENO;;Boomers;PROVIDENCIA                   ;METROPOLITANA;34990;1;1;0;0;0;1;1;34990;Licuadora TH-401V Roja 1,75Lts Vaso Vidrio;ELECTRODOMESTICOS
11581704;;M;53;CHILENO;;X;N/D;N/D;46990;1;1;0;0;0;1;1;46990;Aspiradora Tambor APA1000 1000Watts;ELECTRODOMESTICOS
21508499;;F;33;CHILENO;;Millenial;RENCA                         ;METROPOLITANA;56980;2;1;0;0;0;2;1;56980;LICUADORA CROMADA CON TECLAS PLUS;ELECTRODOMESTICOS
18374649;;F;29;CHILENO;;Millenial;NUEVA IMPERIAL                ;ARAUCANIA;25980;2;1;0;0;0;2;1;25980;HERVIDOR TH-4340;ELECTRODOMESTICOS
8976193;;F;59;CHILENO;;Boomers;RENCA                         ;METROPOLITANA;139990;1;1;1;1;139990;0;0;0;Maquina de Coser 311;ELECTRODOMESTICOS
5618578;;F;76;CHILENO;;Silencioso;VALLENAR;ATACAMA;99990;1;1;0;0;0;1;1;99990;Horno Electrico TH62I 60Lts;ELECTRODOMESTICOS
18987904;;F;27;CHILENO;;Millenial;ESTACION CENTRAL              ;METROPOLITANA;39980;2;1;0;0;0;2;1;39980;Licuadora L-1630V Negra 1,5Lts Vaso Vidrio;ELECTRODOMESTICOS
18407542;;F;28;CHILENO;;Millenial;N/D;N/D;44990;1;1;0;0;0;1;1;44990;Picadora TH-9020V Vaso Vidrio 2Lts;ELECTRODOMESTICOS
17532990;;F;32;CHILENO;;Silencioso;PROVIDENCIA                   ;METROPOLITANA;53980;2;1;2;1;53980;0;0;0;Cafetera P65 Silver;ELECTRODOMESTICOS
18902490;;F;27;CHILENO;;Z;PROVIDENCIA                   ;METROPOLITANA;14990;1;1;0;0;0;1;1;14990;HERVIDOR TH-4340;ELECTRODOMESTICOS
13586525;;F;43;CHILENO;;X;N/D;N/D;24990;1;1;0;0;0;1;1;24990;Tostador de Pan TH-126 4 Rebanadas Negro;ELECTRODOMESTICOS
9119594;;F;63;CHILENO;;Boomers;TALCA                         ;MAULE;23992;1;1;0;0;0;1;1;23992;Licuadora Personal TH-300PB;ELECTRODOMESTICOS
20216483;;F;22;CHILENO;;Millenial;"";"";14990;1;1;0;0;0;1;1;14990;Hervidor Electrico UT-MANLY17 1,7Lts Negro;ELECTRODOMESTICOS
17163001;;F;32;CHILENO;;Millenial;ALTO HOSPICIO;TARAPACA;17990;1;1;0;0;0;1;1;17990;Hervidor Electrico UT-KLAR20PW 2Lts Blanco;ELECTRODOMESTICOS
8049246;;F;68;CHILENO;;Boomers;LA PINTANA                    ;METROPOLITANA;18990;1;1;0;0;0;1;1;18990;Combo Hervidor + Batidora;ELECTRODOMESTICOS
14012131;;F;41;CHILENO;;X;SAN VICENTE                   ;L.G.B.OÂ´HIGGINS;52660;3;1;0;0;0;3;1;52660;Licuadora UT-METALLEK505P 1,5Lts Vaso Vidrio;ELECTRODOMESTICOS
8176613;;F;68;CHILENO;;Boomers;SAN FERNANDO                  ;L.G.B.OÂ´HIGGINS;19990;1;1;0;0;0;1;1;19990;Hervidor Electrico UT-DUNKEL17P 2Lts Negro;ELECTRODOMESTICOS
11412936;;M;53;CHILENO;;X;PROVIDENCIA                   ;METROPOLITANA;14990;1;1;0;0;0;1;1;14990;HERVIDOR TH-4340;ELECTRODOMESTICOS
10413481;;M;58;CHILENO;;Boomers;CONSTITUCION                  ;MAULE;52660;3;1;0;0;0;3;1;52660;Tostador de Pan TH-126 4 Rebanadas Negro;ELECTRODOMESTICOS
18227679;;F;29;CHILENO;;Silencioso;PROVIDENCIA                   ;METROPOLITANA;55480;2;1;2;1;55480;0;0;0;Cafetera P65 Silver;ELECTRODOMESTICOS
18836368;Soltero;F;28;CHILENO;;Millenial;ISLA DE MAIPO                 ;METROPOLITANA;16990;1;1;0;0;0;1;1;16990;Cafetera TH-130;ELECTRODOMESTICOS
18307685;;F;45;CHILENO;;X;LA LIGUA                      ;VALPARAISO;86970;3;1;0;0;0;3;1;86970;Hervidor Electrico Tetera TH-6505RT 1,7Lts Rojo;ELECTRODOMESTICOS
15174297;Casado;M;40;CHILENO;;X;RENCA                         ;METROPOLITANA;17990;1;1;0;0;0;1;1;17990;Hervidor Electrico TH-4515N 2Lts Negro;ELECTRODOMESTICOS
16441139;;F;36;CHILENO;;Millenial;LA PINTANA                    ;METROPOLITANA;64980;2;1;0;0;0;2;1;64980;Cafetera UT-KAFFEEKLASSIK;ELECTRODOMESTICOS
9849373;;F;58;CHILENO;;Boomers;LINARES                       ;MAULE;69990;1;1;0;0;0;1;1;69990;Batidora Pedestal TH910PN 4,6Lts 1300Watts;ELECTRODOMESTICOS
11516189;;M;51;CHILENO;;X;CATEMU                        ;VALPARAISO;26970;3;1;0;0;0;3;1;26970;Combo Hervidor + Batidora;ELECTRODOMESTICOS
5685159;;F;75;CHILENO;;Silencioso;MULCHEN                       ;BIO BIO;23840;2;1;2;1;23840;0;0;0;Hervidor Electrico TH-4515N 2Lts Negro;ELECTRODOMESTICOS
16347058;;F;35;CHILENO;;Millenial;PROVIDENCIA                   ;METROPOLITANA;13980;2;1;2;1;13980;0;0;0;HERVIDOR TH-4205 1LT.;ELECTRODOMESTICOS
17171970;;M;33;CHILENO;;Millenial;PROVIDENCIA                   ;METROPOLITANA;43980;2;1;2;1;43980;0;0;0;Parrilla Electrica TH-224;ELECTRODOMESTICOS
5200146;;M;76;CHILENO;;Silencioso;PROVIDENCIA                   ;METROPOLITANA;31990;1;1;0;0;0;1;1;31990;Extractor de Jugo EX800 1,4Lts;ELECTRODOMESTICOS
19721012;;F;24;CHILENO;;Z;PROVIDENCIA                   ;METROPOLITANA;123980;2;1;2;1;123980;0;0;0;Maquina de Coser 3008 Janome Blanco;ELECTRODOMESTICOS
16219468;;F;35;CHILENO;;Millenial;PROVIDENCIA                   ;METROPOLITANA;14990;1;1;0;0;0;1;1;14990;Tostador de Pan TH-116 2 Rebanadas Negro;ELECTRODOMESTICOS
11725406;;M;50;CHILENO;;X;PROVIDENCIA                   ;METROPOLITANA;69990;1;1;0;0;0;1;1;69990;Batidora Pedestal TH910PN 4,6Lts 1300Watts;ELECTRODOMESTICOS
9914893;;M;54;CHILENO;;X;PROVIDENCIA                   ;METROPOLITANA;57980;2;1;0;0;0;2;1;57980;Horno Microondas Mecanico Easy Wave 20Lts;ELECTRODOMESTICOS
6982589;;M;69;CHILENO;;Silencioso;RENCA                         ;METROPOLITANA;109990;1;1;0;0;0;1;1;109990;Horno Electrico UT-BACKOFEN60 60Lts;ELECTRODOMESTICOS
19354703;;M;26;CHILENO;;Z;ARICA                         ;ARICA Y PARINACOTA;49464;3;1;0;0;0;3;1;49464;Extractor de Jugo EX800 1,4Lts;ELECTRODOMESTICOS
14552394;;M;41;CHILENO;;X;"";"";49990;1;1;0;0;0;1;1;49990;Freidora de Aire 18M Oster;ELECTRODOMESTICOS
8924268;;M;45;CHILENO;;X;RENCA                         ;METROPOLITANA;73980;2;1;2;1;73980;0;0;0;Horno Microondas Digital MS23K3513AK/ZS 23Lts;ELECTRODOMESTICOS
17899923;;F;30;CHILENO;;Millenial;N/D;N/D;65840;2;1;2;1;65840;0;0;0;Licuadora Reversible Roja;ELECTRODOMESTICOS
8447588;;F;66;CHILENO;;Extranjero;MOLINA                        ;MAULE;29990;1;1;0;0;0;1;1;29990;Licuadora Personal TH-300PB;ELECTRODOMESTICOS
6743820;;M;66;CHILENO;;Boomers;PUENTE ALTO                   ;METROPOLITANA;27990;1;1;0;0;0;1;1;27990;Plancha THOMAS TH-7170 2200Watts Base Ceramica;ELECTRODOMESTICOS
7667670;;M;67;CHILENO;;Boomers;SAN BERNARDO                  ;METROPOLITANA;14990;1;1;0;0;0;1;1;14990;HERVIDOR TH-4340;ELECTRODOMESTICOS
18257393;;M;29;CHILENO;;Millenial;PROVIDENCIA                   ;METROPOLITANA;25990;1;1;0;0;0;1;1;25990;Combo Licuadora + Batidora;ELECTRODOMESTICOS
15118763;;M;39;CHILENO;;Millenial;PROVIDENCIA                   ;METROPOLITANA;53980;2;1;2;1;53980;0;0;0;Cafetera P65 Silver;ELECTRODOMESTICOS
16899421;Soltero;F;34;CHILENO;;Millenial;PROVIDENCIA                   ;METROPOLITANA;95480;2;1;2;1;95480;0;0;0;Horno Electrico TH-80i 80Lts;ELECTRODOMESTICOS
17217829;Soltero;M;33;CHILENO;PROFESOR;Millenial;PROVIDENCIA                   ;METROPOLITANA;109990;1;1;0;0;0;1;1;109990;Aspiradora Trapeadora Robot Ut-Excellenza (B);ELECTRODOMESTICOS
11486454;;F;53;CHILENO;;Silencioso;PROVIDENCIA                   ;METROPOLITANA;58980;2;1;2;1;58980;0;0;0;Horno Microondas Mecanico UT-SYDNEY18 18Lts;ELECTRODOMESTICOS
13020228;;F;46;CHILENO;;X;QUILPUE                       ;VALPARAISO;27993;1;1;0;0;0;1;1;27993;Licuadora TH-501V 1,5Lts Vaso Vidrio;ELECTRODOMESTICOS
9339737;Casado;F;60;CHILENO;;Boomers;RENCA                         ;METROPOLITANA;34990;1;1;0;0;0;1;1;34990;Batidora Vertical Minipimer UT-KLOT400P;ELECTRODOMESTICOS
10749789;;M;56;CHILENO;;Boomers;N/D;N/D;282930;6;3;6;3;282930;0;0;0;BATIDORA PEDESTAL THOMAS TH-910PB;ELECTRODOMESTICOS
18220243;;F;30;CHILENO;;Millenial;PROVIDENCIA                   ;METROPOLITANA;26990;1;1;0;0;0;1;1;26990;Licuadora UT-METALLEK505P 1,5Lts Vaso Vidrio;ELECTRODOMESTICOS
7612199;;M;66;CHILENO;;Boomers;CASTRO                        ;LOS LAGOS;18990;1;1;0;0;0;1;1;18990;Plancha UT-DUNST 2200Watts Base Ceramica;ELECTRODOMESTICOS
13120046;;M;45;CHILENO;;X;TEMUCO                        ;ARAUCANIA;46990;1;1;0;0;0;1;1;46990;Aspiradora Tambor APA1000 1000Watts;ELECTRODOMESTICOS
15627916;;M;39;CHILENO;;X;PROVIDENCIA                   ;METROPOLITANA;53980;2;1;2;1;53980;0;0;0;Cafetera P65 Silver;ELECTRODOMESTICOS
12867566;;F;46;CHILENO;;X;LOS ANGELES                   ;BIO BIO;159990;2;1;2;1;159990;0;0;0;Maquina de coser computarizada SH7700;ELECTRODOMESTICOS
9841855;;M;56;CHILENO;;Boomers;N/D;N/D;166970;3;2;2;1;144980;1;1;21990;Olla Arrocera OA-400NG 1,8Lts;ELECTRODOMESTICOS
12836789;Soltero;F;47;CHILENO;INGENIERO EN ADMINISTRACION DE EMPRESAS;X;RENCA                         ;METROPOLITANA;149640;2;1;2;1;149640;0;0;0;Maquina de Coser 311;ELECTRODOMESTICOS
14248187;;M;48;CHILENO;;X;CUREPTO                       ;MAULE;17990;1;1;0;0;0;1;1;17990;Hervidor Electrico TH-4515N 2Lts Negro;ELECTRODOMESTICOS
13034671;Divorciado;F;51;CHILENO;;X;RENCA                         ;METROPOLITANA;18990;1;1;0;0;0;1;1;18990;Batidora Manual TH-8830;ELECTRODOMESTICOS
8068434;;F;65;CHILENO;;Boomers;LEBU                          ;BIO BIO;314980;2;2;0;0;0;2;2;314980;Horno Microondas Digital TH-20S01 20Lts;ELECTRODOMESTICOS
16983402;;F;33;CHILENO;;Millenial;PROVIDENCIA                   ;METROPOLITANA;105840;2;1;2;1;105840;0;0;0;FREIDORA DE AIRE THOMAS TH-AF60Mi;ELECTRODOMESTICOS
5893898;;F;69;CHILENO;;Silencioso;GORBEA                        ;ARAUCANIA;14990;1;1;0;0;0;1;1;14990;Tostador de Pan TH-116 2 Rebanadas Negro;ELECTRODOMESTICOS
8014076;;F;62;CHILENO;;Boomers;RENCA                         ;METROPOLITANA;119990;1;1;0;0;0;1;1;119990;Horno Electrico TH62I 60Lts;ELECTRODOMESTICOS
18091476;;F;30;CHILENO;;Millenial;PROVIDENCIA                   ;METROPOLITANA;163980;2;1;2;1;163980;0;0;0;Maquina de coser computarizada SH7700;ELECTRODOMESTICOS
13759300;;M;42;CHILENO;;X;TOCOPILLA                     ;ANTOFAGASTA;74990;1;1;0;0;0;1;1;74990;Aspiradora TH1870 Arrastre 1800Watts Gris;ELECTRODOMESTICOS
7999616;;M;59;CHILENO;;Boomers;PROVIDENCIA                   ;METROPOLITANA;9990;1;1;0;0;0;1;1;9990;Exprimidor de Jugo CJ-2000 1Lts;ELECTRODOMESTICOS
19967896;;M;23;CHILENO;;Z;PROVIDENCIA                   ;METROPOLITANA;49990;1;1;1;1;49990;0;0;0;Freidora de Aire 18M Oster;ELECTRODOMESTICOS
18428673;Soltero;M;29;CHILENO;;Millenial;PROVIDENCIA                   ;METROPOLITANA;57980;2;1;0;0;0;2;1;57980;Licuadora L-5500IN 1,5Lts;ELECTRODOMESTICOS
13992283;;F;41;CHILENO;;Silencioso;PROVIDENCIA                   ;METROPOLITANA;53980;2;1;2;1;53980;0;0;0;Horno Microondas Mecanico Fancy 20Lts;ELECTRODOMESTICOS
10445104;;M;57;CHILENO;;Boomers;LLAILLAY                      ;VALPARAISO;32784;2;1;0;0;0;2;1;32784;Licuadora L2000VNG 1,5Lts Vaso Vidrio;ELECTRODOMESTICOS
14517954;;F;45;CHILENO;;X;SANTIAGO                      ;METROPOLITANA;64980;2;1;2;1;64980;0;0;0;Batidora de Pedestal FDV Venus Grey;ELECTRODOMESTICOS
9386527;;F;74;CHILENO;;Silencioso;PROVIDENCIA                   ;METROPOLITANA;58980;2;1;2;1;58980;0;0;0;Aspiradora UT-SILENT1603 Arrastre 1600Watts;ELECTRODOMESTICOS
7581008;;M;64;CHILENO;;Boomers;PANGUIPULLI                   ;LOS RIOS;35673;2;1;0;0;0;2;1;35673;Aspiradora Handy Clean Black 1400;ELECTRODOMESTICOS
16270882;;F;36;CHILENO;;Millenial;TALCA                         ;MAULE;29990;1;1;0;0;0;1;1;29990;Licuadora Roja 550W 1,5Lts Vaso Vidrio;ELECTRODOMESTICOS
17572087;;F;32;CHILENO;;Millenial;LOS ALAMOS                    ;BIO BIO;150970;3;1;0;0;0;3;1;150970;Batidora Pedestal TH910PN 4,6Lts 1300Watts;ELECTRODOMESTICOS
16779874;;F;34;CHILENO;;Millenial;N/D;N/D;21990;1;1;0;0;0;1;1;21990;Plancha a Vapor 8202 Verde;ELECTRODOMESTICOS
27196805;;F;32;EXTRANJERO - NO INFORMA NACIONALIDAD;;Extranjero;N/D;N/D;18582;2;2;0;0;0;2;2;18582;Batidora Manual 3532;ELECTRODOMESTICOS
7642536;;F;67;CHILENO;;Boomers;CHIGUAYANTE                   ;BIO BIO;149990;1;1;0;0;0;1;1;149990;Aspiradora Trapeadora Robot Ut-Excellenza (B);ELECTRODOMESTICOS
15291060;;F;40;CHILENO;;X;PUQUELDON                     ;LOS LAGOS;94990;1;1;0;0;0;1;1;94990;Batidora Pedestal TH910PN 4,6Lts 1300Watts;ELECTRODOMESTICOS
10951525;;F;55;CHILENO;;Boomers;PROVIDENCIA                   ;METROPOLITANA;52990;1;1;0;0;0;1;1;52990;Horno Microondas Mecanico Easy Wave 20Lts;ELECTRODOMESTICOS
11974590;;F;53;CHILENO;;X;CALERA                        ;VALPARAISO;12990;1;1;0;0;0;1;1;12990;Hervidor Electrico 3101 1,7Lts Negro;ELECTRODOMESTICOS
18703404;;M;28;CHILENO;;Millenial;N/D;N/D;69990;1;1;0;0;0;1;1;69990;Horno Microondas Digital TH-20S01 20Lts;ELECTRODOMESTICOS
16178069;;M;36;CHILENO;;Millenial;PROVIDENCIA                   ;METROPOLITANA;74990;1;1;0;0;0;1;1;74990;Aspiradora TH1870 Arrastre 1800Watts Gris;ELECTRODOMESTICOS
16818161;;M;35;CHILENO;;Millenial;N/D;N/D;50384;2;1;0;0;0;2;1;50384;Aspiradora Tambor APA1000 1000Watts;ELECTRODOMESTICOS
13412688;Soltero;M;44;CHILENO;TEC NIVEL SUP GESTION FINANCIERA;X;RENCA                         ;METROPOLITANA;54990;1;1;0;0;0;1;1;54990;Aspiradora VCC4190V3E/XZS Arrastre 2000Watts;ELECTRODOMESTICOS
17017512;;M;34;CHILENO;;Millenial;N/D;N/D;39980;2;1;0;0;0;2;1;39980;Plancha TH-7052 2000Watts Base Inox;ELECTRODOMESTICOS
10519614;;F;58;CHILENO;;Boomers;LA SERENA                     ;COQUIMBO;40672;2;1;0;0;0;2;1;40672;Batidora Vertical Minipimer UT-KLOT400P;ELECTRODOMESTICOS
18350603;;F;29;CHILENO;;Millenial;"";"";99990;1;1;0;0;0;1;1;99990;Horno Electrico TH62I 60Lts;ELECTRODOMESTICOS
14288332;;F;48;CHILENO;;Silencioso;PROVIDENCIA                   ;METROPOLITANA;64990;1;1;0;0;0;1;1;64990;PROCESADOR DE ALIMENTOS UT-PROCESSOR750;ELECTRODOMESTICOS
15598782;Soltero;M;38;CHILENO;;Millenial;SAN BERNARDO                  ;METROPOLITANA;41980;2;1;0;0;0;2;1;41980;Licuadora TH-320 Roja/Negro 1,5 Lts Vaso Vidrio;ELECTRODOMESTICOS
16052627;;F;36;CHILENO;;Millenial;PROVIDENCIA                   ;METROPOLITANA;104980;2;1;0;0;0;2;1;104980;Horno Electrico UT-BACKOFEN26 26Lts;ELECTRODOMESTICOS
18258195;;M;30;CHILENO;;Silencioso;PROVIDENCIA                   ;METROPOLITANA;64990;1;1;0;0;0;1;1;64990;Horno Microondas Digital TH-20S01 20Lts;ELECTRODOMESTICOS
11903544;;F;51;CHILENO;;X;PROVIDENCIA                   ;METROPOLITANA;18990;1;2;0;0;0;1;2;18990;Hervidor Electrico TH-4515N 2Lts Negro;ELECTRODOMESTICOS
26792955;;F;41;VENEZOLANO;;Extranjero;N/D;N/D;94990;1;1;0;0;0;1;1;94990;Horno Electrico UT-BACKOFEN48 48Lts;ELECTRODOMESTICOS
15920018;;F;38;CHILENO;;Millenial;LINARES                       ;MAULE;13990;1;1;0;0;0;1;1;13990;Exprimidor de Jugo CJ-2000 1Lts;ELECTRODOMESTICOS
26306034;;M;32;VENEZOLANO;;Extranjero;LOS ANGELES                   ;BIO BIO;24990;1;1;0;0;0;1;1;24990;Licuadora TH-320 Roja/Negro 1,5 Lts Vaso Vidrio;ELECTRODOMESTICOS
10594366;;F;52;CHILENO;;X;RENCA                         ;METROPOLITANA;43990;1;1;0;0;0;1;1;43990;Picadora TH-9020V Vaso Vidrio 2Lts;ELECTRODOMESTICOS
13532988;;F;42;CHILENO;;X;FREIRINA                      ;ATACAMA;79990;1;1;0;0;0;1;1;79990;Horno Electrico TH-38N 38Lts;ELECTRODOMESTICOS
16980228;;F;33;CHILENO;;Millenial;PROVIDENCIA                   ;METROPOLITANA;29990;1;1;0;0;0;1;1;29990;Batidora Pedestal Bowl 300 Inox;ELECTRODOMESTICOS
15614199;Soltero;M;38;CHILENO;;X;PROVIDENCIA                   ;METROPOLITANA;85840;2;1;2;1;85840;0;0;0;BATIDORA PEDESTAL THOMAS TH-910PB;ELECTRODOMESTICOS
8579290;;F;62;CHILENO;;Silencioso;PROVIDENCIA                   ;METROPOLITANA;29990;1;1;0;0;0;1;1;29990;Combo Juguera + Hervidor;ELECTRODOMESTICOS
11323347;Soltero;F;54;CHILENO;;X;RENCA                         ;METROPOLITANA;16990;1;1;0;0;0;1;1;16990;Exprimidor de Jugo 407W 1Lts;ELECTRODOMESTICOS
18727466;;F;28;CHILENO;;Millenial;PROVIDENCIA                   ;METROPOLITANA;54990;1;1;0;0;0;1;1;54990;ASPIRADORA THOMAS TH-1640;ELECTRODOMESTICOS
11692550;;F;51;CHILENO;;X;CAUQUENES                     ;MAULE;124980;2;1;0;0;0;2;1;124980;Freidora de Aire 18M Oster;ELECTRODOMESTICOS
15408984;;M;38;CHILENO;;X;"";"";26990;1;1;0;0;0;1;1;26990;PICADORA 123 SILHQUETTE;ELECTRODOMESTICOS
18130780;;F;29;CHILENO;;Millenial;PROVIDENCIA                   ;METROPOLITANA;179990;1;1;0;0;0;1;1;179990;Horno Electrico TH-100i 100Lts;ELECTRODOMESTICOS
10338076;;F;49;CHILENO;;X;SAN ANTONIO                   ;VALPARAISO;23080;1;1;0;0;0;1;1;23080;Plancha Paninis 2880;ELECTRODOMESTICOS
16222603;;F;36;CHILENO;;Millenial;PROVIDENCIA                   ;METROPOLITANA;35980;2;1;0;0;0;2;1;35980;Plancha UT-DUNST 2200Watts Base Ceramica;ELECTRODOMESTICOS
10764082;;F;56;CHILENO;;Boomers;CHILLAN                       ;BIO BIO;142249;4;1;0;0;0;4;1;142249;Horno Electrico TH62I 60Lts;ELECTRODOMESTICOS
8305278;;F;54;CHILENO;;Silencioso;PROVIDENCIA                   ;METROPOLITANA;64990;1;1;0;0;0;1;1;64990;Horno Microondas Digital TH-20S01 20Lts;ELECTRODOMESTICOS
13082915;;M;46;CHILENO;;X;PUENTE ALTO                   ;METROPOLITANA;63170;2;1;0;0;0;2;1;63170;Horno Microondas Digital TH-20S01 20Lts;ELECTRODOMESTICOS
6038991;Casado;M;70;CHILENO;INGENIERO ELECTRONICO;Silencioso;RENCA                         ;METROPOLITANA;27980;2;1;0;0;0;2;1;27980;Tostador de Pan TH-116 2 Rebanadas Negro;ELECTRODOMESTICOS
6862556;;F;73;CHILENO;;Silencioso;PROVIDENCIA                   ;METROPOLITANA;9990;1;1;0;0;0;1;1;9990;Plancha a Vapor Oster 3803;ELECTRODOMESTICOS
26449213;;M;32;VENEZOLANO;;Extranjero;CONCEPCION                    ;BIO BIO;101970;3;1;0;0;0;3;1;101970;Horno Electrico TH-25N01 25Lts;ELECTRODOMESTICOS
16225486;;M;36;CHILENO;;Millenial;N/D;N/D;39990;1;1;0;0;0;1;1;39990;HERVIDOR TETERA RELOJ 900R 2,5L ROJO;ELECTRODOMESTICOS
18230763;Soltero;F;28;CHILENO;PROFESOR;Millenial;PROVIDENCIA                   ;METROPOLITANA;64990;1;1;0;0;0;1;1;64990;Horno Microondas Digital TH-20S01 20Lts;ELECTRODOMESTICOS
8678181;Casado;M;60;CHILENO;;Boomers;RENCA                         ;METROPOLITANA;17000;0;2;0;0;0;0;2;17000;Licuadora Kaliman Negra con Teclas;ELECTRODOMESTICOS
11293368;;M;53;CHILENO;;X;PROVIDENCIA                   ;METROPOLITANA;15990;1;1;0;0;0;1;1;15990;Hervidor Electrico HA-3300 2,5Lts Blanco;ELECTRODOMESTICOS
18195293;;M;30;CHILENO;;Millenial;PROVIDENCIA                   ;METROPOLITANA;14990;1;1;0;0;0;1;1;14990;Hervidor Electrico UT-MANLY17 1,7Lts Negro;ELECTRODOMESTICOS
5761540;Soltero;M;75;CHILENO;;Silencioso;PROVIDENCIA                   ;METROPOLITANA;33980;2;1;0;0;0;2;1;33980;Licuadora L-1630V Negra 1,5Lts Vaso Vidrio;ELECTRODOMESTICOS
17038153;;F;33;CHILENO;;Millenial;VALLENAR;ATACAMA;49980;2;1;0;0;0;2;1;49980;Parrilla Electrica TH-180;ELECTRODOMESTICOS
22568055;;F;46;BOLIVIANO;;Extranjero;CALAMA                        ;ANTOFAGASTA;15990;1;1;0;0;0;1;1;15990;Hervidor Electrico HA-3300 2,5Lts Blanco;ELECTRODOMESTICOS
19833665;;M;24;CHILENO;;Z;PROVIDENCIA                   ;METROPOLITANA;66980;2;2;0;0;0;2;2;66980;Olla Arrocera TH38IF 1,8Lts;ELECTRODOMESTICOS
18457269;;F;29;CHILENO;;Millenial;N/D;N/D;269980;2;1;0;0;0;2;1;269980;Maquina Overlock 3534T Azul;ELECTRODOMESTICOS
10789504;;M;56;CHILENO;;Boomers;MAIPU                         ;METROPOLITANA;59990;1;1;0;0;0;1;1;59990;Horno Microondas Mecanico Easy Wave 20Lts;ELECTRODOMESTICOS
9427449;;F;66;CHILENO;;Boomers;ALGARROBO                     ;VALPARAISO;27990;1;1;0;0;0;1;1;27990;Hervidor Electrico Tetera TH-6505RT 1,7Lts Rojo;ELECTRODOMESTICOS
18848599;;M;27;CHILENO;;Silencioso;PROVIDENCIA                   ;METROPOLITANA;64990;1;1;0;0;0;1;1;64990;Aspiradora UT-SILENT1603 Arrastre 1600Watts;ELECTRODOMESTICOS
8249981;;F;63;CHILENO;;Boomers;N/D;N/D;256760;3;1;0;0;0;3;1;256760;Horno Electrico TH-80i 80Lts;ELECTRODOMESTICOS
11087708;;F;56;CHILENO;;Boomers;PROVIDENCIA                   ;METROPOLITANA;17990;1;1;0;0;0;1;1;17990;Hervidor Electrico TH-4515N 2Lts Negro;ELECTRODOMESTICOS
7634285;;F;65;CHILENO;;Boomers;QUILPUE                       ;VALPARAISO;14990;1;1;0;0;0;1;1;14990;Batidora Manual 3532;ELECTRODOMESTICOS
11671315;;F;52;CHILENO;;X;DONIHUE                       ;L.G.B.OÂ´HIGGINS;227960;4;1;0;0;0;4;1;227960;Horno Electrico TH62I 60Lts;ELECTRODOMESTICOS
19285973;;M;25;CHILENO;;Z;VINA DEL MAR                  ;VALPARAISO;7990;1;1;0;0;0;1;1;7990;Plancha OSTER 4801T 1200Watts Base Ceramica;ELECTRODOMESTICOS
9811225;;M;57;CHILENO;;Boomers;RENCA                         ;METROPOLITANA;18990;1;1;0;0;0;1;1;18990;Plancha UT-DUNST 2200Watts Base Ceramica;ELECTRODOMESTICOS
8089951;;F;62;CHILENO;;Boomers;RENCA                         ;METROPOLITANA;34990;1;1;0;0;0;1;1;34990;Plancha UT-SHANGRILA Inalambrica 2200Watss;ELECTRODOMESTICOS
5850782;;F;76;CHILENO;;Silencioso;CHIMBARONGO                   ;L.G.B.OÂ´HIGGINS;54980;2;1;0;0;0;2;1;54980;Picadora TH-9020V Vaso Vidrio 2Lts;ELECTRODOMESTICOS
11523528;;F;52;CHILENO;;X;PIRQUE                        ;METROPOLITANA;385720;6;2;0;0;0;6;2;385720;PROCESADOR THOMAS TH-9160;ELECTRODOMESTICOS
14677857;;F;61;PERUANO;;Extranjero;SANTIAGO                      ;METROPOLITANA;63670;2;1;0;0;0;2;1;63670;Licuadora L-25000NG;ELECTRODOMESTICOS
16255778;;M;35;CHILENO;;Millenial;N/D;N/D;27934;2;1;0;0;0;2;1;27934;Aspiradora Handy Clean Black 1400;ELECTRODOMESTICOS
5262767;;F;78;CHILENO;;Silencioso;PROVIDENCIA                   ;METROPOLITANA;38990;1;1;0;0;0;1;1;38990;Procesador TH-9010 Multimixer 1,5Lts Vaso Vidrio;ELECTRODOMESTICOS
20102617;;F;25;CHILENO;;Z;VILCUN                        ;ARAUCANIA;29990;1;1;0;0;0;1;1;29990;Licuadora UT-METALLEK505P 1,5Lts Vaso Vidrio;ELECTRODOMESTICOS
11298817;;M;53;CHILENO;;X;SANTIAGO                      ;METROPOLITANA;0;0;0;0;0;0;0;0;0;Licuadora TH-501V 1,5Lts Vaso Vidrio;ELECTRODOMESTICOS
9072979;;M;60;CHILENO;;Boomers;RENCA                         ;METROPOLITANA;0;0;0;0;0;0;0;0;0;Batidora Manual 3532;ELECTRODOMESTICOS
13609480;;F;43;CHILENO;;X;VALDIVIA                      ;LOS LAGOS;0;0;0;0;0;0;0;0;0;ASPIRADORA THOMAS TH-1640;ELECTRODOMESTICOS
14004131;;M;40;CHILENO;;X;PROVIDENCIA                   ;METROPOLITANA;0;0;0;0;0;0;0;0;0;Horno Electrico UT-BACKOFEN48 48Lts;ELECTRODOMESTICOS
10935736;Casado;F;53;CHILENO;;X;RENCA                         ;METROPOLITANA;0;0;0;0;0;0;0;0;0;Licuadora L2000VNG 1,5Lts Vaso Vidrio;ELECTRODOMESTICOS
7025743;;M;69;CHILENO;;Silencioso;PROVIDENCIA                   ;METROPOLITANA;0;0;0;0;0;0;0;0;0;Hervidor Electrico UT-DUNKEL17P 2Lts Negro;ELECTRODOMESTICOS
16837209;;F;34;CHILENO;;Millenial;PROVIDENCIA                   ;METROPOLITANA;0;0;0;0;0;0;0;0;0;Plancha THOMAS TH-7170 2200Watts Base Ceramica;ELECTRODOMESTICOS
16376757;;F;35;CHILENO;;Millenial;PUENTE ALTO                   ;METROPOLITANA;0;0;0;0;0;0;0;0;0;Maquina de Coser 3008 Janome Blanco;ELECTRODOMESTICOS
26163585;;F;34;VENEZOLANO;;Extranjero;N/D;N/D;0;0;0;0;0;0;0;0;0;Licuadora Roja 550W 1,5Lts Vaso Vidrio;ELECTRODOMESTICOS
6547624;;M;66;CHILENO;;Boomers;RENCA                         ;METROPOLITANA;0;0;0;0;0;0;0;0;0;Batidora Manual TH-8830;ELECTRODOMESTICOS
10282458;;M;58;CHILENO;;Boomers;MAULE                         ;MAULE;0;0;0;0;0;0;0;0;0;Combo Juguera + Hervidor;ELECTRODOMESTICOS
15121850;;M;40;CHILENO;;X;N/D;N/D;0;0;0;0;0;0;0;0;0;Parrilla Electrica M18W;ELECTRODOMESTICOS
5339720;;F;80;CHILENO;;Silencioso;LA SERENA                     ;COQUIMBO;0;0;0;0;0;0;0;0;0;Combo Licuadora + Batidora;ELECTRODOMESTICOS
17363394;;F;32;CHILENO;;Millenial;OVALLE                        ;COQUIMBO;0;0;0;0;0;0;0;0;0;Parrilla Electrica TH-224;ELECTRODOMESTICOS
16278438;;F;36;CHILENO;;Millenial;PROVIDENCIA                   ;METROPOLITANA;0;0;0;0;0;0;0;0;0;SUPER FREIDORA DE AIRE OV3;ELECTRODOMESTICOS
6952130;Casado;M;70;CHILENO;;Silencioso;CHILLAN                       ;BIO BIO;0;0;0;0;0;0;0;0;0;Batidora Manual 3532;ELECTRODOMESTICOS
17568559;;M;31;CHILENO;;Millenial;LOS ANDES                     ;VALPARAISO;0;0;0;0;0;0;0;0;0;Hervidor Electrico UT-MANLY17 1,7Lts Negro;ELECTRODOMESTICOS
6591438;;F;53;CHILENO;;Millenial;LA FLORIDA                    ;METROPOLITANA;0;0;0;0;0;0;0;0;0;Horno Microondas Digital TH-25DM 25Lts;ELECTRODOMESTICOS
5517099;;M;76;CHILENO;;Silencioso;CERRILLOS                     ;METROPOLITANA;0;0;0;0;0;0;0;0;0;Licuadora Kaliman Negra con Teclas;ELECTRODOMESTICOS
9830744;;F;56;CHILENO;;Boomers;HUALANE                       ;MAULE;0;0;0;0;0;0;0;0;0;Batidora Vertical Minipimer UT-KLOT400P;ELECTRODOMESTICOS
18315172;;M;29;CHILENO;;Millenial;ARICA                         ;ARICA Y PARINACOTA;0;0;0;0;0;0;0;0;0;MICROONDAS ME83X/XZS SAMSUNG MIRROR;ELECTRODOMESTICOS
20036324;;M;23;CHILENO;;Silencioso;PROVIDENCIA                   ;METROPOLITANA;0;0;0;0;0;0;0;0;0;HORNO ELECTRICO 16N01 16LTS NEGRO;ELECTRODOMESTICOS
15567882;;F;35;CHILENO;;Millenial;PROVIDENCIA                   ;METROPOLITANA;0;0;0;0;0;0;0;0;0;Licuadora TH-320 Roja/Negro 1,5 Lts Vaso Vidrio;ELECTRODOMESTICOS
11005416;;F;57;CHILENO;;Boomers;RENCA                         ;METROPOLITANA;0;0;0;0;0;0;0;0;0;Aspiradora AP1700 Arrastre 1700Watts;ELECTRODOMESTICOS
25705720;;F;27;VENEZOLANO;;Extranjero;SANTIAGO                      ;METROPOLITANA;0;0;0;0;0;0;0;0;0;SUPER FREIDORA DE AIRE OV3;ELECTRODOMESTICOS
16279651;;M;36;CHILENO;;Millenial;N/D;N/D;0;0;0;0;0;0;0;0;0;Aspiradora AP1700 Arrastre 1700Watts;ELECTRODOMESTICOS
8973028;;M;61;CHILENO;;Boomers;SANTA CRUZ                    ;L.G.B.OÂ´HIGGINS;0;0;0;0;0;0;0;0;0;Aspiradora UT-SILENT1804 Arrastre 1800Watts;ELECTRODOMESTICOS
7468477;;F;69;CHILENO;;Silencioso;PUENTE ALTO                   ;METROPOLITANA;0;0;0;0;0;0;0;0;0;Parrilla Electrica TH-224;ELECTRODOMESTICOS
17395430;;M;32;CHILENO;;Millenial;N/D;N/D;0;0;0;0;0;0;0;0;0;Olla Arrocera TH38IF 1,8Lts;ELECTRODOMESTICOS
7552580;;M;66;CHILENO;;Boomers;COPIAPO                       ;ATACAMA;0;0;0;0;0;0;0;0;0;Aspiradora UT-SILENT1804 Arrastre 1800Watts;ELECTRODOMESTICOS
10151837;Viudo;F;54;CHILENO;;X;RENCA                         ;METROPOLITANA;0;0;0;0;0;0;0;0;0;Plancha GSTBS 5854 1600Watts Base Ceramica;ELECTRODOMESTICOS
10882576;Soltero;M;56;CHILENO;;Boomers;RENCA                         ;METROPOLITANA;0;0;0;0;0;0;0;0;0;Parrilla Electrica TH-224;ELECTRODOMESTICOS
10137495;;F;58;CHILENO;;Silencioso;PROVIDENCIA                   ;METROPOLITANA;0;0;0;0;0;0;0;0;0;Aspiradora AP1700 Arrastre 1700Watts;ELECTRODOMESTICOS
14907733;;M;44;CHILENO;;X;TRAIGUEN                      ;ARAUCANIA;0;0;0;0;0;0;0;0;0;ARROCERA ROJA 4723;ELECTRODOMESTICOS
11128466;;F;54;CHILENO;;Boomers;VALDIVIA                      ;LOS RIOS;0;0;0;0;0;0;0;0;0;Hervidor Electrico Tetera TH-6505RT 1,7Lts Rojo;ELECTRODOMESTICOS
10182433;;M;55;CHILENO;;Boomers;DIEGO DE ALMAGRO              ;ATACAMA;0;0;0;0;0;0;0;0;0;Maquina de coser Singer 024;ELECTRODOMESTICOS
15304551;;F;40;CHILENO;;X;COIHAIQUE                     ;AYSEN;0;0;0;0;0;0;0;0;0;Horno Microondas Digital TH20DM 20Lts Espejado;ELECTRODOMESTICOS
14314854;Casado;F;45;CHILENO;;X;OVALLE                        ;COQUIMBO;0;0;0;0;0;0;0;0;0;Hervidor Electrico UT-MANLY17 1,7Lts Negro;ELECTRODOMESTICOS
5270210;;M;74;CHILENO;;Silencioso;NUNOA                         ;METROPOLITANA;0;0;0;0;0;0;0;0;0;Hervidor Electrico TH-4212N 1,7Lts Negro;ELECTRODOMESTICOS
15119978;;F;39;CHILENO;;X;CHIMBARONGO                   ;L.G.B.OÂ´HIGGINS;0;0;0;0;0;0;0;0;0;Licuadora UT-METALLEK605P 1,55Lts;ELECTRODOMESTICOS
18165061;;M;30;CHILENO;;Silencioso;PROVIDENCIA                   ;METROPOLITANA;0;0;0;0;0;0;0;0;0;Horno Microondas Digital MS23K3513AK/ZS 23Lts;ELECTRODOMESTICOS
13676052;;M;42;CHILENO;;Silencioso;PROVIDENCIA                   ;METROPOLITANA;0;0;0;0;0;0;0;0;0;Sistema de nutricion Xpert Series 7001;ELECTRODOMESTICOS
16163953;Soltero;F;35;CHILENO;;Millenial;RENCA                         ;METROPOLITANA;0;0;0;0;0;0;0;0;0;Horno Microondas Digital TH-20S01 20Lts;ELECTRODOMESTICOS
25572313;;M;41;COLOMBIANO;;Extranjero;N/D;N/D;0;0;0;0;0;0;0;0;0;Horno Electrico TH-100i 100Lts;ELECTRODOMESTICOS
6541073;;F;70;CHILENO;;Silencioso;COIHAIQUE                     ;AYSEN;0;0;0;0;0;0;0;0;0;Picadora TH-9020V Vaso Vidrio 2Lts;ELECTRODOMESTICOS
19924447;;M;24;CHILENO;;Z;PROVIDENCIA                   ;METROPOLITANA;0;0;0;0;0;0;0;0;0;FREIDORA DE AIRE CKSTAF55 1700W;ELECTRODOMESTICOS
13003976;;F;45;CHILENO;;X;CHIMBARONGO                   ;L.G.B.OÂ´HIGGINS;0;0;0;0;0;0;0;0;0;Aspiradora UT-SILENT1603 Arrastre 1600Watts;ELECTRODOMESTICOS
16152180;;F;38;CHILENO;;X;LOS ALAMOS                    ;BIO BIO;0;0;0;0;0;0;0;0;0;Horno Microondas Digital MS23K3513AK/ZS 23Lts;ELECTRODOMESTICOS
15679392;;F;38;CHILENO;;Millenial;PROVIDENCIA                   ;METROPOLITANA;0;0;0;0;0;0;0;0;0;Aspiradora AP1700 Arrastre 1700Watts;ELECTRODOMESTICOS
15603855;;F;38;CHILENO;;X;PROVIDENCIA                   ;METROPOLITANA;0;0;0;0;0;0;0;0;0;Hervidor Electrico UT-KLAR20PW 2Lts Blanco;ELECTRODOMESTICOS
18505032;;F;28;CHILENO;;Millenial;N/D;N/D;0;0;0;0;0;0;0;0;0;Hervidor Electrico UT-KLAR20PW 2Lts Blanco;ELECTRODOMESTICOS
18150124;;F;30;CHILENO;;Millenial;PROVIDENCIA                   ;METROPOLITANA;0;0;0;0;0;0;0;0;0;Hervidor Electrico HA-3300 2,5Lts Blanco;ELECTRODOMESTICOS
18930856;;M;27;CHILENO;;Millenial;PROVIDENCIA                   ;METROPOLITANA;0;0;0;0;0;0;0;0;0;Aspiradora Tambor APA1000 1000Watts;ELECTRODOMESTICOS
5612520;Casado;M;71;CHILENO;;Silencioso;RENCA                         ;METROPOLITANA;0;0;0;0;0;0;0;0;0;Plancha a Vapor Oster 3803;ELECTRODOMESTICOS
9965237;;F;59;CHILENO;;Boomers;PUENTE ALTO                   ;METROPOLITANA;0;0;0;0;0;0;0;0;0;HERVIDOR TETERA RELOJ 900R 2,5L ROJO;ELECTRODOMESTICOS
12013577;;F;50;CHILENO;;X;VILLARICA                     ;ARAUCANIA;0;0;0;0;0;0;0;0;0;Licuadora TH-501V 1,5Lts Vaso Vidrio;ELECTRODOMESTICOS
13955002;;M;42;CHILENO;;X;TALCAHUANO                    ;BIO BIO;0;0;0;0;0;0;0;0;0;Horno Electrico TH62I 60Lts;ELECTRODOMESTICOS
17276639;Soltero;F;33;CHILENO;;Millenial;SAN CARLOS                    ;BIO BIO;0;0;0;0;0;0;0;0;0;Batidora Vertical Stick Mixer 2609;ELECTRODOMESTICOS
8557877;;F;65;CHILENO;;Boomers;N/D;N/D;0;0;0;0;0;0;0;0;0;Batidora Manual 3532;ELECTRODOMESTICOS
14379712;;F;45;CHILENO;;X;MELIPILLA                     ;METROPOLITANA;0;0;0;0;0;0;0;0;0;Aspiradora Handy Clean Black 1400;ELECTRODOMESTICOS
8212482;;F;66;CHILENO;;Boomers;EL BOSQUE                     ;METROPOLITANA;0;0;0;0;0;0;0;0;0;Parrilla Electrica M18W;ELECTRODOMESTICOS
9230248;;F;60;CHILENO;;Boomers;PROVIDENCIA                   ;METROPOLITANA;0;0;0;0;0;0;0;0;0;Horno Electrico TH-25N01 25Lts;ELECTRODOMESTICOS
12362509;;F;48;CHILENO;;X;RENCA                         ;METROPOLITANA;0;0;0;0;0;0;0;0;0;HERVIDOR ELECTRICO UT-STARK18;ELECTRODOMESTICOS
16294421;;M;36;CHILENO;;Millenial;SAN JAVIER                    ;MAULE;0;0;0;0;0;0;0;0;0;Aspiradora TH1415 Arrastre 1500Watts;ELECTRODOMESTICOS
19608722;;F;24;CHILENO;;Millenial;N/D;N/D;0;0;0;0;0;0;0;0;0;Cafetera UT-KAFFEEKLASSIK;ELECTRODOMESTICOS
9380360;Casado;F;60;CHILENO;;Boomers;EL BOSQUE                     ;METROPOLITANA;0;0;0;0;0;0;0;0;0;Batidora Pedestal TH910PN 4,6Lts 1300Watts;ELECTRODOMESTICOS
15369816;;M;39;CHILENO;;X;RENCA                         ;METROPOLITANA;0;0;0;0;0;0;0;0;0;Batidora Pedestal UT-KLEIN700;ELECTRODOMESTICOS
18333664;;F;30;CHILENO;;Millenial;SAN BERNARDO                  ;METROPOLITANA;0;0;0;0;0;0;0;0;0;Horno Microondas Digital TH-20S01 20Lts;ELECTRODOMESTICOS
15372723;;F;40;CHILENO;;X;PROVIDENCIA                   ;METROPOLITANA;0;0;0;0;0;0;0;0;0;Batidora Pedestal TH910PN 4,6Lts 1300Watts;ELECTRODOMESTICOS
25672285;;M;53;VENEZOLANO;;Extranjero;"";"";0;0;0;0;0;0;0;0;0;Hervidor Electrico TH-4515N 2Lts Negro;ELECTRODOMESTICOS
19477232;Soltero;M;26;CHILENO;;Z;PROVIDENCIA                   ;METROPOLITANA;0;0;0;0;0;0;0;0;0;ASPIRADORA THOMAS TH-1640;ELECTRODOMESTICOS
19144776;;F;26;CHILENO;;Z;PROVIDENCIA                   ;METROPOLITANA;0;0;0;0;0;0;0;0;0;Aspiradora Cyclonic Adventage roja CA4000N;ELECTRODOMESTICOS
4548698;;F;78;CHILENO;;Silencioso;RENCA                         ;METROPOLITANA;0;0;0;0;0;0;0;0;0;Combo Hervidor + Batidora;ELECTRODOMESTICOS
8641102;;M;64;CHILENO;;Boomers;COPIAPO                       ;ATACAMA;0;0;0;0;0;0;0;0;0;Hervidor Electrico UT-KLAR20PW 2Lts Blanco;ELECTRODOMESTICOS
8198223;;F;50;CHILENO;;X;PROVIDENCIA                   ;METROPOLITANA;0;0;0;0;0;0;0;0;0;Hervidor Electrico 3100 1,7Lts Negro;ELECTRODOMESTICOS
8617857;;F;62;CHILENO;;Boomers;CHILLAN                       ;BIO BIO;0;0;0;0;0;0;0;0;0;Enceradora EA-5000;ELECTRODOMESTICOS
4772263;;F;75;CHILENO;;Silencioso;PROVIDENCIA                   ;METROPOLITANA;0;0;0;0;0;0;0;0;0;Hervidor Electrico HE420 2lts Negro;ELECTRODOMESTICOS
24931608;;F;36;PERUANO;;Extranjero;N/D;N/D;0;0;0;0;0;0;0;0;0;Horno Microondas Digital TH-25DM 25Lts;ELECTRODOMESTICOS
6278942;;F;67;CHILENO;;Boomers;PENALOLEN                     ;METROPOLITANA;0;0;0;0;0;0;0;0;0;Maquina de Coser Remington J011;ELECTRODOMESTICOS
13148876;;F;45;CHILENO;;X;LOS ANGELES                   ;BIO BIO;0;0;0;0;0;0;0;0;0;Aspiradora Handy Clean Black 1400;ELECTRODOMESTICOS
11403284;;F;53;CHILENO;;X;PROVIDENCIA                   ;METROPOLITANA;0;0;0;0;0;0;0;0;0;Hervidor Electrico UT-REIN17SS;ELECTRODOMESTICOS
10762700;;F;52;CHILENO;;X;LINARES                       ;MAULE;0;0;0;0;0;0;0;0;0;Horno Electrico TH-38N 38Lts;ELECTRODOMESTICOS
17299226;;F;32;CHILENO;;Millenial;PROVIDENCIA                   ;METROPOLITANA;0;0;0;0;0;0;0;0;0;Aspiradora TH1870 Arrastre 1800Watts Gris;ELECTRODOMESTICOS
12653718;;M;48;CHILENO;;Silencioso;PROVIDENCIA                   ;METROPOLITANA;0;0;0;0;0;0;0;0;0;Horno Electrico TH-38N 38Lts;ELECTRODOMESTICOS
5249865;;F;76;CHILENO;;Silencioso;PENCO                         ;BIO BIO;0;0;0;0;0;0;0;0;0;Hervidor Electrico UT-MANLY17 1,7Lts Negro;ELECTRODOMESTICOS
8707588;;F;58;CHILENO;;Boomers;ERCILLA                       ;ARAUCANIA;0;0;0;0;0;0;0;0;0;Hervidor Electrico 3101 1,7Lts Negro;ELECTRODOMESTICOS
17934320;Soltero;M;30;CHILENO;;Silencioso;PROVIDENCIA                   ;METROPOLITANA;0;0;0;0;0;0;0;0;0;Hervidor Electrico 3100 1,7Lts Negro;ELECTRODOMESTICOS
9720946;;F;60;CHILENO;;Boomers;LAJA                          ;BIO BIO;0;0;0;0;0;0;0;0;0;Batidora Pedestal B5300 Inox;ELECTRODOMESTICOS
17350078;;M;33;CHILENO;;Millenial;N/D;N/D;0;0;0;0;0;0;0;0;0;Tostador de Pan TH-116 2 Rebanadas Negro;ELECTRODOMESTICOS
6659749;;F;67;CHILENO;;Boomers;PROVIDENCIA                   ;METROPOLITANA;0;0;0;0;0;0;0;0;0;HERVIDOR TH-4340;ELECTRODOMESTICOS
6987570;;F;64;CHILENO;;Boomers;CONCEPCION                    ;BIO BIO;0;0;0;0;0;0;0;0;0;Tostador de Pan TP-1400 4 Rebanadas Inox;ELECTRODOMESTICOS
17207605;;M;33;CHILENO;;Silencioso;PROVIDENCIA                   ;METROPOLITANA;0;0;0;0;0;0;0;0;0;HORNO ELECTRICO 16N01 16LTS NEGRO;ELECTRODOMESTICOS
10720535;;M;49;CHILENO;;X;RENCA                         ;METROPOLITANA;0;0;0;0;0;0;0;0;0;Horno Microondas Mecanico UT-SYDNEY18 18Lts;ELECTRODOMESTICOS
16545134;;M;36;CHILENO;;Millenial;N/D;N/D;0;0;0;0;0;0;0;0;0;Batidora Pedestal Bowl 300 Inox;ELECTRODOMESTICOS
18215498;;M;30;CHILENO;;Millenial;ARICA                         ;ARICA Y PARINACOTA;0;0;0;0;0;0;0;0;0;Parrilla Electrica TH-180;ELECTRODOMESTICOS
7608213;;F;63;CHILENO;;Boomers;RENCA                         ;METROPOLITANA;0;0;0;0;0;0;0;0;0;Licuadora Kaliman Negra con Teclas;ELECTRODOMESTICOS
6046220;;F;69;CHILENO;;Silencioso;LA SERENA                     ;COQUIMBO;0;0;0;0;0;0;0;0;0;Licuadora L-1630V Negra 1,5Lts Vaso Vidrio;ELECTRODOMESTICOS
11174502;;M;55;CHILENO;;Boomers;RENCA                         ;METROPOLITANA;0;0;0;0;0;0;0;0;0;Horno Microondas Mecanico Easy Wave 20Lts;ELECTRODOMESTICOS
10742693;;F;53;CHILENO;;X;PROVIDENCIA                   ;METROPOLITANA;0;0;0;0;0;0;0;0;0;Horno Microondas Digital UT-CLASSY720 20Lts;ELECTRODOMESTICOS
15986596;;F;37;CHILENO;;Millenial;TEMUCO                        ;ARAUCANIA;0;0;0;0;0;0;0;0;0;Horno Electrico TH-80i 80Lts;ELECTRODOMESTICOS
11654735;;F;51;CHILENO;;X;RENCA                         ;METROPOLITANA;0;0;0;0;0;0;0;0;0;Licuadora Roja 550W 1,5Lts Vaso Vidrio;ELECTRODOMESTICOS
11821537;;F;51;CHILENO;;X;COPIAPO                       ;ATACAMA;0;0;0;0;0;0;0;0;0;Horno Electrico UT-BACKOFEN26 26Lts;ELECTRODOMESTICOS
5132469;;M;71;CHILENO;;Silencioso;ALTO HOSPICIO;TARAPACA;0;0;0;0;0;0;0;0;0;Aspiradora Tambor APA1000 1000Watts;ELECTRODOMESTICOS
15257179;;M;40;CHILENO;;X;PROVIDENCIA                   ;METROPOLITANA;0;0;0;0;0;0;0;0;0;Aspiradora TH1415 Arrastre 1500Watts;ELECTRODOMESTICOS
13948601;;M;42;CHILENO;;X;SAN VICENTE                   ;L.G.B.OÂ´HIGGINS;0;0;0;0;0;0;0;0;0;Cafetera UT-KAFFEEKLASSIK;ELECTRODOMESTICOS
15114875;;F;40;CHILENO;;X;PALMILLA                      ;L.G.B.OÂ´HIGGINS;0;0;0;0;0;0;0;0;0;Horno Electrico TH-80i 80Lts;ELECTRODOMESTICOS
26112843;Soltero;F;25;EXTRANJERO - NO INFORMA NACIONALIDAD;;Extranjero;PROVIDENCIA                   ;METROPOLITANA;0;0;0;0;0;0;0;0;0;Olla Arrocera TH38IF 1,8Lts;ELECTRODOMESTICOS
20033940;;F;23;CHILENO;;Silencioso;PROVIDENCIA                   ;METROPOLITANA;0;0;0;0;0;0;0;0;0;Freidora de Aire 18M Oster;ELECTRODOMESTICOS
17081318;;F;34;CHILENO;;Millenial;MELIPILLA                     ;METROPOLITANA;0;0;0;0;0;0;0;0;0;Hervidor Electrico Tetera HA-4100 4Lts Iox;ELECTRODOMESTICOS
11728078;;M;50;CHILENO;;X;CABILDO                       ;VALPARAISO;0;0;0;0;0;0;0;0;0;Horno Microondas Mecanico TH-18B05 18Lts;ELECTRODOMESTICOS
17391845;;F;31;CHILENO;;Millenial;TEMUCO                        ;ARAUCANIA;0;0;0;0;0;0;0;0;0;Hervidor Acero Inoxidable 40989-CL Hamilton Beac;ELECTRODOMESTICOS
4282558;;F;85;CHILENO;;Silencioso;PROVIDENCIA                   ;METROPOLITANA;0;0;0;0;0;0;0;0;0;Aspiradora UT-MEINER1803 Arrastre 1800Watts;ELECTRODOMESTICOS
19719820;;F;24;CHILENO;;Z;N/D;N/D;0;0;0;0;0;0;0;0;0;Licuadora TH-401V Roja 1,75Lts Vaso Vidrio;ELECTRODOMESTICOS
10939333;;F;50;CHILENO;;X;LA LIGUA                      ;VALPARAISO;0;0;0;0;0;0;0;0;0;Parrilla Electrica TH-224;ELECTRODOMESTICOS
25431607;;F;35;BOLIVIANO;;Extranjero;CALAMA                        ;ANTOFAGASTA;0;0;0;0;0;0;0;0;0;Hervidor Electrico TH-4515N 2Lts Negro;ELECTRODOMESTICOS
5904291;;F;77;CHILENO;;Silencioso;CALERA                        ;VALPARAISO;0;0;0;0;0;0;0;0;0;LICUADORA CROMADA CON TECLAS PLUS;ELECTRODOMESTICOS
5307308;Casado;F;72;CHILENO;;Silencioso;RENCA                         ;METROPOLITANA;0;0;0;0;0;0;0;0;0;Licuadora L2000VNG 1,5Lts Vaso Vidrio;ELECTRODOMESTICOS
7733300;;F;66;CHILENO;;Boomers;N/D;N/D;0;0;0;0;0;0;0;0;0;Horno Microondas Digital TH-20S01 20Lts;ELECTRODOMESTICOS
7282996;;F;70;CHILENO;;Silencioso;PROVIDENCIA                   ;METROPOLITANA;0;0;0;0;0;0;0;0;0;Plancha THOMAS TH-7170 2200Watts Base Ceramica;ELECTRODOMESTICOS
6491869;;F;66;CHILENO;;Boomers;RENCA                         ;METROPOLITANA;0;0;0;0;0;0;0;0;0;Hervidor 41020-CL 1,7Lts Inox;ELECTRODOMESTICOS
8523397;;F;62;CHILENO;;Boomers;PROVIDENCIA                   ;METROPOLITANA;0;0;0;0;0;0;0;0;0;Olla Arrocera OA-400NG 1,8Lts;ELECTRODOMESTICOS
9281846;;F;60;CHILENO;;Boomers;RENCA                         ;METROPOLITANA;0;0;0;0;0;0;0;0;0;PLANCHA A VAPOR 6953 BASE AEROCERAMICA AUTAPA.22;ELECTRODOMESTICOS
18989146;;F;27;CHILENO;;Z;PROVIDENCIA                   ;METROPOLITANA;0;0;0;0;0;0;0;0;0;Hervidor Electrico HA-2650NG;ELECTRODOMESTICOS
8668664;;F;49;CHILENO;;X;SANTIAGO                      ;METROPOLITANA;0;0;0;0;0;0;0;0;0;Licuadora Roja 550W 1,5Lts Vaso Vidrio;ELECTRODOMESTICOS
17421263;;M;32;CHILENO;;Millenial;N/D;N/D;0;0;0;0;0;0;0;0;0;Procesador TH-9010 Multimixer 1,5Lts Vaso Vidrio;ELECTRODOMESTICOS
11004961;;F;56;CHILENO;;Boomers;RENCA                         ;METROPOLITANA;0;0;0;0;0;0;0;0;0;Batidora Manual TH-8830;ELECTRODOMESTICOS
10131584;;F;59;CHILENO;;Boomers;ANGOL                         ;ARAUCANIA;0;0;0;0;0;0;0;0;0;Licuadora TH-320 Roja/Negro 1,5 Lts Vaso Vidrio;ELECTRODOMESTICOS
11086430;;F;55;CHILENO;;Boomers;VALDIVIA                      ;LOS LAGOS;0;0;0;0;0;0;0;0;0;HERVIDOR TH-4340;ELECTRODOMESTICOS
5016140;Casado;M;75;CHILENO;INGENIERO;Silencioso;RENCA                         ;METROPOLITANA;0;0;0;0;0;0;0;0;0;PLANCHA VAPOR TH-7146;ELECTRODOMESTICOS
18402898;;M;28;CHILENO;;Silencioso;PROVIDENCIA                   ;METROPOLITANA;0;0;0;0;0;0;0;0;0;Aspiradora TH1415 Arrastre 1500Watts;ELECTRODOMESTICOS
13791478;;F;42;CHILENO;;Silencioso;PROVIDENCIA                   ;METROPOLITANA;0;0;0;0;0;0;0;0;0;Hervidor Electrico UT-MANLY17 1,7Lts Negro;ELECTRODOMESTICOS
12896932;;F;47;CHILENO;;Millenial;SAN VICENTE                   ;L.G.B.OÂ´HIGGINS;0;0;0;0;0;0;0;0;0;LICUADORA CROMADA CON TECLAS PLUS;ELECTRODOMESTICOS
16322644;;F;36;CHILENO;;Silencioso;PROVIDENCIA                   ;METROPOLITANA;0;0;0;0;0;0;0;0;0;Batidora Vertical Multimixer TH-8735I;ELECTRODOMESTICOS
16879211;;F;33;CHILENO;;Millenial;N/D;N/D;0;0;0;0;0;0;0;0;0;Aspiradora UT-SILENT1804 Arrastre 1800Watts;ELECTRODOMESTICOS
15753043;;F;38;CHILENO;;Silencioso;PROVIDENCIA                   ;METROPOLITANA;0;0;0;0;0;0;0;0;0;Horno Microondas Mecanico Easy Wave 20Lts;ELECTRODOMESTICOS
19579564;;F;24;CHILENO;;Silencioso;PROVIDENCIA                   ;METROPOLITANA;0;0;0;0;0;0;0;0;0;Batidora Vertical Stick Mixer 2609;ELECTRODOMESTICOS
5858487;;M;75;CHILENO;;Silencioso;SAN PEDRO DE LA PAZ           ;BIO BIO;0;0;0;0;0;0;0;0;0;Horno Electrico TH-38N 38Lts;ELECTRODOMESTICOS
26532539;;M;39;VENEZOLANO;;Extranjero;N/D;N/D;0;0;0;0;0;0;0;0;0;ASPIRADORA THOMAS TH-1640;ELECTRODOMESTICOS
16995039;;M;33;CHILENO;;Millenial;LOS ANGELES                   ;BIO BIO;0;0;0;0;0;0;0;0;0;Hervidor Electrico HA-3300 2,5Lts Blanco;ELECTRODOMESTICOS
4374008;;M;79;CHILENO;;Silencioso;EL BOSQUE                     ;METROPOLITANA;0;0;0;0;0;0;0;0;0;Horno Microondas Mecanico TH-18B05 18Lts;ELECTRODOMESTICOS
15709405;Casado;F;38;CHILENO;;Millenial;PROVIDENCIA                   ;METROPOLITANA;0;0;0;0;0;0;0;0;0;Hervidor Electrico Tetera TH-6505RT 1,7Lts Rojo;ELECTRODOMESTICOS
26397863;;M;48;VENEZOLANO;;Extranjero;LAS CABRAS                    ;L.G.B.OÂ´HIGGINS;0;0;0;0;0;0;0;0;0;Horno Microondas Mecanico M-2030 NG 20Lts;ELECTRODOMESTICOS
5439513;;F;76;CHILENO;;Silencioso;RENCA                         ;METROPOLITANA;0;0;0;0;0;0;0;0;0;Hervidor Electrico 3100 1,7Lts Negro;ELECTRODOMESTICOS
7192760;;M;65;CHILENO;;Boomers;PROVIDENCIA                   ;METROPOLITANA;0;0;0;0;0;0;0;0;0;Horno Microondas Mecanico TH-18B05 18Lts;ELECTRODOMESTICOS
18757110;;F;28;CHILENO;;Silencioso;PROVIDENCIA                   ;METROPOLITANA;0;0;0;0;0;0;0;0;0;Sandwichera TH-952 2 Panes Blanca;ELECTRODOMESTICOS
18725690;;M;28;CHILENO;;Millenial;N/D;N/D;0;0;0;0;0;0;0;0;0;Cafetera TH-138i;ELECTRODOMESTICOS
11750918;;F;51;CHILENO;;X;MAIPU                         ;METROPOLITANA;0;0;0;0;0;0;0;0;0;Licuadora L-1630V Negra 1,5Lts Vaso Vidrio;ELECTRODOMESTICOS
13860458;;M;41;CHILENO;;Silencioso;PROVIDENCIA                   ;METROPOLITANA;0;0;0;0;0;0;0;0;0;Hervidor Electrico UT-MANLY17 1,7Lts Negro;ELECTRODOMESTICOS
18900688;Soltero;M;27;CHILENO;;Millenial;PROVIDENCIA                   ;METROPOLITANA;0;0;0;0;0;0;0;0;0;ASPIRADORA THOMAS TH-1640;ELECTRODOMESTICOS
6420351;;F;79;CHILENO;;Silencioso;RENCA                         ;METROPOLITANA;0;0;0;0;0;0;0;0;0;Aspiradora VCC4190V3E/XZS Arrastre 2000Watts;ELECTRODOMESTICOS
11511537;;F;51;CHILENO;;X;RENCA                         ;METROPOLITANA;0;0;0;0;0;0;0;0;0;Horno Microondas Mecanico TH-18B05 18Lts;ELECTRODOMESTICOS
14617326;;F;42;CHILENO;;X;N/D;N/D;0;0;0;0;0;0;0;0;0;Licuadora TH-320 Roja/Negro 1,5 Lts Vaso Vidrio;ELECTRODOMESTICOS
26228816;;M;55;VENEZOLANO;;Extranjero;CONCEPCION                    ;BIO BIO;0;0;0;0;0;0;0;0;0;Hervidor Electrico 3100 1,7Lts Negro;ELECTRODOMESTICOS
11322677;Casado;M;54;CHILENO;INGENIERO EN ADMINISTRACION DE EMPRESAS;X;LOS ANDES                     ;VALPARAISO;0;0;0;0;0;0;0;0;0;Horno Microondas Digital TH-20S01 20Lts;ELECTRODOMESTICOS
10080776;;F;55;CHILENO;;Boomers;RENCA                         ;METROPOLITANA;0;0;0;0;0;0;0;0;0;Horno Microondas Mecanico UT-SYDNEY18 18Lts;ELECTRODOMESTICOS
8777536;;M;61;CHILENO;;Boomers;LA CISTERNA                   ;METROPOLITANA;0;0;0;0;0;0;0;0;0;Horno Electrico TH-80i 80Lts;ELECTRODOMESTICOS
5476356;;F;75;CHILENO;;Silencioso;RENCA                         ;METROPOLITANA;0;0;0;0;0;0;0;0;0;Maquina de Coser BM-3850CL Lila;ELECTRODOMESTICOS
11135051;;F;55;CHILENO;;Boomers;RENCA                         ;METROPOLITANA;0;0;0;0;0;0;0;0;0;Hervidor Electrico UT-MANLY17 1,7Lts Negro;ELECTRODOMESTICOS
7957919;;M;60;CHILENO;;Boomers;CANETE                        ;BIO BIO;0;0;0;0;0;0;0;0;0;Aspiradora VCC4190V3E/XZS Arrastre 2000Watts;ELECTRODOMESTICOS
9660366;;M;60;CHILENO;;Boomers;N/D;N/D;0;0;0;0;0;0;0;0;0;Cafetera UT-KAFFEEKLASSIK;ELECTRODOMESTICOS
6884606;;F;69;CHILENO;;Silencioso;RENCA                         ;METROPOLITANA;0;0;0;0;0;0;0;0;0;Maquina para Hacer Pan MPP-600 BL;ELECTRODOMESTICOS
7149216;;M;65;CHILENO;;Boomers;PROVIDENCIA                   ;METROPOLITANA;0;0;0;0;0;0;0;0;0;Hervidor Electrico HA-3300 2,5Lts Blanco;ELECTRODOMESTICOS
6548630;Casado;F;72;CHILENO;PROFESOR;Silencioso;RENCA                         ;METROPOLITANA;0;0;0;0;0;0;0;0;0;Hervidor Electrico TH-4515N 2Lts Negro;ELECTRODOMESTICOS
6419428;;F;70;CHILENO;;Silencioso;RENCA                         ;METROPOLITANA;0;0;0;0;0;0;0;0;0;Extractor de Jugo EX800 1,4Lts;ELECTRODOMESTICOS
20244449;;F;22;CHILENO;;Silencioso;PROVIDENCIA                   ;METROPOLITANA;0;0;0;0;0;0;0;0;0;Picadora UT-PETRUS320 1Lts Vaso Vidrio;ELECTRODOMESTICOS
15092194;Soltero;M;39;CHILENO;;Silencioso;PROVIDENCIA                   ;METROPOLITANA;0;0;0;0;0;0;0;0;0;Batidora Manual TH-8830;ELECTRODOMESTICOS
12106832;;M;49;CHILENO;;X;LA SERENA                     ;COQUIMBO;0;0;0;0;0;0;0;0;0;Parrilla Electrica M18W;ELECTRODOMESTICOS
16248089;;M;36;CHILENO;;Silencioso;PROVIDENCIA                   ;METROPOLITANA;0;0;0;0;0;0;0;0;0;Parrilla Electrica TH-224;ELECTRODOMESTICOS
9353811;;M;60;CHILENO;;Boomers;RENCA                         ;METROPOLITANA;0;0;0;0;0;0;0;0;0;Horno Microondas Digital TH-25DM 25Lts;ELECTRODOMESTICOS
18261677;;M;29;CHILENO;;Millenial;RENGO                         ;L.G.B.OÂ´HIGGINS;0;0;0;0;0;0;0;0;0;Batidora Manual 2532;ELECTRODOMESTICOS
6225958;;M;67;CHILENO;;Boomers;RENCA                         ;METROPOLITANA;0;0;0;0;0;0;0;0;0;BATIDORA PEDESTAL THOMAS TH-910PB;ELECTRODOMESTICOS
8380445;;F;63;CHILENO;;Boomers;N/D;N/D;0;0;0;0;0;0;0;0;0;HERVIDOR ELECTRICO UT-STARK18;ELECTRODOMESTICOS
18976682;;F;27;CHILENO;;Millenial;N/D;N/D;0;0;0;0;0;0;0;0;0;Horno Microondas Mecanico TH-18B05 18Lts;ELECTRODOMESTICOS
11905601;;M;50;CHILENO;;X;PROVIDENCIA                   ;METROPOLITANA;0;0;0;0;0;0;0;0;0;Freidora electrica Ut-KeramikAir;ELECTRODOMESTICOS
9693917;;M;57;CHILENO;;Millenial;"";"";0;0;0;0;0;0;0;0;0;MOPA A VAPOR SINDELEN MV-1305 GR;ELECTRODOMESTICOS
15155882;;F;39;CHILENO;;X;RETIRO                        ;MAULE;0;0;0;0;0;0;0;0;0;LICUADORA CROMADA CON TECLAS PLUS;ELECTRODOMESTICOS
18136766;Soltero;M;29;CHILENO;;Millenial;PROVIDENCIA                   ;METROPOLITANA;0;0;0;0;0;0;0;0;0;Aspiradora TH1415 Arrastre 1500Watts;ELECTRODOMESTICOS
17604065;Casado;F;31;CHILENO;;Millenial;PROVIDENCIA                   ;METROPOLITANA;0;0;0;0;0;0;0;0;0;ASPIRADORA THOMAS TH-2230;ELECTRODOMESTICOS
12352542;;F;49;CHILENO;;X;PROVIDENCIA                   ;METROPOLITANA;0;0;0;0;0;0;0;0;0;Batidora Vertical Minipimer UT-KLOT800SS;ELECTRODOMESTICOS
9783094;;F;58;CHILENO;;Boomers;SAN ANTONIO                   ;VALPARAISO;0;0;0;0;0;0;0;0;0;Exprimidor de Jugo 407W 1Lts;ELECTRODOMESTICOS
7374307;;F;63;CHILENO;;Boomers;RENCA                         ;METROPOLITANA;0;0;0;0;0;0;0;0;0;Horno Electrico UT-BACKOFEN48 48Lts;ELECTRODOMESTICOS
17336953;;M;32;CHILENO;;Millenial;PROVIDENCIA                   ;METROPOLITANA;0;0;0;0;0;0;0;0;0;Parrilla Electrica TH-224;ELECTRODOMESTICOS
18943808;Soltero;F;27;CHILENO;PSICOPEDAGOGO;Silencioso;PROVIDENCIA                   ;METROPOLITANA;0;0;0;0;0;0;0;0;0;Horno Microondas Digital UT-CLASSY720 20Lts;ELECTRODOMESTICOS
26469325;;F;27;VENEZOLANO;;Extranjero;SAN FELIPE                    ;VALPARAISO;0;0;0;0;0;0;0;0;0;Maquina de Coser 3223;ELECTRODOMESTICOS
14270813;;F;48;CHILENO;;Silencioso;PROVIDENCIA                   ;METROPOLITANA;0;0;0;0;0;0;0;0;0;Horno Electrico UT-BACKOFEN48 48Lts;ELECTRODOMESTICOS
19418294;Soltero;F;25;CHILENO;;Z;PROVIDENCIA                   ;METROPOLITANA;0;0;0;0;0;0;0;0;0;Licuadora UT-METALLEK505P 1,5Lts Vaso Vidrio;ELECTRODOMESTICOS
17827051;;F;31;CHILENO;;Millenial;PROVIDENCIA                   ;METROPOLITANA;0;0;0;0;0;0;0;0;0;Cafetera TH-130;ELECTRODOMESTICOS
16722480;;F;34;CHILENO;;Millenial;N/D;N/D;0;0;0;0;0;0;0;0;0;Maquina de coser Singer 3305;ELECTRODOMESTICOS
18440936;;F;29;CHILENO;;Millenial;PROVIDENCIA                   ;METROPOLITANA;0;0;0;0;0;0;0;0;0;Maquina de Coser 3008 Janome Blanco;ELECTRODOMESTICOS
13203551;;F;46;CHILENO;;X;RENGO                         ;L.G.B.OÂ´HIGGINS;0;0;0;0;0;0;0;0;0;Hervidor Electrico UT-MANLY17 1,7Lts Negro;ELECTRODOMESTICOS
10536365;;F;56;CHILENO;;Boomers;PIRQUE                        ;METROPOLITANA;0;0;0;0;0;0;0;0;0;ARROCERA ROJA 4723;ELECTRODOMESTICOS
19506588;;F;25;CHILENO;;Z;N/D;N/D;0;0;0;0;0;0;0;0;0;Batidora Manual TH-8830;ELECTRODOMESTICOS
19587206;;M;24;CHILENO;;Silencioso;PROVIDENCIA                   ;METROPOLITANA;0;0;0;0;0;0;0;0;0;Cafetera W12B;ELECTRODOMESTICOS
18763478;Soltero;F;28;CHILENO;TECNICO DE NIVEL SUPERIOR EN ENFERMERIA;Millenial;PROVIDENCIA                   ;METROPOLITANA;0;0;0;0;0;0;0;0;0;Horno Electrico UT-BACKOFEN26 26Lts;ELECTRODOMESTICOS
10489164;;F;56;CHILENO;;Boomers;ILLAPEL                       ;COQUIMBO;0;0;0;0;0;0;0;0;0;LICUADORA CROMADA CON TECLAS PLUS;ELECTRODOMESTICOS
7457432;Soltero;F;66;CHILENO;;Boomers;COLINA                        ;METROPOLITANA;0;0;0;0;0;0;0;0;0;Batidora Manual TH-8830;ELECTRODOMESTICOS
19605764;;F;25;CHILENO;;Silencioso;PROVIDENCIA                   ;METROPOLITANA;0;0;0;0;0;0;0;0;0;Horno Electrico UT-BACKOFEN38 38Lts;ELECTRODOMESTICOS
7303980;;M;64;CHILENO;;Boomers;ILLAPEL                       ;COQUIMBO;0;0;0;0;0;0;0;0;0;LICUADORA CROMADA CON TECLAS PLUS;ELECTRODOMESTICOS
6239377;Casado;M;68;CHILENO;;Silencioso;PROVIDENCIA                   ;METROPOLITANA;0;0;0;0;0;0;0;0;0;ASPIRADORA THOMAS TH-2230;ELECTRODOMESTICOS
15253258;;M;39;CHILENO;;X;RENCA                         ;METROPOLITANA;0;0;0;0;0;0;0;0;0;Parrilla Electrica M18W;ELECTRODOMESTICOS
16717231;;M;34;CHILENO;;Silencioso;PROVIDENCIA                   ;METROPOLITANA;0;0;0;0;0;0;0;0;0;Combo Hervidor + Tostador + Sandwichera;ELECTRODOMESTICOS
24142592;;F;46;BOLIVIANO;;Extranjero;SIERRA GORDA                  ;ANTOFAGASTA;0;0;0;0;0;0;0;0;0;Hervidor Electrico TH-5407i 2Lts;ELECTRODOMESTICOS
12368891;;F;49;CHILENO;;X;SANTA CRUZ                    ;L.G.B.OÂ´HIGGINS;0;0;0;0;0;0;0;0;0;Sandwichera TH-952 2 Panes Blanca;ELECTRODOMESTICOS
18822162;;F;26;CHILENO;;Z;PROVIDENCIA                   ;METROPOLITANA;0;0;0;0;0;0;0;0;0;ARROCERA ROJA 4723;ELECTRODOMESTICOS
10542988;;F;55;CHILENO;;Boomers;QUILLOTA                      ;VALPARAISO;0;0;0;0;0;0;0;0;0;Hervidor Electrico UT-DUNKEL17P 2Lts Negro;ELECTRODOMESTICOS
13906623;;F;42;CHILENO;;X;QUILICURA                     ;METROPOLITANA;0;0;0;0;0;0;0;0;0;Aspiradora Trapeadora Robot Ut-Excellenza (B);ELECTRODOMESTICOS
11882285;;M;51;CHILENO;;X;RENCA                         ;METROPOLITANA;0;0;0;0;0;0;0;0;0;Horno Microondas Mecanico Easy Wave 20Lts;ELECTRODOMESTICOS
9313423;;F;59;CHILENO;;Boomers;PROVIDENCIA                   ;METROPOLITANA;0;0;0;0;0;0;0;0;0;Aspiradora Trapeadora Robot Ut-Excellenza (B);ELECTRODOMESTICOS
7598222;;F;64;CHILENO;;Boomers;N/D;N/D;0;0;0;0;0;0;0;0;0;Licuadora UT-METALLEK605P 1,55Lts;ELECTRODOMESTICOS
12501261;Casado;F;49;CHILENO;;X;PROVIDENCIA                   ;METROPOLITANA;0;0;0;0;0;0;0;0;0;Licuadora L1000 Inox 1,7LtsVaso Vidrio;ELECTRODOMESTICOS
9109272;Soltero;F;60;CHILENO;;Boomers;PROVIDENCIA                   ;METROPOLITANA;0;0;0;0;0;0;0;0;0;Aspiradora Trapeadora Robot Ut-Excellenza (B);ELECTRODOMESTICOS
18140208;;F;30;CHILENO;;Extranjero;PROVIDENCIA                   ;METROPOLITANA;0;0;0;0;0;0;0;0;0;ARROCERA ROJA 4723;ELECTRODOMESTICOS
20852287;;M;21;CHILENO;;Silencioso;PROVIDENCIA                   ;METROPOLITANA;0;0;0;0;0;0;0;0;0;Horno Electrico TH-38N 38Lts;ELECTRODOMESTICOS
17333908;;F;32;CHILENO;;Millenial;PROVIDENCIA                   ;METROPOLITANA;0;0;0;0;0;0;0;0;0;Freidora electrica Ut-KeramikAir;ELECTRODOMESTICOS
19814115;;F;24;CHILENO;;Z;PROVIDENCIA                   ;METROPOLITANA;0;0;0;0;0;0;0;0;0;Cafetera TH-130;ELECTRODOMESTICOS
6976111;;M;61;CHILENO;;Boomers;PROVIDENCIA                   ;METROPOLITANA;0;0;0;0;0;0;0;0;0;Horno Microondas Digital ME0113MB1/XZS 32Lts;ELECTRODOMESTICOS
17568689;Soltero;M;31;CHILENO;;Silencioso;PROVIDENCIA                   ;METROPOLITANA;0;0;0;0;0;0;0;0;0;Hervidor Electrico TH-5407i 2Lts;ELECTRODOMESTICOS
16384651;Soltero;M;35;CHILENO;;Millenial;PROVIDENCIA                   ;METROPOLITANA;0;0;0;0;0;0;0;0;0;Batidora Manual UT-TEKLA300;ELECTRODOMESTICOS
14047694;;F;41;CHILENO;;X;N/D;N/D;0;0;0;0;0;0;0;0;0;Enceradora EA-5000;ELECTRODOMESTICOS
16900298;Soltero;F;34;CHILENO;PSICOLOGO;Millenial;PROVIDENCIA                   ;METROPOLITANA;0;0;0;0;0;0;0;0;0;Horno Electrico TH-25N01 25Lts;ELECTRODOMESTICOS
8889021;Casado;F;62;CHILENO;;Boomers;PROVIDENCIA                   ;METROPOLITANA;0;0;0;0;0;0;0;0;0;Licuadora L2000VNG 1,5Lts Vaso Vidrio;ELECTRODOMESTICOS
12363182;;F;49;CHILENO;;X;TALCAHUANO                    ;BIO BIO;0;0;0;0;0;0;0;0;0;Batidora Pedestal B5300 Inox;ELECTRODOMESTICOS
5385369;;M;71;CHILENO;;Silencioso;RANCAGUA                      ;L.G.B.OÂ´HIGGINS;0;0;0;0;0;0;0;0;0;Plancha THOMAS TH-7170 2200Watts Base Ceramica;ELECTRODOMESTICOS
13201783;;F;44;CHILENO;;X;YERBAS BUENAS                 ;MAULE;0;0;0;0;0;0;0;0;0;Batidora Vertical Multimixer TH-8720;ELECTRODOMESTICOS
11024451;;F;57;CHILENO;;Millenial;PROVIDENCIA                   ;METROPOLITANA;0;0;0;0;0;0;0;0;0;Horno Microondas Digital L UT-25KROMM 25Lts;ELECTRODOMESTICOS
5561886;;M;74;CHILENO;;Silencioso;LA LIGUA                      ;VALPARAISO;0;0;0;0;0;0;0;0;0;HERVIDOR TH-4340;ELECTRODOMESTICOS
15874488;;M;39;CHILENO;;X;PROVIDENCIA                   ;METROPOLITANA;0;0;0;0;0;0;0;0;0;Aspiradora TH1407 Arrastre 1400Watts;ELECTRODOMESTICOS
17599460;Soltero;M;32;CHILENO;INGENIERO COMERCIAL;Silencioso;PROVIDENCIA                   ;METROPOLITANA;0;0;0;0;0;0;0;0;0;LICUADORA 1000IN INOX SINDELEN;ELECTRODOMESTICOS
13163528;;F;45;CHILENO;;X;PROVIDENCIA                   ;METROPOLITANA;0;0;0;0;0;0;0;0;0;Horno Microondas Digital L UT-25KROMM 25Lts;ELECTRODOMESTICOS
12927176;Casado;M;47;CHILENO;;X;ANCUD                         ;LOS LAGOS;0;0;0;0;0;0;0;0;0;Horno Microondas Mecanico TH-18B05 18Lts;ELECTRODOMESTICOS
15774699;;M;38;CHILENO;;Millenial;PROVIDENCIA                   ;METROPOLITANA;0;0;0;0;0;0;0;0;0;Licuadora Roja 550W 1,5Lts Vaso Vidrio;ELECTRODOMESTICOS
15289079;;M;41;CHILENO;;X;ANCUD                         ;LOS LAGOS;0;0;0;0;0;0;0;0;0;Horno Electrico UT-BACKOFEN60 60Lts;ELECTRODOMESTICOS
12283386;;F;50;CHILENO;;X;PROVIDENCIA                   ;METROPOLITANA;0;0;0;0;0;0;0;0;0;Horno Electrico UT-BACKOFEN26 26Lts;ELECTRODOMESTICOS
21320055;Casado;F;41;CHILENO;;X;PROVIDENCIA                   ;METROPOLITANA;0;0;0;0;0;0;0;0;0;PROCESADOR DE ALIMENTOS UT-PROCESSOR750;ELECTRODOMESTICOS
20152419;;F;22;CHILENO;;Z;PROVIDENCIA                   ;METROPOLITANA;0;0;0;0;0;0;0;0;0;Batidora Pedestal B5300 Inox;ELECTRODOMESTICOS
11290625;;M;54;CHILENO;;X;PROVIDENCIA                   ;METROPOLITANA;0;0;0;0;0;0;0;0;0;Horno Electrico TH-25N01 25Lts;ELECTRODOMESTICOS
18344075;;F;29;CHILENO;;Millenial;PROVIDENCIA                   ;METROPOLITANA;0;0;0;0;0;0;0;0;0;Tostador de Pan TP-1400 4 Rebanadas Inox;ELECTRODOMESTICOS
11291472;;F;54;CHILENO;;X;PROVIDENCIA                   ;METROPOLITANA;0;0;0;0;0;0;0;0;0;Batidora Pedestal UT-KLEIN700;ELECTRODOMESTICOS
12075938;;F;53;CHILENO;;X;PROVIDENCIA                   ;METROPOLITANA;0;0;0;0;0;0;0;0;0;Aspiradora UT-ZYKLON1402 Arrastre 1400Watts;ELECTRODOMESTICOS
15177169;;M;39;CHILENO;;Silencioso;PROVIDENCIA                   ;METROPOLITANA;0;0;0;0;0;0;0;0;0;Horno Electrico TH-25N01 25Lts;ELECTRODOMESTICOS
16179186;;F;36;CHILENO;;Millenial;PROVIDENCIA                   ;METROPOLITANA;0;0;0;0;0;0;0;0;0;Batidora Pedestal Desmontable 64650-CL;ELECTRODOMESTICOS
8873670;Casado;M;62;CHILENO;;Silencioso;PROVIDENCIA                   ;METROPOLITANA;0;0;0;0;0;0;0;0;0;Hervidor Electrico TH-5407i 2Lts;ELECTRODOMESTICOS
13006502;Casado;F;46;CHILENO;SECRETARIA;X;PROVIDENCIA                   ;METROPOLITANA;0;0;0;0;0;0;0;0;0;Batidora Pedestal Desmontable 64650-CL;ELECTRODOMESTICOS
14011862;;F;41;CHILENO;;X;PROVIDENCIA                   ;METROPOLITANA;0;0;0;0;0;0;0;0;0;Batidora Manual BM-490IN Multi Accesorios;ELECTRODOMESTICOS
7454409;;M;66;CHILENO;;Boomers;VALPARAISO                    ;VALPARAISO;0;0;0;0;0;0;0;0;0;Batidora Vertical Minipimer UT-KLOT800SS;ELECTRODOMESTICOS
5117151;Casado;F;72;CHILENO;PROFESOR;Silencioso;RENCA                         ;METROPOLITANA;0;0;0;0;0;0;0;0;0;Licuadora Osterizer 4112/72 1,25Lts Vaso Vidrio;ELECTRODOMESTICOS
15287380;;F;51;CHILENO;;X;RENCA                         ;METROPOLITANA;0;0;0;0;0;0;0;0;0;Aspiradora TH1415 Arrastre 1500Watts;ELECTRODOMESTICOS
9032367;;F;63;CHILENO;;Boomers;N/D;N/D;0;0;0;0;0;0;0;0;0;Plancha Paninis 2880;ELECTRODOMESTICOS
14226955;;F;41;CHILENO;;X;PUERTO MONTT                  ;LOS LAGOS;0;0;0;0;0;0;0;0;0;Batidora Manual 2532;ELECTRODOMESTICOS
17863998;;F;31;CHILENO;;Millenial;PAILLACO                      ;LOS LAGOS;0;0;0;0;0;0;0;0;0;Horno Microondas Digital TH-20S01 20Lts;ELECTRODOMESTICOS
7138952;;F;65;CHILENO;;Boomers;PROVIDENCIA                   ;METROPOLITANA;0;0;0;0;0;0;0;0;0;Aspiradora TH1407 Arrastre 1400Watts;ELECTRODOMESTICOS
11299628;;M;53;CHILENO;;X;RENCA                         ;METROPOLITANA;0;0;0;0;0;0;0;0;0;Hervidor Electrico TH-4515N 2Lts Negro;ELECTRODOMESTICOS
15821822;;F;37;CHILENO;;Millenial;PUDAHUEL                      ;METROPOLITANA;0;0;0;0;0;0;0;0;0;Horno Microondas Digital TH-20S01 20Lts;ELECTRODOMESTICOS
15088110;;F;38;CHILENO;;Millenial;SANTIAGO                      ;METROPOLITANA;0;0;0;0;0;0;0;0;0;Freidora de Aire 18M Oster;ELECTRODOMESTICOS
6355921;;M;72;CHILENO;;Silencioso;PAILLACO                      ;LOS RIOS;0;0;0;0;0;0;0;0;0;Hervidor Electrico UT-KLAR20PW 2Lts Blanco;ELECTRODOMESTICOS
18155564;Casado;F;30;CHILENO;;Millenial;CAUQUENES                     ;MAULE;0;0;0;0;0;0;0;0;0;Horno Microondas Digital L UT-25KROMM 25Lts;ELECTRODOMESTICOS
6308444;;F;74;CHILENO;;Silencioso;CHILLAN                       ;NUBLE;0;0;0;0;0;0;0;0;0;Parrilla Electrica TH-224;ELECTRODOMESTICOS
14144236;Soltero;F;40;CHILENO;PROFESOR;X;PROVIDENCIA                   ;METROPOLITANA;0;0;0;0;0;0;0;0;0;Horno Electrico UT-BACKOFEN26 26Lts;ELECTRODOMESTICOS
12170338;;M;50;CHILENO;;X;RENCA                         ;METROPOLITANA;0;0;0;0;0;0;0;0;0;Horno Microondas Digital MS28F303TAS/ZS 28Lts;ELECTRODOMESTICOS
24903131;;F;43;PERUANO;;Extranjero;IQUIQUE                       ;TARAPACA;0;0;0;0;0;0;0;0;0;Hervidor Electrico Tetera UT-LECKER18R 1,8Lts;ELECTRODOMESTICOS
10714909;;M;55;CHILENO;;Boomers;RENCA                         ;METROPOLITANA;0;0;0;0;0;0;0;0;0;Aspiradora VCC4190V3E/XZS Arrastre 2000Watts;ELECTRODOMESTICOS
17404648;Soltero;M;32;CHILENO;;Millenial;PROVIDENCIA                   ;METROPOLITANA;0;0;0;0;0;0;0;0;0;ASPIRADORA THOR HANDY LITHIUM 12.8V;ELECTRODOMESTICOS
18274104;Soltero;M;29;CHILENO;;Silencioso;PROVIDENCIA                   ;METROPOLITANA;0;0;0;0;0;0;0;0;0;Horno Electrico UT-BACKOFEN48 48Lts;ELECTRODOMESTICOS
8253958;;M;66;CHILENO;;Boomers;RENCA                         ;METROPOLITANA;0;0;0;0;0;0;0;0;0;Licuadora L-25000NG;ELECTRODOMESTICOS
7654263;;F;66;CHILENO;;Boomers;VALDIVIA                      ;LOS RIOS;0;0;0;0;0;0;0;0;0;Extractor de Jugo EX800 1,4Lts;ELECTRODOMESTICOS
9519856;;M;54;CHILENO;;X;PROVIDENCIA                   ;METROPOLITANA;0;0;0;0;0;0;0;0;0;Maquina para Hacer Pan MPP-600 BL;ELECTRODOMESTICOS
18722664;;F;28;CHILENO;;Millenial;CHIMBARONGO                   ;L.G.B.OÂ´HIGGINS;0;0;0;0;0;0;0;0;0;Hervidor Electrico 3100 1,7Lts Negro;ELECTRODOMESTICOS
10999341;;F;51;CHILENO;;X;PUENTE ALTO                   ;METROPOLITANA;0;0;0;0;0;0;0;0;0;Horno Electrico TH-80i 80Lts;ELECTRODOMESTICOS
22870206;Soltero;M;27;CHILENO;;Extranjero;PROVIDENCIA                   ;METROPOLITANA;0;0;0;0;0;0;0;0;0;Hervidor Electrico HE420 2lts Negro;ELECTRODOMESTICOS
16198883;;F;37;CHILENO;;Silencioso;PROVIDENCIA                   ;METROPOLITANA;0;0;0;0;0;0;0;0;0;Picadora TH-9020V Vaso Vidrio 2Lts;ELECTRODOMESTICOS
15620652;;F;38;CHILENO;;Millenial;RENCA                         ;METROPOLITANA;0;0;0;0;0;0;0;0;0;Batidora Vertical Minipimer UT-KLOT400P;ELECTRODOMESTICOS
16838761;;F;34;CHILENO;;Millenial;PROVIDENCIA                   ;METROPOLITANA;0;0;0;0;0;0;0;0;0;Batidora Manual BM-490IN Multi Accesorios;ELECTRODOMESTICOS
19430488;;F;25;CHILENO;;Silencioso;PROVIDENCIA                   ;METROPOLITANA;0;0;0;0;0;0;0;0;0;Aspiradora UT-KRAFT(DIG) Arrastre 2200Watts;ELECTRODOMESTICOS
16781110;;F;34;CHILENO;;Millenial;PROVIDENCIA                   ;METROPOLITANA;0;0;0;0;0;0;0;0;0;Hervidor Electrico UT-MANLY17 1,7Lts Negro;ELECTRODOMESTICOS
15414377;Soltero;F;40;CHILENO;EDUCADOR DE PARVULO;Silencioso;PROVIDENCIA                   ;METROPOLITANA;0;0;0;0;0;0;0;0;0;Horno Electrico TH-48N 48Lts;ELECTRODOMESTICOS
6825967;Soltero;M;70;CHILENO;;Silencioso;LOS ANGELES                   ;BIO BIO;0;0;0;0;0;0;0;0;0;Hervidor Electrico UT-MANLY17 1,7Lts Negro;ELECTRODOMESTICOS
11174430;Casado;F;55;CHILENO;;Silencioso;PROVIDENCIA                   ;METROPOLITANA;0;0;0;0;0;0;0;0;0;Batidora Manual TH-8830;ELECTRODOMESTICOS
9312722;;F;57;CHILENO;;Boomers;SAN PEDRO DE LA PAZ           ;BIO BIO;0;0;0;0;0;0;0;0;0;Horno Electrico TH-80i 80Lts;ELECTRODOMESTICOS
20785743;;M;21;CHILENO;;Millenial;N/D;N/D;0;0;0;0;0;0;0;0;0;Batidora Vertical Minipimer UT-KLOT400P;ELECTRODOMESTICOS
8361620;;F;64;CHILENO;;Boomers;TALCA                         ;MAULE;0;0;0;0;0;0;0;0;0;Horno Microondas Digital UT-CLASSY720 20Lts;ELECTRODOMESTICOS
18511783;Soltero;F;28;CHILENO;PSICOLOGA;Silencioso;PROVIDENCIA                   ;METROPOLITANA;0;0;0;0;0;0;0;0;0;Horno Electrico UT-BACKOFEN48 48Lts;ELECTRODOMESTICOS
18006856;;M;30;CHILENO;;Millenial;OVALLE                        ;COQUIMBO;0;0;0;0;0;0;0;0;0;BATIDORA VERTICAL MA-4100;ELECTRODOMESTICOS
18409416;Soltero;F;28;CHILENO;;Millenial;PROVIDENCIA                   ;METROPOLITANA;0;0;0;0;0;0;0;0;0;Aspiradora AP1700 Arrastre 1700Watts;ELECTRODOMESTICOS
7509250;;F;68;CHILENO;;Silencioso;MAIPU                         ;METROPOLITANA;0;0;0;0;0;0;0;0;0;Licuadora Kaliman Negra con Teclas;ELECTRODOMESTICOS
9468459;;F;58;CHILENO;;Boomers;PROVIDENCIA                   ;METROPOLITANA;0;0;0;0;0;0;0;0;0;Robot aspirador Roomba E5;ELECTRODOMESTICOS
18296460;;F;29;CHILENO;;Millenial;PROVIDENCIA                   ;METROPOLITANA;0;0;0;0;0;0;0;0;0;Horno Electrico UT-BACKOFEN26 26Lts;ELECTRODOMESTICOS
8574869;Casado;F;63;CHILENO;AUXILIAR PARAMEDICO DE RADIOLOGIA E IMAGENOLOGIA;Silencioso;TALCAHUANO                    ;BIO BIO;0;0;0;0;0;0;0;0;0;Licuadora L2000VNG 1,5Lts Vaso Vidrio;ELECTRODOMESTICOS
17808854;;F;31;CHILENO;;Silencioso;PROVIDENCIA                   ;METROPOLITANA;0;0;0;0;0;0;0;0;0;Horno Microondas Mecanico Easy Wave 20Lts;ELECTRODOMESTICOS
10427893;;M;54;CHILENO;;X;CALBUCO;LOS LAGOS;0;0;0;0;0;0;0;0;0;Horno Microondas Mecanico Easy Wave 20Lts;ELECTRODOMESTICOS
19071184;;F;26;CHILENO;;Z;LA LIGUA                      ;VALPARAISO;0;0;0;0;0;0;0;0;0;Horno Microondas Digital L UT-25KROMM 25Lts;ELECTRODOMESTICOS
19919457;;M;23;CHILENO;;Silencioso;PROVIDENCIA                   ;METROPOLITANA;0;0;0;0;0;0;0;0;0;Horno Electrico UT-BACKOFEN60 60Lts;ELECTRODOMESTICOS
9570414;;F;57;CHILENO;;Boomers;PROVIDENCIA                   ;METROPOLITANA;0;0;0;0;0;0;0;0;0;Licuadora TH-320 Roja/Negro 1,5 Lts Vaso Vidrio;ELECTRODOMESTICOS
19115742;;M;27;CHILENO;;Silencioso;PROVIDENCIA                   ;METROPOLITANA;0;0;0;0;0;0;0;0;0;CAFETERA THOMAS TH-150E;ELECTRODOMESTICOS
11863168;;M;50;CHILENO;;X;MACHALI                       ;L.G.B.OÂ´HIGGINS;0;0;0;0;0;0;0;0;0;Batidora Pedestal B5300 Inox;ELECTRODOMESTICOS
17593545;;F;31;CHILENO;;Millenial;PROVIDENCIA                   ;METROPOLITANA;0;0;0;0;0;0;0;0;0;Cafetera P65 Silver;ELECTRODOMESTICOS
14470215;Soltero;M;48;CHILENO;;X;PROVIDENCIA                   ;METROPOLITANA;0;0;0;0;0;0;0;0;0;Parrilla Electrica TH-224;ELECTRODOMESTICOS
25836566;;M;43;VENEZOLANO;;Extranjero;"";"";0;0;0;0;0;0;0;0;0;Batidora Pedestal TH910PN 4,6Lts 1300Watts;ELECTRODOMESTICOS
10112046;;M;57;CHILENO;;Boomers;PROVIDENCIA                   ;METROPOLITANA;0;0;0;0;0;0;0;0;0;Horno Electrico UT-LEIF36 36Lts;ELECTRODOMESTICOS
19309524;Soltero;F;26;CHILENO;CIRUJANO DENTISTA;Silencioso;PROVIDENCIA                   ;METROPOLITANA;0;0;0;0;0;0;0;0;0;Tostador de Pan TH-116 2 Rebanadas Negro;ELECTRODOMESTICOS
10485561;;F;55;CHILENO;;Boomers;SAN FERNANDO                  ;L.G.B.OÂ´HIGGINS;0;0;0;0;0;0;0;0;0;Hervidor Electrico UT-REIN17SS;ELECTRODOMESTICOS
10123056;;F;55;CHILENO;;Boomers;SAN CARLOS                    ;BIO BIO;0;0;0;0;0;0;0;0;0;Hervidor Electrico TH-4212N 1,7Lts Negro;ELECTRODOMESTICOS
11597922;;F;53;CHILENO;;X;EL BOSQUE                     ;METROPOLITANA;0;0;0;0;0;0;0;0;0;Aspiradora UT-SILENT1603 Arrastre 1600Watts;ELECTRODOMESTICOS
9387491;;F;56;CHILENO;;Boomers;LO PRADO                      ;METROPOLITANA;0;0;0;0;0;0;0;0;0;Horno Microondas Mecanico Fancy 20Lts;ELECTRODOMESTICOS
16419891;;M;36;CHILENO;;Millenial;PUERTO MONTT                  ;LOS LAGOS;0;0;0;0;0;0;0;0;0;Licuadora L2000VNG 1,5Lts Vaso Vidrio;ELECTRODOMESTICOS
10195260;;M;54;CHILENO;;Boomers;CONCEPCION                    ;BIO BIO;0;0;0;0;0;0;0;0;0;Aspiradora AP1700 Arrastre 1700Watts;ELECTRODOMESTICOS
8925804;;F;58;CHILENO;;Boomers;MELIPILLA                     ;METROPOLITANA;0;0;0;0;0;0;0;0;0;Licuadora L2000VNG 1,5Lts Vaso Vidrio;ELECTRODOMESTICOS
13741982;;M;42;CHILENO;;X;ARICA                         ;TARAPACA;0;0;0;0;0;0;0;0;0;Aspiradora Cyclonic Adventage roja CA4000N;ELECTRODOMESTICOS
11995394;Soltero;F;50;CHILENO;;Silencioso;PROVIDENCIA                   ;METROPOLITANA;0;0;0;0;0;0;0;0;0;PICADORA 123 SILHQUETTE;ELECTRODOMESTICOS
4580298;;F;79;CHILENO;;Silencioso;PUNTA ARENAS                  ;MAGALLANES;0;0;0;0;0;0;0;0;0;Horno Microondas Digital TH-20S01 20Lts;ELECTRODOMESTICOS
8079100;Casado;F;63;CHILENO;CONTADOR GENERAL;Boomers;CHIGUAYANTE                   ;BIO BIO;0;0;0;0;0;0;0;0;0;Plancha UT-KERAMIKTOP 2200Watts Base Ceramica;ELECTRODOMESTICOS
8706360;Casado;F;59;CHILENO;;Boomers;PROVIDENCIA                   ;METROPOLITANA;0;0;0;0;0;0;0;0;0;Horno Electrico TH-48N 48Lts;ELECTRODOMESTICOS
12295694;;F;50;CHILENO;;X;TALCA                         ;MAULE;0;0;0;0;0;0;0;0;0;Aspiradora TH1407 Arrastre 1400Watts;ELECTRODOMESTICOS
16708590;;M;35;CHILENO;;Millenial;N/D;N/D;0;0;0;0;0;0;0;0;0;Hervidor Electrico UT-REIN17SS;ELECTRODOMESTICOS
17022767;;F;33;CHILENO;;Millenial;ESTACION CENTRAL              ;METROPOLITANA;0;0;0;0;0;0;0;0;0;Aspiradora UT-KRAFT(DIG) Arrastre 2200Watts;ELECTRODOMESTICOS
7429267;;F;66;CHILENO;;Millenial;PROVIDENCIA                   ;METROPOLITANA;0;0;0;0;0;0;0;0;0;BATIDORA PEDESTAL THOMAS TH-910PB;ELECTRODOMESTICOS
6392288;;F;73;CHILENO;;Silencioso;EL BOSQUE                     ;METROPOLITANA;0;0;0;0;0;0;0;0;0;Plancha OSTER 4801T 1200Watts Base Ceramica;ELECTRODOMESTICOS
15001040;Soltero;F;39;CHILENO;CONTADOR AUDITOR;X;ARICA                         ;TARAPACA;0;0;0;0;0;0;0;0;0;Licuadora Kaliman Negra con Teclas;ELECTRODOMESTICOS
4626553;;M;79;CHILENO;;Silencioso;CONCEPCION                    ;BIO BIO;0;0;0;0;0;0;0;0;0;Horno Electrico TH-16N 16Lts;ELECTRODOMESTICOS
10524854;;F;57;CHILENO;;Boomers;PADRE HURTADO                 ;METROPOLITANA;0;0;0;0;0;0;0;0;0;Picadora TH-9020V Vaso Vidrio 2Lts;ELECTRODOMESTICOS
13339194;;F;44;CHILENO;;X;TALAGANTE                     ;METROPOLITANA;0;0;0;0;0;0;0;0;0;MICROONDAS ME83X/XZS SAMSUNG MIRROR;ELECTRODOMESTICOS
16755898;;F;34;CHILENO;;Millenial;RENCA                         ;METROPOLITANA;0;0;0;0;0;0;0;0;0;Hervidor Electrico HA-3300 2,5Lts Blanco;ELECTRODOMESTICOS
10494501;;M;55;CHILENO;;Boomers;CALERA                        ;VALPARAISO;0;0;0;0;0;0;0;0;0;Horno Electrico TH-80i 80Lts;ELECTRODOMESTICOS
17340973;Soltero;F;32;CHILENO;CONTADOR GENERAL;Millenial;PROVIDENCIA                   ;METROPOLITANA;0;0;0;0;0;0;0;0;0;MICROONDAS ME83X/XZS SAMSUNG MIRROR;ELECTRODOMESTICOS
17293606;;F;33;CHILENO;;Millenial;"";"";0;0;0;0;0;0;0;0;0;Horno Microondas Mecanico UT-SYDNEY18 18Lts;ELECTRODOMESTICOS
19990320;;F;23;CHILENO;;Z;PROVIDENCIA                   ;METROPOLITANA;0;0;0;0;0;0;0;0;0;Licuadora Roja 550W 1,5Lts Vaso Vidrio;ELECTRODOMESTICOS
5001420;;F;73;CHILENO;;Silencioso;PROVIDENCIA                   ;METROPOLITANA;0;0;0;0;0;0;0;0;0;Horno Electrico UT-BACKOFEN48 48Lts;ELECTRODOMESTICOS
6178699;;M;74;CHILENO;;Silencioso;SAN FELIPE                    ;VALPARAISO;0;0;0;0;0;0;0;0;0;Licuadora L2000VNG 1,5Lts Vaso Vidrio;ELECTRODOMESTICOS
13840341;Divorciado;F;41;CHILENO;;Silencioso;PROVIDENCIA                   ;METROPOLITANA;0;0;0;0;0;0;0;0;0;Maquina de Coser BM-3850CL Lila;ELECTRODOMESTICOS
17740608;;F;31;CHILENO;;Millenial;PROVIDENCIA                   ;METROPOLITANA;0;0;0;0;0;0;0;0;0;Horno Microondas Digital Deli (2017 DM) 20Lts;ELECTRODOMESTICOS
6750872;Divorciado;M;69;CHILENO;;Silencioso;VALPARAISO                    ;VALPARAISO;0;0;0;0;0;0;0;0;0;Maquina para Hacer Pan MPP-600 BL;ELECTRODOMESTICOS
20298510;;F;22;CHILENO;;Z;PROVIDENCIA                   ;METROPOLITANA;0;0;0;0;0;0;0;0;0;BATIDORA VERTICAL MA-4100;ELECTRODOMESTICOS
10983014;Casado;M;49;CHILENO;;X;RENCA                         ;METROPOLITANA;0;0;0;0;0;0;0;0;0;Licuadora L2000VNG 1,5Lts Vaso Vidrio;ELECTRODOMESTICOS
11888613;;M;50;CHILENO;;X;PICHILEMU                     ;L.G.B.OÂ´HIGGINS;0;0;0;0;0;0;0;0;0;Hervidor Electrico TH-4515N 2Lts Negro;ELECTRODOMESTICOS
16100357;;F;36;CHILENO;;Millenial;PROVIDENCIA                   ;METROPOLITANA;0;0;0;0;0;0;0;0;0;BATIDORA MANUAL 260R;ELECTRODOMESTICOS
20482983;;M;22;CHILENO;;Z;SANTIAGO                      ;METROPOLITANA;0;0;0;0;0;0;0;0;0;Procesador TH-9010 Multimixer 1,5Lts Vaso Vidrio;ELECTRODOMESTICOS
11872070;;M;51;CHILENO;;X;SAN JAVIER                    ;MAULE;0;0;0;0;0;0;0;0;0;Horno Microondas Digital L UT-25KROMM 25Lts;ELECTRODOMESTICOS
10441965;;F;58;CHILENO;;Boomers;OVALLE                        ;COQUIMBO;0;0;0;0;0;0;0;0;0;Batidora Vertical Stick Mixer 2609;ELECTRODOMESTICOS
15149313;;M;40;CHILENO;;X;"";"";0;0;0;0;0;0;0;0;0;Hervidor Electrico TH-5407i 2Lts;ELECTRODOMESTICOS
9277611;;M;59;CHILENO;;Boomers;QUILLOTA                      ;VALPARAISO;0;0;0;0;0;0;0;0;0;Hervidor Electrico 3100 1,7Lts Negro;ELECTRODOMESTICOS
12968116;;M;46;CHILENO;;X;N/D;N/D;0;0;0;0;0;0;0;0;0;Hervidor Electrico UT-DUNKEL17P 2Lts Negro;ELECTRODOMESTICOS
14459848;;F;40;CHILENO;;X;RENCA                         ;METROPOLITANA;0;0;0;0;0;0;0;0;0;Batidora Manual BA-5010 Inox;ELECTRODOMESTICOS
15777947;;M;35;CHILENO;;Millenial;"";"";0;0;0;0;0;0;0;0;0;Hervidor Electrico TH-5407i 2Lts;ELECTRODOMESTICOS
24574556;;F;63;COLOMBIANO;;Extranjero;INDEPENDENCIA                 ;METROPOLITANA;0;0;0;0;0;0;0;0;0;Horno Microondas Mecanico C1700N 17Lts Blanco;ELECTRODOMESTICOS
16387663;Soltero;M;35;CHILENO;ARQUITECTO;Millenial;PROVIDENCIA                   ;METROPOLITANA;0;0;0;0;0;0;0;0;0;Tostador de Pan TH-116 2 Rebanadas Negro;ELECTRODOMESTICOS
15866657;;M;37;CHILENO;;Millenial;MELIPILLA                     ;METROPOLITANA;0;0;0;0;0;0;0;0;0;H. Microondas Grill Reflection (3000 DGM);ELECTRODOMESTICOS
19615785;;M;23;CHILENO;;Silencioso;PROVIDENCIA                   ;METROPOLITANA;0;0;0;0;0;0;0;0;0;Tostador de Pan TH-126 4 Rebanadas Negro;ELECTRODOMESTICOS
5532583;;F;72;CHILENO;;Silencioso;PROVIDENCIA                   ;METROPOLITANA;0;0;0;0;0;0;0;0;0;Hervidor Electrico TH-4212N 1,7Lts Negro;ELECTRODOMESTICOS
18930772;;F;27;CHILENO;;Millenial;SANTA CRUZ                    ;L.G.B.OÂ´HIGGINS;0;0;0;0;0;0;0;0;0;Batidora Vertical Multimixer TH-8720;ELECTRODOMESTICOS
5487792;;F;74;CHILENO;;Silencioso;PROVIDENCIA                   ;METROPOLITANA;0;0;0;0;0;0;0;0;0;Plancha UT-KERAMIKTOP 2200Watts Base Ceramica;ELECTRODOMESTICOS
12362890;;F;50;CHILENO;;X;CANETE                        ;BIO BIO;0;0;0;0;0;0;0;0;0;Licuadora BL-2000 Negra1,5 Lts Vaso Vidrio;ELECTRODOMESTICOS
16342694;;F;35;CHILENO;;Millenial;PROVIDENCIA                   ;METROPOLITANA;0;0;0;0;0;0;0;0;0;Aspiradora TH1415 Arrastre 1500Watts;ELECTRODOMESTICOS
17987825;;M;30;CHILENO;;Millenial;PROVIDENCIA                   ;METROPOLITANA;0;0;0;0;0;0;0;0;0;Horno Microondas Mecanico Easy Wave 20Lts;ELECTRODOMESTICOS
11204447;;F;55;CHILENO;;Boomers;RENCA                         ;METROPOLITANA;0;0;0;0;0;0;0;0;0;Horno Electrico TH-16N 16Lts;ELECTRODOMESTICOS
11117891;;M;55;CHILENO;;Boomers;DALCAHUE                      ;LOS LAGOS;0;0;0;0;0;0;0;0;0;Horno Microondas Digital TH-20S01 20Lts;ELECTRODOMESTICOS
8521276;;M;62;CHILENO;;Boomers;TIERRA AMARILLA               ;ATACAMA;0;0;0;0;0;0;0;0;0;Licuadora Roja 550W 1,5Lts Vaso Vidrio;ELECTRODOMESTICOS
16298440;;F;36;CHILENO;;Millenial;PROVIDENCIA                   ;METROPOLITANA;0;0;0;0;0;0;0;0;0;Horno Microondas Digital TH-20S01 20Lts;ELECTRODOMESTICOS
12602343;;M;52;CHILENO;;X;QUILPUE                       ;VALPARAISO;0;0;0;0;0;0;0;0;0;Batidora Pedestal TH910PN 4,6Lts 1300Watts;ELECTRODOMESTICOS
16778111;Soltero;M;34;CHILENO;CIRUJANO DENTISTA;Silencioso;PROVIDENCIA                   ;METROPOLITANA;0;0;0;0;0;0;0;0;0;Horno Electrico UT-BACKOFEN26 26Lts;ELECTRODOMESTICOS
9651920;Viudo;F;59;CHILENO;;Boomers;PROVIDENCIA                   ;METROPOLITANA;0;0;0;0;0;0;0;0;0;Hervidor Electrico 3100 1,7Lts Negro;ELECTRODOMESTICOS
8026106;;F;63;CHILENO;;Boomers;ANGOL                         ;ARAUCANIA;0;0;0;0;0;0;0;0;0;Licuadora Osterizer 4112/72 1,25Lts Vaso Vidrio;ELECTRODOMESTICOS
17644357;;M;31;CHILENO;;Millenial;PROVIDENCIA                   ;METROPOLITANA;0;0;0;0;0;0;0;0;0;Plancha UT-DUNST 2200Watts Base Ceramica;ELECTRODOMESTICOS
8755311;;M;55;CHILENO;;Boomers;RENCA                         ;METROPOLITANA;0;0;0;0;0;0;0;0;0;Horno Microondas Mecanico TH-18B05 18Lts;ELECTRODOMESTICOS
10604224;Soltero;F;58;CHILENO;;Boomers;NOGALES                       ;VALPARAISO;0;0;0;0;0;0;0;0;0;Plancha OSTER 4801T 1200Watts Base Ceramica;ELECTRODOMESTICOS
9337339;;F;58;CHILENO;;Boomers;PROVIDENCIA                   ;METROPOLITANA;0;0;0;0;0;0;0;0;0;Licuadora L2000VNG 1,5Lts Vaso Vidrio;ELECTRODOMESTICOS
14322682;;M;45;CHILENO;;X;MAIPU                         ;METROPOLITANA;0;0;0;0;0;0;0;0;0;Horno Microondas Digital L UT-25KROMM 25Lts;ELECTRODOMESTICOS
19048159;;M;27;CHILENO;;Z;PROVIDENCIA                   ;METROPOLITANA;0;0;0;0;0;0;0;0;0;Batidora Pedestal B5300 Inox;ELECTRODOMESTICOS
10826458;Casado;F;55;CHILENO;;Boomers;PROVIDENCIA                   ;METROPOLITANA;0;0;0;0;0;0;0;0;0;Horno Electrico UT-BACKOFEN38 38Lts;ELECTRODOMESTICOS
14620538;;F;41;CHILENO;;X;PROVIDENCIA                   ;METROPOLITANA;0;0;0;0;0;0;0;0;0;Horno Electrico TH-80i 80Lts;ELECTRODOMESTICOS
17308081;;F;33;CHILENO;;Millenial;RENCA                         ;METROPOLITANA;0;0;0;0;0;0;0;0;0;Tostador de Pan TH-116 2 Rebanadas Negro;ELECTRODOMESTICOS
20202147;;F;22;CHILENO;;Silencioso;PROVIDENCIA                   ;METROPOLITANA;0;0;0;0;0;0;0;0;0;Combo Maquina 311+ Overlock 8002D;ELECTRODOMESTICOS
13563418;;M;43;CHILENO;;Silencioso;PROVIDENCIA                   ;METROPOLITANA;0;0;0;0;0;0;0;0;0;FREIDORA DE AIRE Y HORNO ELECTRICO MAF1;ELECTRODOMESTICOS
17930917;;F;31;CHILENO;;Millenial;SAN JAVIER                    ;MAULE;0;0;0;0;0;0;0;0;0;Horno Microondas Digital TH-20S01 20Lts;ELECTRODOMESTICOS
9199451;Soltero;F;60;CHILENO;;Silencioso;PROVIDENCIA                   ;METROPOLITANA;0;0;0;0;0;0;0;0;0;Licuadora L2000VNG 1,5Lts Vaso Vidrio;ELECTRODOMESTICOS
18363744;Soltero;M;28;CHILENO;;Millenial;PROVIDENCIA                   ;METROPOLITANA;0;0;0;0;0;0;0;0;0;PLANCHA A VAPOR 6003 BASE ANTIADHERENTE 1600W;ELECTRODOMESTICOS
7318572;Casado;M;67;CHILENO;;Silencioso;PROVIDENCIA                   ;METROPOLITANA;0;0;0;0;0;0;0;0;0;Licuadora TH-501V 1,5Lts Vaso Vidrio;ELECTRODOMESTICOS
5721557;;M;76;CHILENO;;Silencioso;LIMACHE                       ;VALPARAISO;0;0;0;0;0;0;0;0;0;Plancha THOMAS TH-7170 2200Watts Base Ceramica;ELECTRODOMESTICOS
10857680;;F;56;CHILENO;;Boomers;ANCUD                         ;LOS LAGOS;0;0;0;0;0;0;0;0;0;Hervidor Electrico 3100 1,7Lts Negro;ELECTRODOMESTICOS
7364960;;F;63;CHILENO;;Boomers;LA FLORIDA                    ;METROPOLITANA;0;0;0;0;0;0;0;0;0;Horno Microondas Digital TH-25DM 25Lts;ELECTRODOMESTICOS
16183950;;M;36;CHILENO;;Millenial;PROVIDENCIA                   ;METROPOLITANA;0;0;0;0;0;0;0;0;0;Licuadora TH-501V 1,5Lts Vaso Vidrio;ELECTRODOMESTICOS
14213154;;F;41;CHILENO;;X;PROVIDENCIA                   ;METROPOLITANA;0;0;0;0;0;0;0;0;0;Aspiradora Polvo AP-700 GR;ELECTRODOMESTICOS
16805684;;F;34;CHILENO;;Millenial;PROVIDENCIA                   ;METROPOLITANA;0;0;0;0;0;0;0;0;0;Maquina de Coser JS-2135CL Calipso;ELECTRODOMESTICOS
26173105;Soltero;M;42;VENEZOLANO;;Extranjero;"";"";0;0;0;0;0;0;0;0;0;Parrilla Electrica TH-224;ELECTRODOMESTICOS
8265540;;F;63;CHILENO;;Boomers;BUIN                          ;METROPOLITANA;0;0;0;0;0;0;0;0;0;Combo Hervidor + Tostador + Sandwichera;ELECTRODOMESTICOS
9838835;;M;57;CHILENO;;Boomers;RENCA                         ;METROPOLITANA;0;0;0;0;0;0;0;0;0;Batidora Pedestal UT-KLEIN700;ELECTRODOMESTICOS
16193170;;F;36;CHILENO;;Millenial;BUIN                          ;METROPOLITANA;0;0;0;0;0;0;0;0;0;Horno Electrico UT-BACKOFEN26 26Lts;ELECTRODOMESTICOS
18257136;;F;29;CHILENO;;Silencioso;PROVIDENCIA                   ;METROPOLITANA;0;0;0;0;0;0;0;0;0;Horno Electrico TH-38N 38Lts;ELECTRODOMESTICOS
11617734;;M;52;CHILENO;;X;PROVIDENCIA                   ;METROPOLITANA;0;0;0;0;0;0;0;0;0;Licuadora TH-320 Roja/Negro 1,5 Lts Vaso Vidrio;ELECTRODOMESTICOS
19866745;;F;24;CHILENO;;Z;LA SERENA                     ;COQUIMBO;0;0;0;0;0;0;0;0;0;Hervidor Electrico UT-DUNKEL17P 2Lts Negro;ELECTRODOMESTICOS
8781517;;F;63;CHILENO;;Boomers;PROVIDENCIA                   ;METROPOLITANA;0;0;0;0;0;0;0;0;0;Licuadora L-1630V Negra 1,5Lts Vaso Vidrio;ELECTRODOMESTICOS
8433728;;F;57;CHILENO;;Boomers;VINA DEL MAR                  ;VALPARAISO;0;0;0;0;0;0;0;0;0;PROCESADOR THOMAS TH-9160;ELECTRODOMESTICOS
7391535;;F;64;CHILENO;;Boomers;VILLA ALEMANA                 ;VALPARAISO;0;0;0;0;0;0;0;0;0;Horno Electrico TH-80i 80Lts;ELECTRODOMESTICOS
13129595;Casado;F;44;CHILENO;CONTADOR GENERAL;X;N/D;N/D;0;0;0;0;0;0;0;0;0;Horno Electrico UT-LEIF36 36Lts;ELECTRODOMESTICOS
13632401;Casado;F;43;CHILENO;;X;RENCA                         ;METROPOLITANA;0;0;0;0;0;0;0;0;0;Licuadora L-25000NG;ELECTRODOMESTICOS
8663306;Casado;M;53;CHILENO;ARQUITECTO;X;RENCA                         ;METROPOLITANA;0;0;0;0;0;0;0;0;0;Licuadora Roja 550W 1,5Lts Vaso Vidrio;ELECTRODOMESTICOS
13708609;;F;43;CHILENO;;X;LA CISTERNA                   ;METROPOLITANA;0;0;0;0;0;0;0;0;0;Hervidor Electrico HA-3300 2,5Lts Blanco;ELECTRODOMESTICOS
9574366;;F;60;CHILENO;;Boomers;RENCA                         ;METROPOLITANA;0;0;0;0;0;0;0;0;0;Horno Electrico TH-48N 48Lts;ELECTRODOMESTICOS
6632570;;F;66;CHILENO;;Boomers;LA PINTANA                    ;METROPOLITANA;0;0;0;0;0;0;0;0;0;Aspiradora TH1415 Arrastre 1500Watts;ELECTRODOMESTICOS
18114063;;F;29;CHILENO;;Millenial;PROVIDENCIA                   ;METROPOLITANA;0;0;0;0;0;0;0;0;0;Hervidor Electrico UT-MANLY17 1,7Lts Negro;ELECTRODOMESTICOS
13958765;;M;41;CHILENO;;X;N/D;N/D;0;0;0;0;0;0;0;0;0;Hervidor Termo TH-5440TK 1,5Lts Inox;ELECTRODOMESTICOS
12703118;;F;47;CHILENO;;X;PROVIDENCIA                   ;METROPOLITANA;0;0;0;0;0;0;0;0;0;Batidora Pedestal TH910PN 4,6Lts 1300Watts;ELECTRODOMESTICOS
7723274;;F;68;CHILENO;;Silencioso;BUIN                          ;METROPOLITANA;0;0;0;0;0;0;0;0;0;Hervidor Electrico UT-MANLY17 1,7Lts Negro;ELECTRODOMESTICOS
16223166;;F;36;CHILENO;;Millenial;RENGO                         ;L.G.B.OÂ´HIGGINS;0;0;0;0;0;0;0;0;0;ASPIRADORA SAMSUNG VC18M3110VB/ZS;ELECTRODOMESTICOS
7782143;Casado;M;66;CHILENO;;Boomers;RENCA                         ;METROPOLITANA;0;0;0;0;0;0;0;0;0;Maquina de Coser XB-2500CL Rosado;ELECTRODOMESTICOS
8949312;;F;61;CHILENO;;Boomers;COLLIPULLI                    ;ARAUCANIA;0;0;0;0;0;0;0;0;0;Plancha TH-7052 2000Watts Base Inox;ELECTRODOMESTICOS
8032367;;F;65;CHILENO;;Boomers;RENCA                         ;METROPOLITANA;0;0;0;0;0;0;0;0;0;Licuadora Roja 550W 1,5Lts Vaso Vidrio;ELECTRODOMESTICOS
12569714;;F;48;CHILENO;;X;N/D;N/D;0;0;0;0;0;0;0;0;0;Horno Electrico TH-48N 48Lts;ELECTRODOMESTICOS
11012111;;F;57;CHILENO;;Boomers;PROVIDENCIA                   ;METROPOLITANA;0;0;0;0;0;0;0;0;0;Licuadora TH-401V Roja 1,75Lts Vaso Vidrio;ELECTRODOMESTICOS
5891917;Casado;M;69;CHILENO;;Silencioso;RENCA                         ;METROPOLITANA;0;0;0;0;0;0;0;0;0;Batidora Manual TH-8830;ELECTRODOMESTICOS
19415094;Soltero;F;25;CHILENO;TECNICO EN PREVENCION DE RIESGOS;Silencioso;PROVIDENCIA                   ;METROPOLITANA;0;0;0;0;0;0;0;0;0;Aspiradora Polvo AP-700 GR;ELECTRODOMESTICOS
4964701;;F;80;CHILENO;;Silencioso;RANCAGUA                      ;L.G.B.OÂ´HIGGINS;0;0;0;0;0;0;0;0;0;Hervidor Electrico UT-KLAR20PW 2Lts Blanco;ELECTRODOMESTICOS
15758833;;F;41;CHILENO;;X;VALDIVIA                      ;LOS RIOS;0;0;0;0;0;0;0;0;0;PLANCHA VERTICAL V-1600VBL;ELECTRODOMESTICOS
17877650;;F;31;CHILENO;;Millenial;N/D;N/D;0;0;0;0;0;0;0;0;0;Batidora Manual TH-8830;ELECTRODOMESTICOS
8789044;;F;63;CHILENO;;Boomers;CHEPICA                       ;L.G.B.OÂ´HIGGINS;0;0;0;0;0;0;0;0;0;Horno Microondas Mecanico TH-18B05 18Lts;ELECTRODOMESTICOS
13432527;;F;48;CHILENO;;X;VILLA ALEMANA                 ;VALPARAISO;0;0;0;0;0;0;0;0;0;Horno Electrico TH-25N01 25Lts;ELECTRODOMESTICOS
5045548;;M;76;CHILENO;;Silencioso;SAN JAVIER                    ;MAULE;0;0;0;0;0;0;0;0;0;BATIDORA INMERSION S MIX 2616;ELECTRODOMESTICOS
19381620;;F;26;CHILENO;;Z;PROVIDENCIA                   ;METROPOLITANA;0;0;0;0;0;0;0;0;0;Batidora Vertical Minipimer UT-KLOT400P;ELECTRODOMESTICOS
13280302;;M;44;CHILENO;;X;RENCA                         ;METROPOLITANA;0;0;0;0;0;0;0;0;0;Batidora Manual UT-TEKLA300;ELECTRODOMESTICOS
10738066;;F;55;CHILENO;;Boomers;PROVIDENCIA                   ;METROPOLITANA;0;0;0;0;0;0;0;0;0;Aspiradora VCC4190V3E/XZS Arrastre 2000Watts;ELECTRODOMESTICOS
7412238;;M;66;CHILENO;;Boomers;PROVIDENCIA                   ;METROPOLITANA;0;0;0;0;0;0;0;0;0;Licuadora TH-320 Roja/Negro 1,5 Lts Vaso Vidrio;ELECTRODOMESTICOS
14129969;Soltero;F;40;CHILENO;TECNICO EN ADMINISTRACION DE EMPRESAS;X;RENCA                         ;METROPOLITANA;0;0;0;0;0;0;0;0;0;Horno Microondas Mecanico C1700N 17Lts Blanco;ELECTRODOMESTICOS
15525506;;M;39;CHILENO;;Silencioso;PROVIDENCIA                   ;METROPOLITANA;0;0;0;0;0;0;0;0;0;Batidora Pedestal Bowl 300 Inox;ELECTRODOMESTICOS
12813270;;M;46;CHILENO;;X;MACUL                         ;METROPOLITANA;0;0;0;0;0;0;0;0;0;Horno Electrico TH-100i 100Lts;ELECTRODOMESTICOS
9133998;Casado;F;60;CHILENO;;Silencioso;PROVIDENCIA                   ;METROPOLITANA;0;0;0;0;0;0;0;0;0;Licuadora Roja 550W 1,5Lts Vaso Vidrio;ELECTRODOMESTICOS
12357690;;F;49;CHILENO;;X;IQUIQUE                       ;TARAPACA;0;0;0;0;0;0;0;0;0;Batidora Pedestal TH910PN 4,6Lts 1300Watts;ELECTRODOMESTICOS
10074515;Viudo;F;56;CHILENO;;Boomers;PROVIDENCIA                   ;METROPOLITANA;0;0;0;0;0;0;0;0;0;Horno Electrico TH-25N01 25Lts;ELECTRODOMESTICOS
10597456;Casado;M;49;CHILENO;;X;PROVIDENCIA                   ;METROPOLITANA;0;0;0;0;0;0;0;0;0;Plancha Vertical UT-TURBOSTEAMER 1400Watts;ELECTRODOMESTICOS
16894040;;F;34;CHILENO;;Millenial;RENCA                         ;METROPOLITANA;0;0;0;0;0;0;0;0;0;Hervidor Electrico UT-DUNKEL17P 2Lts Negro;ELECTRODOMESTICOS
4307602;;F;84;CHILENO;;Silencioso;CAUQUENES                     ;MAULE;0;0;0;0;0;0;0;0;0;Licuadora L-5500IN 1,5Lts;ELECTRODOMESTICOS
9032812;Soltero;F;60;CHILENO;;Boomers;PROVIDENCIA                   ;METROPOLITANA;0;0;0;0;0;0;0;0;0;Batidora Pedestal Bowl 300 Inox;ELECTRODOMESTICOS
15559154;Soltero;F;38;CHILENO;;X;RENCA                         ;METROPOLITANA;0;0;0;0;0;0;0;0;0;Hervidor Electrico HA-2650NG;ELECTRODOMESTICOS
10733184;;F;56;CHILENO;;Boomers;CERRO NAVIA                   ;METROPOLITANA;0;0;0;0;0;0;0;0;0;Parrilla Electrica UT-ECOKERAMIK(RED);ELECTRODOMESTICOS
18732472;;F;27;CHILENO;;Z;QUILICURA                     ;METROPOLITANA;0;0;0;0;0;0;0;0;0;Aspiradora Cyclonic Adventage roja CA4000N;ELECTRODOMESTICOS
7899835;;F;65;CHILENO;;Boomers;OSORNO                        ;LOS LAGOS;0;0;0;0;0;0;0;0;0;Procesador TH-9010 Multimixer 1,5Lts Vaso Vidrio;ELECTRODOMESTICOS
7681633;;F;61;CHILENO;;Boomers;PROVIDENCIA                   ;METROPOLITANA;0;0;0;0;0;0;0;0;0;Batidora Manual TH-8830;ELECTRODOMESTICOS
12183948;Casado;F;50;CHILENO;;Silencioso;PROVIDENCIA                   ;METROPOLITANA;0;0;0;0;0;0;0;0;0;Aspiradora Cyclonic Adventage roja CA4000N;ELECTRODOMESTICOS
13725854;Casado;F;45;CHILENO;TECNICO EN ENFERMERIA DE NIVEL SUPERIOR;Silencioso;PROVIDENCIA                   ;METROPOLITANA;0;0;0;0;0;0;0;0;0;LICUADORA BLANCA CON ROTOR 1,5LTS;ELECTRODOMESTICOS
16049247;;M;40;CHILENO;;X;N/D;N/D;0;0;0;0;0;0;0;0;0;Horno Microondas Digital TH-20S01 20Lts;ELECTRODOMESTICOS
16159231;;F;36;CHILENO;;Millenial;PROVIDENCIA                   ;METROPOLITANA;0;0;0;0;0;0;0;0;0;Aspiradora TH1870 Arrastre 1800Watts Gris;ELECTRODOMESTICOS
13080977;;F;46;CHILENO;;X;PROVIDENCIA                   ;METROPOLITANA;0;0;0;0;0;0;0;0;0;Hervidor Electrico HA-3300 2,5Lts Blanco;ELECTRODOMESTICOS
5703216;;M;76;CHILENO;;Silencioso;RENCA                         ;METROPOLITANA;0;0;0;0;0;0;0;0;0;Horno Microondas Digital TH-20S01 20Lts;ELECTRODOMESTICOS
9258220;;F;59;CHILENO;;Boomers;PROVIDENCIA                   ;METROPOLITANA;0;0;0;0;0;0;0;0;0;Plancha TH-7052 2000Watts Base Inox;ELECTRODOMESTICOS
7763940;;M;62;CHILENO;;Boomers;NUEVA IMPERIAL                ;ARAUCANIA;0;0;0;0;0;0;0;0;0;Horno Microondas Mecanico TH-18B05 18Lts;ELECTRODOMESTICOS
13387174;Casado;M;44;CHILENO;;X;RENCA                         ;METROPOLITANA;0;0;0;0;0;0;0;0;0;PLANCHA A VAPOR 2501 BASE CERAMICA 2200w;ELECTRODOMESTICOS
8028221;;M;64;CHILENO;;Boomers;PROVIDENCIA                   ;METROPOLITANA;0;0;0;0;0;0;0;0;0;Picadora UT-PETRUS320 1Lts Vaso Vidrio;ELECTRODOMESTICOS
8648821;;M;61;CHILENO;;Boomers;PROVIDENCIA                   ;METROPOLITANA;0;0;0;0;0;0;0;0;0;Tostador de PanTH-120R 2 Rebanadas Rojo;ELECTRODOMESTICOS
8810400;Casado;F;62;CHILENO;;Boomers;RENCA                         ;METROPOLITANA;0;0;0;0;0;0;0;0;0;Procesador TH-9010 Multimixer 1,5Lts Vaso Vidrio;ELECTRODOMESTICOS
8760446;Casado;M;62;CHILENO;;Boomers;RENCA                         ;METROPOLITANA;0;0;0;0;0;0;0;0;0;Licuadora TH-501V 1,5Lts Vaso Vidrio;ELECTRODOMESTICOS
11732691;;F;51;CHILENO;;X;CATEMU                        ;VALPARAISO;0;0;0;0;0;0;0;0;0;Horno Electrico TH62I 60Lts;ELECTRODOMESTICOS
19657084;Soltero;F;31;CHILENO;;Millenial;PROVIDENCIA                   ;METROPOLITANA;0;0;0;0;0;0;0;0;0;LICUADORA BLANCA CON ROTOR 1,5LTS;ELECTRODOMESTICOS
14477811;;M;42;CHILENO;;X;QUINTA NORMAL                 ;METROPOLITANA;0;0;0;0;0;0;0;0;0;Exprimidor Fauna 500 cc;ELECTRODOMESTICOS
11425761;;F;53;CHILENO;;X;N/D;N/D;0;0;0;0;0;0;0;0;0;Horno Electrico UT-BACKOFEN26 26Lts;ELECTRODOMESTICOS
5519271;;F;75;CHILENO;;Silencioso;ANTOFAGASTA                   ;ANTOFAGASTA;0;0;0;0;0;0;0;0;0;Cafetera TH-130;ELECTRODOMESTICOS
18918069;;F;27;CHILENO;;Z;"";"";0;0;0;0;0;0;0;0;0;Horno Microondas Digital TH-20S01 20Lts;ELECTRODOMESTICOS
17408353;Soltero;M;32;CHILENO;;Millenial;PROVIDENCIA                   ;METROPOLITANA;0;0;0;0;0;0;0;0;0;Aspiradora Polvo AP-700 GR;ELECTRODOMESTICOS
8075689;;M;64;CHILENO;;Boomers;PROVIDENCIA                   ;METROPOLITANA;0;0;0;0;0;0;0;0;0;Licuadora TH-501V 1,5Lts Vaso Vidrio;ELECTRODOMESTICOS
12631920;Divorciado;M;48;CHILENO;;X;PROVIDENCIA                   ;METROPOLITANA;0;0;0;0;0;0;0;0;0;Horno Microondas Digital UT-CLASSY720 20Lts;ELECTRODOMESTICOS
20303843;;F;22;CHILENO;;Z;PROVIDENCIA                   ;METROPOLITANA;0;0;0;0;0;0;0;0;0;Licuadora TH-401V Roja 1,75Lts Vaso Vidrio;ELECTRODOMESTICOS
8298931;;F;64;CHILENO;;Boomers;"";"";0;0;0;0;0;0;0;0;0;Licuadora UT-METALLEK605P 1,55Lts;ELECTRODOMESTICOS
4250751;;F;80;CHILENO;;Silencioso;RENCA                         ;METROPOLITANA;0;0;0;0;0;0;0;0;0;FREIDORA DE AIRE CKSTAF18D 1000W;ELECTRODOMESTICOS
18794686;Soltero;F;28;CHILENO;;Millenial;LA REINA                      ;METROPOLITANA;0;0;0;0;0;0;0;0;0;Maquina de Coser ME9100;ELECTRODOMESTICOS
7373596;;F;68;CHILENO;;Silencioso;PROVIDENCIA                   ;METROPOLITANA;0;0;0;0;0;0;0;0;0;Licuadora TH-501V 1,5Lts Vaso Vidrio;ELECTRODOMESTICOS
7987111;Casado;F;63;CHILENO;;Boomers;PROVIDENCIA                   ;METROPOLITANA;0;0;0;0;0;0;0;0;0;Horno Microondas Digital TH-20S01 20Lts;ELECTRODOMESTICOS
19731255;;F;25;CHILENO;;Z;RENCA                         ;METROPOLITANA;0;0;0;0;0;0;0;0;0;Maquina de Coser Remington J011;ELECTRODOMESTICOS
11554186;;M;52;CHILENO;;X;LAS CABRAS                    ;L.G.B.OÂ´HIGGINS;0;0;0;0;0;0;0;0;0;Hervidor Electrico HE420 2lts Negro;ELECTRODOMESTICOS
11716450;;F;50;CHILENO;;X;RENCA                         ;METROPOLITANA;0;0;0;0;0;0;0;0;0;Batidora Manual 2532;ELECTRODOMESTICOS
16109221;Casado;M;37;CHILENO;PROFESOR;Millenial;RENCA                         ;METROPOLITANA;0;0;0;0;0;0;0;0;0;MAQUINA DE COSER ME 3B FULL MERRITT;ELECTRODOMESTICOS
10786185;Divorciado;F;54;CHILENO;ASISTENTE SOCIAL;Boomers;PROVIDENCIA                   ;METROPOLITANA;0;0;0;0;0;0;0;0;0;Aspiradora VCC4190V3E/XZS Arrastre 2000Watts;ELECTRODOMESTICOS
8621972;;M;63;CHILENO;;Boomers;N/D;N/D;0;0;0;0;0;0;0;0;0;Horno Microondas Mecanico Easy Wave 20Lts;ELECTRODOMESTICOS
17236784;;F;32;CHILENO;;Millenial;CASTRO                        ;LOS LAGOS;0;0;0;0;0;0;0;0;0;Licuadora TH-501V 1,5Lts Vaso Vidrio;ELECTRODOMESTICOS
9997419;;F;54;CHILENO;;Boomers;CHANCO                        ;MAULE;0;0;0;0;0;0;0;0;0;Horno Electrico TH-25N01 25Lts;ELECTRODOMESTICOS
22972476;;F;28;PERUANO;;Extranjero;N/D;N/D;0;0;0;0;0;0;0;0;0;Hervidor Electrico TH-4800 2Lts Negro Azul;ELECTRODOMESTICOS
18613905;;M;28;CHILENO;;Millenial;PROVIDENCIA                   ;METROPOLITANA;0;0;0;0;0;0;0;0;0;Licuadora Roja 550W 1,5Lts Vaso Vidrio;ELECTRODOMESTICOS
8069534;;M;66;CHILENO;;Boomers;RENCA                         ;METROPOLITANA;0;0;0;0;0;0;0;0;0;Licuadora TH-501V 1,5Lts Vaso Vidrio;ELECTRODOMESTICOS
7120464;;M;69;CHILENO;;Silencioso;PROVIDENCIA                   ;METROPOLITANA;0;0;0;0;0;0;0;0;0;Hervidor Electrico TH-4212N 1,7Lts Negro;ELECTRODOMESTICOS
12400079;;F;49;CHILENO;;X;N/D;N/D;0;0;0;0;0;0;0;0;0;Aspiradora VCC4190V3E/XZS Arrastre 2000Watts;ELECTRODOMESTICOS
6667552;;F;71;CHILENO;;Silencioso;SAN FELIPE                    ;VALPARAISO;0;0;0;0;0;0;0;0;0;Licuadora L-5500IN 1,5Lts;ELECTRODOMESTICOS
8146142;Casado;M;61;CHILENO;;Boomers;RENCA                         ;METROPOLITANA;0;0;0;0;0;0;0;0;0;Hervidor Electrico TH-4212N 1,7Lts Negro;ELECTRODOMESTICOS
9962881;Casado;M;58;CHILENO;;Boomers;RENCA                         ;METROPOLITANA;0;0;0;0;0;0;0;0;0;Hervidor Electrico Tetera TH-6505RT 1,7Lts Rojo;ELECTRODOMESTICOS
16133212;;F;37;CHILENO;;Millenial;CERRILLOS                     ;METROPOLITANA;0;0;0;0;0;0;0;0;0;Horno Microondas Digital UT-CLASSY720 20Lts;ELECTRODOMESTICOS
10660646;;M;55;CHILENO;;Boomers;RENCA                         ;METROPOLITANA;0;0;0;0;0;0;0;0;0;Extractor de Jugo EX800 1,4Lts;ELECTRODOMESTICOS
10250209;;F;58;CHILENO;;Boomers;RENCA                         ;METROPOLITANA;0;0;0;0;0;0;0;0;0;MAQ. DE COSER REMINGTON STF16;ELECTRODOMESTICOS
13987775;;M;41;CHILENO;;X;PROVIDENCIA                   ;METROPOLITANA;0;0;0;0;0;0;0;0;0;Horno Electrico UT-BACKOFEN48 48Lts;ELECTRODOMESTICOS
16783169;;F;34;CHILENO;;Millenial;N/D;N/D;0;0;0;0;0;0;0;0;0;Batidora Vertical Minipimer UT-KLOT400P;ELECTRODOMESTICOS
13069193;;F;45;CHILENO;;X;PROVIDENCIA                   ;METROPOLITANA;0;0;0;0;0;0;0;0;0;Horno Microondas Digital MMP-20GC3D 20Lts;ELECTRODOMESTICOS
15624804;Casado;M;39;CHILENO;TECNICO ELECTRICO;X;RENCA                         ;METROPOLITANA;0;0;0;0;0;0;0;0;0;Hervidor Electrico TH-5407i 2Lts;ELECTRODOMESTICOS
13826615;;F;43;CHILENO;;X;VICUNA                        ;COQUIMBO;0;0;0;0;0;0;0;0;0;Aspiradora AP1700 Arrastre 1700Watts;ELECTRODOMESTICOS
12786225;;M;48;CHILENO;;X;PROVIDENCIA                   ;METROPOLITANA;0;0;0;0;0;0;0;0;0;Tostador de PanTH-120R 2 Rebanadas Rojo;ELECTRODOMESTICOS
18280875;;M;29;CHILENO;;Millenial;PROVIDENCIA                   ;METROPOLITANA;0;0;0;0;0;0;0;0;0;Aspiradora TH1870 Arrastre 1800Watts Gris;ELECTRODOMESTICOS
14570159;;M;41;CHILENO;;X;PROVIDENCIA                   ;METROPOLITANA;0;0;0;0;0;0;0;0;0;Hervidor Electrico UT-DUNKEL17P 2Lts Negro;ELECTRODOMESTICOS
6542535;;M;71;CHILENO;;Silencioso;RENCA                         ;METROPOLITANA;0;0;0;0;0;0;0;0;0;Plancha Vertical UT-TURBOSTEAMER 1400Watts;ELECTRODOMESTICOS
12791659;;F;47;CHILENO;;X;PROVIDENCIA                   ;METROPOLITANA;0;0;0;0;0;0;0;0;0;Horno Electrico TH-25N01 25Lts;ELECTRODOMESTICOS
19311070;;M;25;CHILENO;;Z;TALCA                         ;MAULE;0;0;0;0;0;0;0;0;0;Aspiradora TH1870 Arrastre 1800Watts Gris;ELECTRODOMESTICOS
10336793;;M;54;CHILENO;;Boomers;RENCA                         ;METROPOLITANA;0;0;0;0;0;0;0;0;0;Licuadora TH-320 Roja/Negro 1,5 Lts Vaso Vidrio;ELECTRODOMESTICOS
16496785;;F;35;CHILENO;;Millenial;CHILLAN                       ;NUBLE;0;0;0;0;0;0;0;0;0;Batidora Manual UT-TEKLA300;ELECTRODOMESTICOS
11553642;;F;52;CHILENO;;X;PROVIDENCIA                   ;METROPOLITANA;0;0;0;0;0;0;0;0;0;Horno Microondas Mecanico TH-18B05 18Lts;ELECTRODOMESTICOS
14292099;;M;47;CHILENO;;X;VALDIVIA                      ;LOS RIOS;0;0;0;0;0;0;0;0;0;Batidora Pedestal UT-KLEIN700;ELECTRODOMESTICOS
15213335;;F;38;CHILENO;;X;N/D;N/D;0;0;0;0;0;0;0;0;0;Horno Electrico UT-BACKOFEN38 38Lts;ELECTRODOMESTICOS
12736723;;F;46;CHILENO;;X;VICTORIA                      ;ARAUCANIA;0;0;0;0;0;0;0;0;0;Hervidor Electrico Tetera TH-6505RT 1,7Lts Rojo;ELECTRODOMESTICOS
7749678;;F;65;CHILENO;;Boomers;PROVIDENCIA                   ;METROPOLITANA;0;0;0;0;0;0;0;0;0;Hervidor Electrico HA-3300 2,5Lts Blanco;ELECTRODOMESTICOS
18794411;;F;28;CHILENO;;Millenial;SAN BERNARDO                  ;METROPOLITANA;0;0;0;0;0;0;0;0;0;Licuadora TH-320 Roja/Negro 1,5 Lts Vaso Vidrio;ELECTRODOMESTICOS
6569341;Casado;F;73;CHILENO;;Silencioso;PROVIDENCIA                   ;METROPOLITANA;0;0;0;0;0;0;0;0;0;Hervidor Electrico TH-5407i 2Lts;ELECTRODOMESTICOS
10387003;;F;56;CHILENO;;Boomers;LA REINA                      ;METROPOLITANA;0;0;0;0;0;0;0;0;0;Licuadora Personal TH-300PB;ELECTRODOMESTICOS
14566609;;M;40;CHILENO;;X;PROVIDENCIA                   ;METROPOLITANA;0;0;0;0;0;0;0;0;0;Plancha Vertical TH-7300 1200Watts;ELECTRODOMESTICOS
11588867;;M;51;CHILENO;;X;EL BOSQUE                     ;METROPOLITANA;0;0;0;0;0;0;0;0;0;Horno Microondas Digital L UT-25KROMM 25Lts;ELECTRODOMESTICOS
13368801;;M;44;CHILENO;;X;PROVIDENCIA                   ;METROPOLITANA;0;0;0;0;0;0;0;0;0;Horno Electrico TH-48N 48Lts;ELECTRODOMESTICOS
6165896;;F;70;CHILENO;;Silencioso;RENCA                         ;METROPOLITANA;0;0;0;0;0;0;0;0;0;Tostador de Pan TH-126 4 Rebanadas Negro;ELECTRODOMESTICOS
18187846;;M;30;CHILENO;;Millenial;PROVIDENCIA                   ;METROPOLITANA;0;0;0;0;0;0;0;0;0;Horno Electrico TH-25N01 25Lts;ELECTRODOMESTICOS
8566056;Casado;F;61;CHILENO;;Boomers;RENCA                         ;METROPOLITANA;0;0;0;0;0;0;0;0;0;Hervidor Electrico TH-4350 3Lts Blanco;ELECTRODOMESTICOS
12351481;;F;49;CHILENO;;X;RENCA                         ;METROPOLITANA;0;0;0;0;0;0;0;0;0;Plancha GSTBS 5854 1600Watts Base Ceramica;ELECTRODOMESTICOS
17320535;;F;32;CHILENO;;Millenial;CORONEL                       ;BIO BIO;0;0;0;0;0;0;0;0;0;Licuadora BLSTPYG1210NBG052 1,5Lts Vaso Vidrio;ELECTRODOMESTICOS
5106858;;F;78;CHILENO;;Silencioso;RENCA                         ;METROPOLITANA;0;0;0;0;0;0;0;0;0;Plancha UT-DUNST 2200Watts Base Ceramica;ELECTRODOMESTICOS
13354394;;F;44;CHILENO;;X;RENCA                         ;METROPOLITANA;0;0;0;0;0;0;0;0;0;Maquina de Coser XB-2500CL Rosado;ELECTRODOMESTICOS
21720128;;F;46;COLOMBIANO;;Extranjero;PROVIDENCIA                   ;METROPOLITANA;0;0;0;0;0;0;0;0;0;Horno Electrico TH-25N01 25Lts;ELECTRODOMESTICOS
10332654;;F;55;CHILENO;;Boomers;CHILLAN                       ;BIO BIO;0;0;0;0;0;0;0;0;0;Licuadora Low Cost Roja 1,5Lts Vaso Vidrio;ELECTRODOMESTICOS
11629357;;M;51;CHILENO;;X;PROVIDENCIA                   ;METROPOLITANA;0;0;0;0;0;0;0;0;0;Hervidor Electrico HA-3300 2,5Lts Blanco;ELECTRODOMESTICOS
9844121;Casado;M;59;CHILENO;;Boomers;RENCA                         ;METROPOLITANA;0;0;0;0;0;0;0;0;0;Aspiradora UT-MEINER1803 Arrastre 1800Watts;ELECTRODOMESTICOS
18087402;;F;29;CHILENO;;Millenial;BUIN                          ;METROPOLITANA;0;0;0;0;0;0;0;0;0;Maquina de Coser XB-2500CL Rosado;ELECTRODOMESTICOS
7356903;Casado;F;71;CHILENO;;Silencioso;CALAMA                        ;ANTOFAGASTA;0;0;0;0;0;0;0;0;0;Horno Electrico UT-BACKOFEN26 26Lts;ELECTRODOMESTICOS
9172499;;F;59;CHILENO;;Boomers;RENCA                         ;METROPOLITANA;0;0;0;0;0;0;0;0;0;Combo Hervidor + Batidora;ELECTRODOMESTICOS
9249536;;M;61;CHILENO;;Boomers;PROVIDENCIA                   ;METROPOLITANA;0;0;0;0;0;0;0;0;0;Horno Electrico UT-BACKOFEN48 48Lts;ELECTRODOMESTICOS
7262560;;M;67;CHILENO;;Boomers;PROVIDENCIA                   ;METROPOLITANA;0;0;0;0;0;0;0;0;0;Horno Electrico TH-38N 38Lts;ELECTRODOMESTICOS
7204769;;F;66;CHILENO;;Boomers;PUDAHUEL                      ;METROPOLITANA;0;0;0;0;0;0;0;0;0;Horno Microondas Mecanico C1700N 17Lts Blanco;ELECTRODOMESTICOS
11941243;Soltero;F;50;CHILENO;;X;RENCA                         ;METROPOLITANA;0;0;0;0;0;0;0;0;0;Batidora Pedestal TH910PN 4,6Lts 1300Watts;ELECTRODOMESTICOS
6186305;;F;80;CHILENO;;Silencioso;RENCA                         ;METROPOLITANA;0;0;0;0;0;0;0;0;0;Horno Electrico TH-25N01 25Lts;ELECTRODOMESTICOS
13867987;;F;42;CHILENO;;X;ANTOFAGASTA                   ;ANTOFAGASTA;0;0;0;0;0;0;0;0;0;Hervidor Electrico UT-DUNKEL17P 2Lts Negro;ELECTRODOMESTICOS
8971844;;F;62;CHILENO;;Boomers;PROVIDENCIA                   ;METROPOLITANA;0;0;0;0;0;0;0;0;0;HERVIDOR ELECTRICO UT-STARK18;ELECTRODOMESTICOS
13361376;;F;44;CHILENO;;X;CABILDO                       ;VALPARAISO;0;0;0;0;0;0;0;0;0;Licuadora TH-501V 1,5Lts Vaso Vidrio;ELECTRODOMESTICOS
12281015;;F;57;CHILENO;;Boomers;VILLA ALEMANA                 ;VALPARAISO;0;0;0;0;0;0;0;0;0;Licuadora TH-501V 1,5Lts Vaso Vidrio;ELECTRODOMESTICOS
16482221;;F;35;CHILENO;;Millenial;PROVIDENCIA                   ;METROPOLITANA;0;0;0;0;0;0;0;0;0;Parrilla Electrica TH-180;ELECTRODOMESTICOS
15473117;;F;39;CHILENO;;X;MACUL                         ;METROPOLITANA;0;0;0;0;0;0;0;0;0;Licuadora Roja 550W 1,5Lts Vaso Vidrio;ELECTRODOMESTICOS
12519252;;M;48;CHILENO;;X;QUINTA DE TILCOCO             ;L.G.B.OÂ´HIGGINS;0;0;0;0;0;0;0;0;0;Aspiradora Cyclonic Adventage roja CA4000N;ELECTRODOMESTICOS
11907185;;M;52;CHILENO;;X;TEMUCO                        ;ARAUCANIA;0;0;0;0;0;0;0;0;0;Hervidor Electrico UT-MANLY17 1,7Lts Negro;ELECTRODOMESTICOS
11660620;;M;51;CHILENO;;X;N/D;N/D;0;0;0;0;0;0;0;0;0;Maquina de Coser BM-3850CL Lila;ELECTRODOMESTICOS
7134207;;F;68;CHILENO;;Boomers;TALCAHUANO                    ;BIO BIO;0;0;0;0;0;0;0;0;0;Hervidor Electrico UT-DUNKEL17P 2Lts Negro;ELECTRODOMESTICOS
8032948;;M;65;CHILENO;;Boomers;CORONEL                       ;BIO BIO;0;0;0;0;0;0;0;0;0;Licuadora TH-320 Roja/Negro 1,5 Lts Vaso Vidrio;ELECTRODOMESTICOS
26155826;;M;36;HAITIANO;;Extranjero;N/D;N/D;0;0;0;0;0;0;0;0;0;Licuadora TH-320 Roja/Negro 1,5 Lts Vaso Vidrio;ELECTRODOMESTICOS
6853041;Soltero;F;71;CHILENO;;Silencioso;PROVIDENCIA                   ;METROPOLITANA;0;0;0;0;0;0;0;0;0;Horno Electrico UT-BACKOFEN26 26Lts;ELECTRODOMESTICOS
16835636;;F;34;CHILENO;;Extranjero;LINARES                       ;MAULE;0;0;0;0;0;0;0;0;0;Hervidor Electrico TH-4212N 1,7Lts Negro;ELECTRODOMESTICOS
10846848;;F;53;CHILENO;;X;NUEVA IMPERIAL                ;ARAUCANIA;0;0;0;0;0;0;0;0;0;Horno Electrico TH-25N01 25Lts;ELECTRODOMESTICOS
5034513;;M;77;CHILENO;;Silencioso;RENCA                         ;METROPOLITANA;0;0;0;0;0;0;0;0;0;Plancha TH-7052 2000Watts Base Inox;ELECTRODOMESTICOS
10970854;;F;49;CHILENO;;X;SAN FELIPE                    ;VALPARAISO;0;0;0;0;0;0;0;0;0;Hervidor Electrico Tetera TH-6505RT 1,7Lts Rojo;ELECTRODOMESTICOS
9687485;;M;58;CHILENO;;Boomers;OVALLE                        ;COQUIMBO;0;0;0;0;0;0;0;0;0;Hervidor Electrico 388R Rojo;ELECTRODOMESTICOS
14251134;;M;53;CHILENO;;X;N/D;N/D;0;0;0;0;0;0;0;0;0;Horno Microondas Mecanico Easy Wave 20Lts;ELECTRODOMESTICOS
23715883;;F;28;PERUANO;;Extranjero;QUILICURA                     ;METROPOLITANA;0;0;0;0;0;0;0;0;0;Batidora Pedestal UT-KLEIN700;ELECTRODOMESTICOS
6330354;;M;70;CHILENO;;Silencioso;MOSTAZAL                      ;L.G.B.OÂ´HIGGINS;0;0;0;0;0;0;0;0;0;PROCESADOR DE ALIMENTOS UT-PROCESSOR750;ELECTRODOMESTICOS
10535543;Soltero;F;55;CHILENO;;Boomers;PROVIDENCIA                   ;METROPOLITANA;0;0;0;0;0;0;0;0;0;Horno Electrico TH-25N01 25Lts;ELECTRODOMESTICOS
9234409;Casado;F;60;CHILENO;;Boomers;NUEVA IMPERIAL                ;ARAUCANIA;0;0;0;0;0;0;0;0;0;Licuadora BL1500 Silver 1,75Lts Vaso Vidrio;ELECTRODOMESTICOS
15977777;;F;37;CHILENO;;Millenial;SALAMANCA                     ;COQUIMBO;0;0;0;0;0;0;0;0;0;Plancha UT-DUNST 2200Watts Base Ceramica;ELECTRODOMESTICOS
16158389;;F;36;CHILENO;;Millenial;TENO                          ;MAULE;0;0;0;0;0;0;0;0;0;Aspiradora UT-SILENT1804 Arrastre 1800Watts;ELECTRODOMESTICOS
17447472;;M;32;CHILENO;;Millenial;LINARES                       ;MAULE;0;0;0;0;0;0;0;0;0;CAFETERA CF-4600 NG;ELECTRODOMESTICOS
16621677;;F;34;CHILENO;;Millenial;SAN FERNANDO                  ;L.G.B.OÂ´HIGGINS;0;0;0;0;0;0;0;0;0;HERVIDOR TH-4340;ELECTRODOMESTICOS
12857958;;M;47;CHILENO;;X;N/D;N/D;0;0;0;0;0;0;0;0;0;Batidora Pedestal TH910PN 4,6Lts 1300Watts;ELECTRODOMESTICOS
13176606;;F;45;CHILENO;;X;N/D;N/D;0;0;0;0;0;0;0;0;0;MAQUINA DE COSER ME 3B FULL MERRITT;ELECTRODOMESTICOS
9940815;;M;58;CHILENO;;Boomers;RENCA                         ;METROPOLITANA;0;0;0;0;0;0;0;0;0;Horno Microondas Mecanico UT-SYDNEY18 18Lts;ELECTRODOMESTICOS
11790862;;M;51;CHILENO;;X;RENCA                         ;METROPOLITANA;0;0;0;0;0;0;0;0;0;Combo Licuadora + Batidora;ELECTRODOMESTICOS
5804661;;F;78;CHILENO;;Silencioso;RENCA                         ;METROPOLITANA;0;0;0;0;0;0;0;0;0;Plancha UT-KERAMIK1 2200Watts Base Ceramica;ELECTRODOMESTICOS
17399912;;F;32;CHILENO;;Millenial;PROVIDENCIA                   ;METROPOLITANA;0;0;0;0;0;0;0;0;0;Horno Electrico TH62I 60Lts;ELECTRODOMESTICOS
26379203;;M;28;CHILENO;;Extranjero;PUERTO MONTT                  ;LOS LAGOS;0;0;0;0;0;0;0;0;0;Hervidor Electrico HE 1200 1,8Lts Inox;ELECTRODOMESTICOS
8932808;;M;60;CHILENO;;Boomers;PROVIDENCIA                   ;METROPOLITANA;0;0;0;0;0;0;0;0;0;Licuadora TH-320 Roja/Negro 1,5 Lts Vaso Vidrio;ELECTRODOMESTICOS
18474894;;F;29;CHILENO;;Millenial;TALCA                         ;MAULE;0;0;0;0;0;0;0;0;0;Maquina de Coser ME9100;ELECTRODOMESTICOS
9140788;;F;58;CHILENO;;Boomers;RENCA                         ;METROPOLITANA;0;0;0;0;0;0;0;0;0;Plancha THOMAS TH-7170 2200Watts Base Ceramica;ELECTRODOMESTICOS
24961235;;F;44;ECUATORIANO;;Extranjero;CHILLAN                       ;BIO BIO;0;0;0;0;0;0;0;0;0;Batidora Pedestal TH910PN 4,6Lts 1300Watts;ELECTRODOMESTICOS
16024414;Soltero;F;37;CHILENO;;Millenial;PROVIDENCIA                   ;METROPOLITANA;0;0;0;0;0;0;0;0;0;Batidora Manual 2532;ELECTRODOMESTICOS
15988530;;F;36;CHILENO;;Millenial;RENCA                         ;METROPOLITANA;0;0;0;0;0;0;0;0;0;Horno Microondas Mecanico Easy Wave 20Lts;ELECTRODOMESTICOS
18963774;Soltero;M;31;CHILENO;;Millenial;N/D;N/D;0;0;0;0;0;0;0;0;0;Hervidor Electrico TH-4212N 1,7Lts Negro;ELECTRODOMESTICOS
18960272;;M;27;CHILENO;;Millenial;PROVIDENCIA                   ;METROPOLITANA;0;0;0;0;0;0;0;0;0;H MICROONDA MMP-23GABV 23L;ELECTRODOMESTICOS
16559756;;M;35;CHILENO;;Millenial;PROVIDENCIA                   ;METROPOLITANA;0;0;0;0;0;0;0;0;0;Maquina de Coser XB-2500CL Rosado;ELECTRODOMESTICOS
6290752;;M;70;CHILENO;;Silencioso;ALTO HOSPICIO;TARAPACA;0;0;0;0;0;0;0;0;0;Horno Electrico UT-BACKOFEN48 48Lts;ELECTRODOMESTICOS
13206398;;F;45;CHILENO;;X;CAUQUENES                     ;MAULE;0;0;0;0;0;0;0;0;0;Horno Electrico TH62I 60Lts;ELECTRODOMESTICOS
9095782;;F;62;CHILENO;;Boomers;PUENTE ALTO                   ;METROPOLITANA;0;0;0;0;0;0;0;0;0;Horno Electrico UT-BACKOFEN38 38Lts;ELECTRODOMESTICOS
7441069;;F;67;CHILENO;;Boomers;TALAGANTE                     ;METROPOLITANA;0;0;0;0;0;0;0;0;0;Aspiradora TH1870 Arrastre 1800Watts Gris;ELECTRODOMESTICOS
12369575;Casado;F;48;CHILENO;MECANICO AUTOMOTRIZ EN SISTEMAS ELECTRONICOS;X;PROVIDENCIA                   ;METROPOLITANA;0;0;0;0;0;0;0;0;0;Licuadora L2000VNG 1,5Lts Vaso Vidrio;ELECTRODOMESTICOS
7647101;Casado;F;67;CHILENO;;Boomers;CHILLAN                       ;BIO BIO;0;0;0;0;0;0;0;0;0;Licuadora TH-320 Roja/Negro 1,5 Lts Vaso Vidrio;ELECTRODOMESTICOS
6003670;Casado;F;72;CHILENO;;Silencioso;RENCA                         ;METROPOLITANA;0;0;0;0;0;0;0;0;0;Plancha GSTBS 5854 1600Watts Base Ceramica;ELECTRODOMESTICOS
16550136;;F;35;CHILENO;;Millenial;RENCA                         ;METROPOLITANA;0;0;0;0;0;0;0;0;0;Hervidor Electrico TH-5407i 2Lts;ELECTRODOMESTICOS
12822080;;M;47;CHILENO;;X;QUILPUE                       ;VALPARAISO;0;0;0;0;0;0;0;0;0;Horno Electrico UT-BACKOFEN26 26Lts;ELECTRODOMESTICOS
12299678;;F;50;CHILENO;;X;CHIGUAYANTE                   ;BIO BIO;0;0;0;0;0;0;0;0;0;Horno Electrico UT-LEIF36 36Lts;ELECTRODOMESTICOS
7272660;;M;64;CHILENO;;Boomers;BULNES                        ;BIO BIO;0;0;0;0;0;0;0;0;0;Hervidor Electrico UT-MANLY17 1,7Lts Negro;ELECTRODOMESTICOS
16933552;;F;33;CHILENO;;Extranjero;PUDAHUEL                      ;METROPOLITANA;0;0;0;0;0;0;0;0;0;Batidora Vertical Minipimer UT-KLOT400P;ELECTRODOMESTICOS
20087698;;F;23;CHILENO;;Z;PROVIDENCIA                   ;METROPOLITANA;0;0;0;0;0;0;0;0;0;Horno Microondas Digital TH-20S01 20Lts;ELECTRODOMESTICOS
8339365;;F;64;CHILENO;;Boomers;SAN JOAQUIN                   ;METROPOLITANA;0;0;0;0;0;0;0;0;0;Licuadora UT-METALLEK605P 1,55Lts;ELECTRODOMESTICOS
12950040;;F;46;CHILENO;;X;RENCA                         ;METROPOLITANA;0;0;0;0;0;0;0;0;0;Hervidor Electrico UT-KLAR20PW 2Lts Blanco;ELECTRODOMESTICOS
19839356;;F;24;CHILENO;;Z;PROVIDENCIA                   ;METROPOLITANA;0;0;0;0;0;0;0;0;0;Horno Electrico TH-25N01 25Lts;ELECTRODOMESTICOS
11155982;Casado;F;54;CHILENO;;Boomers;PROVIDENCIA                   ;METROPOLITANA;0;0;0;0;0;0;0;0;0;Licuadora UT-METALLEK505P 1,5Lts Vaso Vidrio;ELECTRODOMESTICOS
20631291;;M;21;CHILENO;;Z;PROVIDENCIA                   ;METROPOLITANA;0;0;0;0;0;0;0;0;0;Combo Plancha Batidora Secador de Pelo;ELECTRODOMESTICOS
12953242;;F;46;CHILENO;;X;QUILLOTA                      ;VALPARAISO;0;0;0;0;0;0;0;0;0;Batidora Manual TH-8830;ELECTRODOMESTICOS
14077985;;F;41;CHILENO;;X;PROVIDENCIA                   ;METROPOLITANA;0;0;0;0;0;0;0;0;0;Horno Electrico UT-BACKOFEN38 38Lts;ELECTRODOMESTICOS
10264903;Soltero;F;58;CHILENO;;Boomers;PROVIDENCIA                   ;METROPOLITANA;0;0;0;0;0;0;0;0;0;Licuadora UT-METALLEK805R 1,75Lts Vaso Vidrio;ELECTRODOMESTICOS
5338400;;M;77;CHILENO;;Silencioso;PROVIDENCIA                   ;METROPOLITANA;0;0;0;0;0;0;0;0;0;Picadora P-123TOPBL 1,5Lts;ELECTRODOMESTICOS
19345462;;F;26;CHILENO;;Z;LA CISTERNA                   ;METROPOLITANA;0;0;0;0;0;0;0;0;0;Maquina de Coser ME9100;ELECTRODOMESTICOS
10665288;;M;54;CHILENO;;Boomers;PROVIDENCIA                   ;METROPOLITANA;0;0;0;0;0;0;0;0;0;ASPIRADORA THOMAS TH-2230;ELECTRODOMESTICOS
17030552;;F;33;CHILENO;;Millenial;LA REINA                      ;METROPOLITANA;0;0;0;0;0;0;0;0;0;Hervidor Electrico UT-MANLY17 1,7Lts Negro;ELECTRODOMESTICOS
16332708;;M;35;CHILENO;;Millenial;QUILPUE                       ;VALPARAISO;0;0;0;0;0;0;0;0;0;Plancha OSTER 4801T 1200Watts Base Ceramica;ELECTRODOMESTICOS
15633899;;F;38;CHILENO;;X;PROVIDENCIA                   ;METROPOLITANA;0;0;0;0;0;0;0;0;0;Aspiradora VCC4190V3E/XZS Arrastre 2000Watts;ELECTRODOMESTICOS
10858924;;M;56;CHILENO;;Boomers;PERALILLO                     ;L.G.B.OÂ´HIGGINS;0;0;0;0;0;0;0;0;0;Licuadora L2000VNG 1,5Lts Vaso Vidrio;ELECTRODOMESTICOS
16693083;;M;35;CHILENO;;Millenial;PROVIDENCIA                   ;METROPOLITANA;0;0;0;0;0;0;0;0;0;Hervidor Electrico TH-4800 2Lts Negro Azul;ELECTRODOMESTICOS
13796697;;F;42;CHILENO;;X;IQUIQUE                       ;TARAPACA;0;0;0;0;0;0;0;0;0;Hervidor Electrico TH-4350 3Lts Blanco;ELECTRODOMESTICOS
17643823;Soltero;M;32;CHILENO;;Millenial;PROVIDENCIA                   ;METROPOLITANA;0;0;0;0;0;0;0;0;0;Hervidor Electrico TH-5407i 2Lts;ELECTRODOMESTICOS
15044656;;F;41;CHILENO;;X;CATEMU                        ;VALPARAISO;0;0;0;0;0;0;0;0;0;Licuadora L2000VNG 1,5Lts Vaso Vidrio;ELECTRODOMESTICOS
14316214;;M;45;CHILENO;;X;RENCA                         ;METROPOLITANA;0;0;0;0;0;0;0;0;0;Hervidor Electrico UT-MANLY17 1,7Lts Negro;ELECTRODOMESTICOS
11070549;Casado;F;55;CHILENO;;Boomers;PROVIDENCIA                   ;METROPOLITANA;0;0;0;0;0;0;0;0;0;Plancha TH-7052 2000Watts Base Inox;ELECTRODOMESTICOS
5133186;;F;81;BOLIVIANO;;Extranjero;ARICA                         ;ARICA Y PARINACOTA;0;0;0;0;0;0;0;0;0;Batidora Vertical Multimixer TH-8720;ELECTRODOMESTICOS
10022405;;M;58;CHILENO;;Boomers;ANGOL                         ;ARAUCANIA;0;0;0;0;0;0;0;0;0;Hervidor Electrico Tetera UT-LECKER18R 1,8Lts;ELECTRODOMESTICOS
8255939;;M;62;CHILENO;;Boomers;PROVIDENCIA                   ;METROPOLITANA;0;0;0;0;0;0;0;0;0;Hervidor Electrico UT-KLAR20PW 2Lts Blanco;ELECTRODOMESTICOS
14304457;;M;46;CHILENO;;X;PUENTE ALTO                   ;METROPOLITANA;0;0;0;0;0;0;0;0;0;Horno Electrico UT-BACKOFEN60 60Lts;ELECTRODOMESTICOS
10832126;;M;56;CHILENO;;Boomers;CORONEL                       ;BIO BIO;0;0;0;0;0;0;0;0;0;Hervidor Electrico TH-4515N 2Lts Negro;ELECTRODOMESTICOS
17987370;;F;30;CHILENO;;Millenial;PARRAL                        ;MAULE;0;0;0;0;0;0;0;0;0;Batidora Pedestal TH910PN 4,6Lts 1300Watts;ELECTRODOMESTICOS
6440501;;F;66;CHILENO;;Boomers;NATALES                       ;MAGALLANES;0;0;0;0;0;0;0;0;0;Aspiradora UT-SILENT1603 Arrastre 1600Watts;ELECTRODOMESTICOS
15887189;;F;38;CHILENO;;Millenial;PEDRO AGUIRRE CERDA;METROPOLITANA;0;0;0;0;0;0;0;0;0;Licuadora TH-401V Roja 1,75Lts Vaso Vidrio;ELECTRODOMESTICOS
11854253;Casado;F;51;CHILENO;;X;PROVIDENCIA                   ;METROPOLITANA;0;0;0;0;0;0;0;0;0;MAQUINA DE COSER ME 3B FULL MERRITT;ELECTRODOMESTICOS
8044103;;F;63;CHILENO;;Boomers;PROVIDENCIA                   ;METROPOLITANA;0;0;0;0;0;0;0;0;0;Maquina de Coser 311;ELECTRODOMESTICOS
16669966;;F;34;CHILENO;;Millenial;ISLA DE MAIPO                 ;METROPOLITANA;0;0;0;0;0;0;0;0;0;Aspiradora Cyclonic Adventage roja CA4000N;ELECTRODOMESTICOS
18585423;Soltero;M;28;CHILENO;;Millenial;PROVIDENCIA                   ;METROPOLITANA;0;0;0;0;0;0;0;0;0;Hervidor Electrico 3100 1,7Lts Negro;ELECTRODOMESTICOS
12299142;;F;50;CHILENO;;X;PROVIDENCIA                   ;METROPOLITANA;0;0;0;0;0;0;0;0;0;Licuadora Low Cost Pistacho 1,25Lts Vaso Vidrio;ELECTRODOMESTICOS
13753188;;F;42;CHILENO;;X;PROVIDENCIA                   ;METROPOLITANA;0;0;0;0;0;0;0;0;0;Combo Hervidor + Batidora;ELECTRODOMESTICOS
10716940;;F;56;CHILENO;;Boomers;CONSTITUCION                  ;MAULE;0;0;0;0;0;0;0;0;0;Hervidor Electrico TH-5407i 2Lts;ELECTRODOMESTICOS
17258362;Soltero;M;30;CHILENO;;Millenial;PROVIDENCIA                   ;METROPOLITANA;0;0;0;0;0;0;0;0;0;Horno Electrico TH-38N 38Lts;ELECTRODOMESTICOS
18559522;Soltero;M;28;CHILENO;LICENCIADO, MAGIST;Millenial;PROVIDENCIA                   ;METROPOLITANA;0;0;0;0;0;0;0;0;0;Licuadora Berry Blender Roja 1400 Vaso Vidrio;ELECTRODOMESTICOS
8160568;;M;65;CHILENO;;Boomers;COLINA                        ;METROPOLITANA;0;0;0;0;0;0;0;0;0;Licuadora TH-320 Roja/Negro 1,5 Lts Vaso Vidrio;ELECTRODOMESTICOS
10617766;;M;51;CHILENO;;X;PROVIDENCIA                   ;METROPOLITANA;0;0;0;0;0;0;0;0;0;Cafetera UT-KAFFEEKLASSIK;ELECTRODOMESTICOS
9770130;;M;58;CHILENO;;Boomers;RENCA                         ;METROPOLITANA;0;0;0;0;0;0;0;0;0;Licuadora UT-METALLEK705 1,75Lts Vaso Vidrio;ELECTRODOMESTICOS
18129007;;M;30;CHILENO;;Millenial;BUIN                          ;METROPOLITANA;0;0;0;0;0;0;0;0;0;Hervidor Electrico TH-4350 3Lts Blanco;ELECTRODOMESTICOS
8970602;;M;58;CHILENO;;Boomers;N/D;N/D;0;0;0;0;0;0;0;0;0;Hervidor Electrico UT-DUNKEL17P 2Lts Negro;ELECTRODOMESTICOS
6296488;;F;73;CHILENO;;Silencioso;HUASCO                        ;ATACAMA;0;0;0;0;0;0;0;0;0;Combo Hervidor + Batidora;ELECTRODOMESTICOS
9026521;;F;62;CHILENO;;Boomers;N/D;N/D;0;0;0;0;0;0;0;0;0;Horno Electrico UT-BACKOFEN48 48Lts;ELECTRODOMESTICOS
16852708;;M;33;CHILENO;;Millenial;PROVIDENCIA                   ;METROPOLITANA;0;0;0;0;0;0;0;0;0;Plancha THOMAS TH-7170 2200Watts Base Ceramica;ELECTRODOMESTICOS
24816739;;F;52;PERUANO;;Extranjero;QUINTA NORMAL                 ;METROPOLITANA;0;0;0;0;0;0;0;0;0;Aspiradora TH1870 Arrastre 1800Watts Gris;ELECTRODOMESTICOS
7878150;;F;65;CHILENO;;Boomers;CAUQUENES                     ;MAULE;0;0;0;0;0;0;0;0;0;Aspiradora TH1870 Arrastre 1800Watts Gris;ELECTRODOMESTICOS
9895094;;F;58;CHILENO;;Boomers;RENCA                         ;METROPOLITANA;0;0;0;0;0;0;0;0;0;Horno Microondas Mecanico TH-18B05 18Lts;ELECTRODOMESTICOS
16737202;;F;34;CHILENO;;Millenial;QUINTA DE TILCOCO             ;L.G.B.OÂ´HIGGINS;0;0;0;0;0;0;0;0;0;Horno Microondas Mecanico TH-18B05 18Lts;ELECTRODOMESTICOS
10808916;;F;65;CHILENO;;Boomers;PROVIDENCIA                   ;METROPOLITANA;0;0;0;0;0;0;0;0;0;Tostador de Pan TH-116 2 Rebanadas Negro;ELECTRODOMESTICOS
13849917;;M;42;CHILENO;;X;PROVIDENCIA                   ;METROPOLITANA;0;0;0;0;0;0;0;0;0;Licuadora L1000 Inox 1,7LtsVaso Vidrio;ELECTRODOMESTICOS
16368755;;M;35;CHILENO;;Millenial;PROVIDENCIA                   ;METROPOLITANA;0;0;0;0;0;0;0;0;0;Horno Electrico UT-BACKOFEN26 26Lts;ELECTRODOMESTICOS
8121526;Casado;M;62;CHILENO;ABOGADO;Boomers;RENCA                         ;METROPOLITANA;0;0;0;0;0;0;0;0;0;Aspiradora TH1870 Arrastre 1800Watts Gris;ELECTRODOMESTICOS
14322587;;F;45;CHILENO;;X;VILLARICA                     ;ARAUCANIA;0;0;0;0;0;0;0;0;0;Horno Electrico TH-48N 48Lts;ELECTRODOMESTICOS
12732992;;F;48;CHILENO;;X;PARRAL                        ;MAULE;0;0;0;0;0;0;0;0;0;Batidora Vertical Multimixer TH-8720;ELECTRODOMESTICOS
5945925;Casado;M;72;CHILENO;AGROINDUSTRIA;Silencioso;PROVIDENCIA                   ;METROPOLITANA;0;0;0;0;0;0;0;0;0;Hervidor Electrico HA-3300 2,5Lts Blanco;ELECTRODOMESTICOS
16325934;Casado;M;35;CHILENO;;Millenial;PROVIDENCIA                   ;METROPOLITANA;0;0;0;0;0;0;0;0;0;Parrilla Electrica PE2650;ELECTRODOMESTICOS
9018913;;M;61;CHILENO;;Boomers;PROVIDENCIA                   ;METROPOLITANA;0;0;0;0;0;0;0;0;0;Hervidor Electrico UT-MANLY17 1,7Lts Negro;ELECTRODOMESTICOS
15555667;;F;38;CHILENO;;X;LOS ANDES                     ;VALPARAISO;0;0;0;0;0;0;0;0;0;Plancha THOMAS TH-7170 2200Watts Base Ceramica;ELECTRODOMESTICOS
6777237;;M;69;CHILENO;;Silencioso;LOS ANGELES                   ;BIO BIO;0;0;0;0;0;0;0;0;0;Batidora Manual 2532;ELECTRODOMESTICOS
9135569;;F;59;CHILENO;;Boomers;RENCA                         ;METROPOLITANA;0;0;0;0;0;0;0;0;0;Horno Microondas Mecanico TH-18B05 18Lts;ELECTRODOMESTICOS
9913949;;M;56;CHILENO;;Boomers;ARICA                         ;ARICA Y PARINACOTA;0;0;0;0;0;0;0;0;0;Hervidor Electrico UT-DUNKEL17P 2Lts Negro;ELECTRODOMESTICOS
8959835;;M;61;CHILENO;;Boomers;RENCA                         ;METROPOLITANA;0;0;0;0;0;0;0;0;0;Batidora Manual UT-TEKLA300;ELECTRODOMESTICOS
12616422;;M;47;CHILENO;;X;PROVIDENCIA                   ;METROPOLITANA;0;0;0;0;0;0;0;0;0;Hervidor Electrico HA-3300 2,5Lts Blanco;ELECTRODOMESTICOS
9143270;;F;63;CHILENO;;Boomers;LOS ANDES                     ;VALPARAISO;0;0;0;0;0;0;0;0;0;Horno Electrico UT-BACKOFEN26 26Lts;ELECTRODOMESTICOS
15785566;Soltero;M;37;CHILENO;;Millenial;PROVIDENCIA                   ;METROPOLITANA;0;0;0;0;0;0;0;0;0;Batidora Vertical BM-450 Negra;ELECTRODOMESTICOS
17901486;;F;30;CHILENO;;Millenial;CONSTITUCION                  ;MAULE;0;0;0;0;0;0;0;0;0;Horno Microondas Mecanico TH-18B05 18Lts;ELECTRODOMESTICOS
18281127;Soltero;M;30;CHILENO;;Millenial;PROVIDENCIA                   ;METROPOLITANA;0;0;0;0;0;0;0;0;0;Aspiradora TH1870 Arrastre 1800Watts Gris;ELECTRODOMESTICOS
12625594;;F;49;CHILENO;;X;LIMACHE                       ;VALPARAISO;0;0;0;0;0;0;0;0;0;Combo Plancha Batidora Secador de Pelo;ELECTRODOMESTICOS
8280581;;F;69;CHILENO;;Silencioso;ANCUD                         ;LOS LAGOS;0;0;0;0;0;0;0;0;0;Maquina de Coser VX1445 con 14 puntadas;ELECTRODOMESTICOS
15878135;;M;37;CHILENO;;Millenial;CHILLAN                       ;BIO BIO;0;0;0;0;0;0;0;0;0;PANINI UT-STULK2000;ELECTRODOMESTICOS
8023516;;F;60;CHILENO;;Boomers;PROVIDENCIA                   ;METROPOLITANA;0;0;0;0;0;0;0;0;0;Plancha UT-KERAMIK1 2200Watts Base Ceramica;ELECTRODOMESTICOS
13580692;;F;42;CHILENO;;X;PROVIDENCIA                   ;METROPOLITANA;0;0;0;0;0;0;0;0;0;Horno Electrico UT-BACKOFEN48 48Lts;ELECTRODOMESTICOS
5387710;;F;79;CHILENO;;Silencioso;PENAFLOR;METROPOLITANA;0;0;0;0;0;0;0;0;0;Batidora Vertical Minipimer UT-KLOT400P;ELECTRODOMESTICOS
11174125;;F;55;CHILENO;;Boomers;TALCA                         ;MAULE;0;0;0;0;0;0;0;0;0;Plancha TH-7052 2000Watts Base Inox;ELECTRODOMESTICOS
18028834;Soltero;M;29;CHILENO;INGENIERIA EN ADMINISTRACION DE EMPRESAS MENCION FINANZAS;Millenial;PROVIDENCIA                   ;METROPOLITANA;0;0;0;0;0;0;0;0;0;Licuadora TH-320 Roja/Negro 1,5 Lts Vaso Vidrio;ELECTRODOMESTICOS
13319113;;F;45;CHILENO;;X;N/D;N/D;0;0;0;0;0;0;0;0;0;Horno Electrico TH-25N01 25Lts;ELECTRODOMESTICOS
6574101;;F;64;CHILENO;;Boomers;TALCAHUANO                    ;BIO BIO;0;0;0;0;0;0;0;0;0;Batidora Manual TH-8830;ELECTRODOMESTICOS
17869179;Soltero;M;31;CHILENO;TECNICO EN MINAS;Millenial;PROVIDENCIA                   ;METROPOLITANA;0;0;0;0;0;0;0;0;0;Licuadora Personal TH-300PB;ELECTRODOMESTICOS
19053744;;F;27;CHILENO;;Z;TENO                          ;MAULE;0;0;0;0;0;0;0;0;0;Licuadora 4661B-052 Negra 1,5Lts Vaso Vidrio;ELECTRODOMESTICOS
9315468;;F;58;CHILENO;;Boomers;MAIPU                         ;METROPOLITANA;0;0;0;0;0;0;0;0;0;Plancha OSTER 4801T 1200Watts Base Ceramica;ELECTRODOMESTICOS
4920528;;M;77;CHILENO;;Silencioso;RENCA                         ;METROPOLITANA;0;0;0;0;0;0;0;0;0;Picadora P-123TOPBL 1,5Lts;ELECTRODOMESTICOS
8678689;;F;64;CHILENO;;Boomers;PROVIDENCIA                   ;METROPOLITANA;0;0;0;0;0;0;0;0;0;Hervidor Electrico TH-4350 3Lts Blanco;ELECTRODOMESTICOS
12214234;Casado;F;50;CHILENO;ODONTOLOGO;X;RENCA                         ;METROPOLITANA;0;0;0;0;0;0;0;0;0;Aspiradora UT-SILENT1804 Arrastre 1800Watts;ELECTRODOMESTICOS
17965755;;F;30;CHILENO;;Millenial;PROVIDENCIA                   ;METROPOLITANA;0;0;0;0;0;0;0;0;0;Picadora TH-9020V Vaso Vidrio 2Lts;ELECTRODOMESTICOS
13096501;;M;51;CHILENO;;X;DONIHUE                       ;L.G.B.OÂ´HIGGINS;0;0;0;0;0;0;0;0;0;Hervidor Electrico UT-DUNKEL17P 2Lts Negro;ELECTRODOMESTICOS
14439251;;M;49;CHILENO;;X;PROVIDENCIA                   ;METROPOLITANA;0;0;0;0;0;0;0;0;0;Horno Electrico TH-48N 48Lts;ELECTRODOMESTICOS
26781014;;M;44;VENEZOLANO;;Extranjero;PROVIDENCIA                   ;METROPOLITANA;0;0;0;0;0;0;0;0;0;Hervidor Electrico TH-4515N 2Lts Negro;ELECTRODOMESTICOS
14471984;;M;48;CHILENO;;X;CONSTITUCION                  ;MAULE;0;0;0;0;0;0;0;0;0;Licuadora L1000 Inox 1,7LtsVaso Vidrio;ELECTRODOMESTICOS
6756635;;F;71;CHILENO;;Silencioso;VALDIVIA                      ;LOS RIOS;0;0;0;0;0;0;0;0;0;Horno Microondas Digital TH-25DM 25Lts;ELECTRODOMESTICOS
16844934;;M;34;CHILENO;;Millenial;SAN CARLOS                    ;BIO BIO;0;0;0;0;0;0;0;0;0;Licuadora TH-501V 1,5Lts Vaso Vidrio;ELECTRODOMESTICOS
7681599;;F;65;CHILENO;;Boomers;PROVIDENCIA                   ;METROPOLITANA;0;0;0;0;0;0;0;0;0;Picadora TH-9020V Vaso Vidrio 2Lts;ELECTRODOMESTICOS
16241890;;M;36;CHILENO;;Millenial;QUINTA NORMAL                 ;METROPOLITANA;0;0;0;0;0;0;0;0;0;Licuadora Personal TH-300PB;ELECTRODOMESTICOS
6416447;;F;63;CHILENO;;Boomers;SAGRADA FAMILIA               ;MAULE;0;0;0;0;0;0;0;0;0;Licuadora TH-501V 1,5Lts Vaso Vidrio;ELECTRODOMESTICOS
17418205;;F;32;CHILENO;;Millenial;PROVIDENCIA                   ;METROPOLITANA;0;0;0;0;0;0;0;0;0;MAQ. DE COSER REMINGTON SJ9800.;ELECTRODOMESTICOS
9326949;Soltero;M;60;CHILENO;;Boomers;PROVIDENCIA                   ;METROPOLITANA;0;0;0;0;0;0;0;0;0;Hervidor Electrico UT-MANLY17 1,7Lts Negro;ELECTRODOMESTICOS
10908351;;F;53;CHILENO;;X;PROVIDENCIA                   ;METROPOLITANA;0;0;0;0;0;0;0;0;0;Horno Electrico TH-38N 38Lts;ELECTRODOMESTICOS
11472233;Soltero;M;53;CHILENO;INGENIERO;X;PROVIDENCIA                   ;METROPOLITANA;0;0;0;0;0;0;0;0;0;Batidora Vertical Stick Mixer 2609;ELECTRODOMESTICOS
15612279;;F;38;CHILENO;;X;RENCA                         ;METROPOLITANA;0;0;0;0;0;0;0;0;0;Aspiradora TH1870 Arrastre 1800Watts Gris;ELECTRODOMESTICOS
19914375;;F;24;CHILENO;;Z;PROVIDENCIA                   ;METROPOLITANA;0;0;0;0;0;0;0;0;0;Hervidor Electrico HE1723 1,7Lts Inox;ELECTRODOMESTICOS
26844290;Soltero;F;33;CHILENO;;Extranjero;PROVIDENCIA                   ;METROPOLITANA;0;0;0;0;0;0;0;0;0;Batidora Pedestal Desmontable 64650-CL;ELECTRODOMESTICOS
11960005;;F;49;CHILENO;;X;LOS ANDES                     ;VALPARAISO;0;0;0;0;0;0;0;0;0;Horno Electrico TH-25N01 25Lts;ELECTRODOMESTICOS
18882074;Soltero;F;27;CHILENO;;Millenial;PROVIDENCIA                   ;METROPOLITANA;0;0;0;0;0;0;0;0;0;Maquina de Coser 3223;ELECTRODOMESTICOS
7759077;Casado;M;62;CHILENO;;Boomers;RENCA                         ;METROPOLITANA;0;0;0;0;0;0;0;0;0;Horno Microondas Mecanico Easy Wave 20Lts;ELECTRODOMESTICOS
12752636;;F;46;CHILENO;;X;QUELLON                       ;LOS LAGOS;0;0;0;0;0;0;0;0;0;Licuadora TH-501V 1,5Lts Vaso Vidrio;ELECTRODOMESTICOS
9300276;;F;60;CHILENO;;Boomers;RENCA                         ;METROPOLITANA;0;0;0;0;0;0;0;0;0;Enceradora EA-5000;ELECTRODOMESTICOS
9051204;;M;64;CHILENO;;Boomers;TEMUCO                        ;ARAUCANIA;0;0;0;0;0;0;0;0;0;Licuadora TH-320 Roja/Negro 1,5 Lts Vaso Vidrio;ELECTRODOMESTICOS
9833771;;F;58;CHILENO;;Boomers;PROVIDENCIA                   ;METROPOLITANA;0;0;0;0;0;0;0;0;0;Hervidor Electrico TH-4800 2Lts Negro Azul;ELECTRODOMESTICOS
5193345;Casado;M;72;CHILENO;;Silencioso;PROVIDENCIA                   ;METROPOLITANA;0;0;0;0;0;0;0;0;0;Hervidor Electrico UT-DUNKEL17P 2Lts Negro;ELECTRODOMESTICOS
6219561;;F;76;CHILENO;;Silencioso;ALTO HOSPICIO;TARAPACA;0;0;0;0;0;0;0;0;0;Batidora Vertical Minipimer UT-KLOT400P;ELECTRODOMESTICOS
26523286;;F;24;VENEZOLANO;;Extranjero;CASTRO                        ;LOS LAGOS;0;0;0;0;0;0;0;0;0;Batidora Manual TH-8830;ELECTRODOMESTICOS
16583992;;M;35;CHILENO;;Millenial;LA UNION                      ;LOS LAGOS;0;0;0;0;0;0;0;0;0;Horno Microondas Digital TH-20S01 20Lts;ELECTRODOMESTICOS
12989015;;F;50;CHILENO;;X;TEMUCO                        ;ARAUCANIA;0;0;0;0;0;0;0;0;0;Licuadora UT-METALLEK805R 1,75Lts Vaso Vidrio;ELECTRODOMESTICOS
13423657;;M;43;CHILENO;;X;COPIAPO                       ;ATACAMA;215980;2;1;2;1;215980;0;0;0;COLCHON ERGO T 1.50X2.00;DORMITORIO
9803471;;F;60;CHILENO;;Boomers;RENCA                         ;METROPOLITANA;16210;5;3;0;0;0;5;3;16210;PACK 2 ALMOHADAS C+L;DORMITORIO
18902939;;F;28;CHILENO;;Millenial;"";"";9990;1;1;0;0;0;1;1;9990;PACK 2 ALMOHADAS C+L;DORMITORIO
8499668;;F;65;CHILENO;;Boomers;LA SERENA                     ;COQUIMBO;234940;6;5;0;0;0;6;5;234940;PACK 2 ALMOHADAS C+L;DORMITORIO
14329437;;M;45;CHILENO;;X;LINARES                       ;MAULE;55970;3;2;0;0;0;3;2;55970;ALMOHADA DA SOFT SLEEP 50 X 70;DORMITORIO
11451249;;F;53;CHILENO;;X;PUENTE ALTO                   ;METROPOLITANA;609960;4;2;4;2;609960;0;0;0;CLOSET 4P 2C P464 JACARANDA;DORMITORIO
16341586;;M;36;CHILENO;;Millenial;N/D;N/D;224280;3;1;0;0;0;3;1;224280;COLCHON TERAPEUTIC 1,5P PILLOW TOP;DORMITORIO
11902136;;F;51;CHILENO;;X;SAN PEDRO DE LA PAZ           ;BIO BIO;202200;3;1;0;0;0;3;1;202200;COLCHON EVOLUTION BLACK 1P DUAL SIDE;DORMITORIO
6919951;;F;74;CHILENO;;Silencioso;N/D;N/D;370980;2;2;0;0;0;2;2;370980;PACK 2 ALMOHADAS C+L;DORMITORIO
8044478;;M;60;CHILENO;;Boomers;PROVIDENCIA                   ;METROPOLITANA;219290;2;1;0;0;0;2;1;219290;COLCHON NEW ORTOPEDIC 1,5P;DORMITORIO
19591489;;F;25;CHILENO;;Z;N/D;N/D;175820;5;4;0;0;0;5;4;175820;PACK 2 ALMOHADAS C+L;DORMITORIO
13663019;;M;43;CHILENO;;X;SAN MIGUEL                    ;METROPOLITANA;1088590;9;3;0;0;0;9;3;1088590;COLCHON TERAPEUTIC 1,5P PILLOW TOP;DORMITORIO
17797785;;F;32;CHILENO;;Millenial;CHILLAN                       ;BIO BIO;34970;3;2;0;0;0;3;2;34970;PACK 2 ALMOHADAS C+L;DORMITORIO
13151610;;F;44;CHILENO;;X;ERCILLA                       ;ARAUCANIA;1774630;18;8;0;0;0;18;8;1774630;Cama Europea Terapeutic 1,5P + PSA;DORMITORIO
7420754;;M;68;CHILENO;;Silencioso;ANGOL                         ;ARAUCANIA;402970;3;2;0;0;0;3;2;402970;CE EVOLUTION BLACK 1,5P BN RESP+VEL;DORMITORIO
9119055;;M;59;CHILENO;;Boomers;NATALES                       ;MAGALLANES;1176710;14;6;0;0;0;14;6;1176710;COLCHON IBIZA 2P;DORMITORIO
17683132;Soltero;F;31;CHILENO;;Millenial;PROVIDENCIA                   ;METROPOLITANA;385960;4;2;0;0;0;4;2;385960;COLCHON BAMBOO 2P FIBRAS BAMBOO;DORMITORIO
8682044;;F;61;CHILENO;;Boomers;MELIPILLA                     ;METROPOLITANA;200980;2;1;0;0;0;2;1;200980;COLCHON NEW STYLE 2 2P;DORMITORIO
13647673;Soltero;F;43;CHILENO;;X;RENCA                         ;METROPOLITANA;600950;5;4;0;0;0;5;4;600950;COLCHON IBIZA 2P;DORMITORIO
10317540;;M;45;CHILENO;;X;PROVIDENCIA                   ;METROPOLITANA;259980;2;1;0;0;0;2;1;259980;COLCHON NEW ORTOPEDIC 2P;DORMITORIO
16773649;Soltero;F;34;CHILENO;PSICOLOGA;Millenial;PROVIDENCIA                   ;N/D;232980;3;1;0;0;0;3;1;232980;CE EVOLUTION BLACK 1,5P + RESPALDO CASTILLA;DORMITORIO
5751690;;F;80;CHILENO;;Silencioso;ARICA                         ;ARICA Y PARINACOTA;236980;3;2;0;0;0;3;2;236980;CE EVOLUTION BLACK 1,5P + RESPALDO CASTILLA;DORMITORIO
18518134;Soltero;M;29;CHILENO;;Millenial;PROVIDENCIA                   ;METROPOLITANA;323970;3;2;2;1;213980;1;1;109990;CAMA SOFA HELENA;DORMITORIO
8679886;;F;63;CHILENO;;Boomers;ILLAPEL                       ;COQUIMBO;338360;2;1;0;0;0;2;1;338360;COLCHON IBIZA 2P;DORMITORIO
10993308;;F;43;CHILENO;;X;ARICA                         ;ARICA Y PARINACOTA;238800;3;2;0;0;0;3;2;238800;CE EVOLUTION BLACK 1,5P BN DUAL SIDE;DORMITORIO
11073241;;F;55;CHILENO;;Boomers;N/D;N/D;131924;8;7;0;0;0;8;7;131924;Pack Imperial Soft 45x65 cm.;DORMITORIO
7848887;Casado;M;64;CHILENO;;Boomers;RENCA                         ;METROPOLITANA;172980;2;1;0;0;0;2;1;172980;COLCHON EVOLUTION BLACK 1,5P DUAL SIDE;DORMITORIO
15621359;;F;38;CHILENO;;Millenial;CHILLAN                       ;BIO BIO;17980;2;1;0;0;0;2;1;17980;PLUMON SINGLE 1,5 PZA ANDES;DORMITORIO
16419434;;M;36;CHILENO;;Millenial;SAN BERNARDO                  ;METROPOLITANA;26990;1;1;0;0;0;1;1;26990;PACK ALMOHADA VISCO ELASTICA CANNABIS 60X40CM;DORMITORIO
9580014;;M;49;CHILENO;;X;VILLARICA                     ;ARAUCANIA;444960;4;2;2;1;311980;2;1;132980;DUPLEX SPRING VI 1PL;DORMITORIO
10221259;;M;54;CHILENO;;X;COIHAIQUE                     ;AYSEN;278960;4;4;0;0;0;4;4;278960;COLCHON CASALINDA CDM 2PL X200;DORMITORIO
9335163;;F;61;CHILENO;;Boomers;RENCA                         ;METROPOLITANA;9980;2;1;0;0;0;2;1;9980;PACK 2 ALMOHADAS C+L;DORMITORIO
13661513;Soltero;F;43;CHILENO;PROFESOR;X;RENCA                         ;METROPOLITANA;4990;1;1;0;0;0;1;1;4990;PACK 2 ALMOHADAS C+L;DORMITORIO
16272039;;M;36;CHILENO;;Millenial;N/D;N/D;4990;1;1;0;0;0;1;1;4990;PACK 2 ALMOHADAS C+L;DORMITORIO
13947078;;F;42;CHILENO;;X;GRANEROS                      ;L.G.B.OÂ´HIGGINS;471970;3;2;0;0;0;3;2;471970;COLCHON BAMBOO 2P FIBRAS BAMBOO;DORMITORIO
8655643;;F;52;CHILENO;;X;NATALES                       ;MAGALLANES;1069950;5;2;2;1;259980;3;1;809970;CAMA AMERICANA SPRING VI 1.5 PL + ASTURIAS;DORMITORIO
14002574;;F;41;CHILENO;;X;N/D;N/D;89960;3;1;3;1;89960;0;0;0;COMODA 5C MOD S215 - CAOBA;DORMITORIO
11382023;;M;53;CHILENO;;X;OVALLE                        ;COQUIMBO;1123150;9;7;0;0;0;9;7;1123150;COLCHON CASALINDA CDM 2PL X200;DORMITORIO
20277073;;M;22;CHILENO;;Z;CASTRO                        ;LOS LAGOS;492960;4;2;0;0;0;4;2;492960;BOX BAMBOO + Respaldo + 2 Veladores ALICANTE;DORMITORIO
8215376;;F;67;CHILENO;;Boomers;PUNTA ARENAS                  ;MAGALLANES;1282030;11;6;0;0;0;11;6;1282030;CE EVOLUTION BLACK 1,5P + RESPALDO CASTILLA;DORMITORIO
8367133;;F;65;CHILENO;;Boomers;LOS ALAMOS                    ;BIO BIO;980900;9;2;0;0;0;9;2;980900;BOX BAMBOO + Respaldo + 2 Veladores ALICANTE;DORMITORIO
19988855;;F;23;CHILENO;;Z;"";"";5000;2;1;0;0;0;2;1;5000;PACK 2 ALMOHADAS C+L;DORMITORIO
13204060;;M;45;CHILENO;;X;N/D;N/D;403940;6;4;0;0;0;6;4;403940;COLCHON BAMBOO 2P FIBRAS BAMBOO;DORMITORIO
15656356;;F;38;CHILENO;;Millenial;N/D;N/D;21970;3;1;0;0;0;3;1;21970;Pack Imperial Soft 45x65 cm.;DORMITORIO
15390565;;M;40;CHILENO;;X;N/D;N/D;9980;2;1;0;0;0;2;1;9980;PACK 2 ALMOHADAS C+L;DORMITORIO
10598259;;F;56;CHILENO;;Boomers;VILCUN                        ;ARAUCANIA;254190;3;1;0;0;0;3;1;254190;COLCHON TERAPEUTIC 1,5P PILLOW TOP;DORMITORIO
14227692;;M;40;CHILENO;;X;PROVIDENCIA                   ;METROPOLITANA;134980;2;1;2;1;134980;0;0;0;COLCHON ERGO T 1,5P;DORMITORIO
12506275;;F;49;CHILENO;;X;CURACAVI                      ;METROPOLITANA;371970;3;1;3;1;371970;0;0;0;CLOSET ALLEGRO 4 PUERTAS / 2 CAJONES 64x183x23;DORMITORIO
6265156;;F;72;CHILENO;;Silencioso;TALCA                         ;MAULE;318970;3;1;0;0;0;3;1;318970;CE EVOLUTION BLACK 2P BD DUAL SIDE;DORMITORIO
18504785;;M;28;CHILENO;;Millenial;N/D;N/D;6000;2;1;0;0;0;2;1;6000;ALMOHADA ROSEN SOFT PLUS KING;DORMITORIO
17179891;;M;33;CHILENO;;Millenial;ANTOFAGASTA                   ;ANTOFAGASTA;291980;2;1;2;1;291980;0;0;0;CE EVOLUTION BLACK 2P BD+RESP+2 VEL;DORMITORIO
9655462;;F;57;CHILENO;;Boomers;QUILPUE                       ;VALPARAISO;415950;5;3;0;0;0;5;3;415950;ALMOHADA COOL GEL TECH SERIES 60X40 CM;DORMITORIO
18723018;;F;28;CHILENO;;Millenial;CHIMBARONGO                   ;L.G.B.OÂ´HIGGINS;4990;1;1;0;0;0;1;1;4990;PACK 2 ALMOHADAS C+L;DORMITORIO
25429647;;M;23;PERUANO;;Extranjero;PROVIDENCIA                   ;METROPOLITANA;9980;2;1;2;1;9980;0;0;0;PACK 2 ALMOHADAS C+L;DORMITORIO
17282961;Soltero;F;32;CHILENO;FONOAUDIOLOGA;Millenial;PROVIDENCIA                   ;METROPOLITANA;4990;1;1;1;1;4990;0;0;0;PACK 2 ALMOHADAS C+L;DORMITORIO
7985103;Casado;M;62;CHILENO;;Boomers;PROVIDENCIA                   ;METROPOLITANA;469960;4;2;0;0;0;4;2;469960;CE EVOLUTION BLACK 1,5P BN RESP+VEL;DORMITORIO
12495449;;F;48;CHILENO;;Millenial;N/D;N/D;26970;3;2;0;0;0;3;2;26970;PACK 2 ALMOHADAS C+L;DORMITORIO
6900442;;F;69;CHILENO;;Silencioso;CANETE                        ;BIO BIO;232980;2;1;0;0;0;2;1;232980;CLOSET 6 PUERTAS 2 CAJONES SEGALIN MAPLE;DORMITORIO
13584946;;F;42;CHILENO;;X;"";"";229970;3;2;0;0;0;3;2;229970;ALMOHADA VISCO ELASTICA CANNABIS 60X40CM;DORMITORIO
13922438;Casado;M;42;CHILENO;INGENIERO EN CONSTRUCCION;X;PROVIDENCIA                   ;METROPOLITANA;126980;2;1;2;1;126980;0;0;0;CLOSET M-802 4P+2 C ALTO 1,82 BLANCO NATURAL;DORMITORIO
18127577;;F;30;CHILENO;;Millenial;QUILLON;BIO-BIO;124940;6;3;0;0;0;6;3;124940;PLUMON 2PZA ANDES;DORMITORIO
13584645;;M;43;CHILENO;;X;CASTRO                        ;LOS LAGOS;382970;3;1;0;0;0;3;1;382970;COLCHON CASALINDA CDM 2PL X200;DORMITORIO
13612288;;M;43;CHILENO;;X;TALCA                         ;MAULE;628960;4;2;0;0;0;4;2;628960;CE EVOLUTION BLACK 1,5P + RESPALDO CASTILLA;DORMITORIO
9803692;;F;58;CHILENO;;Boomers;CORONEL                       ;BIO BIO;4990;1;1;0;0;0;1;1;4990;PACK 2 ALMOHADAS C+L;DORMITORIO
18073030;;M;33;CHILENO;;Millenial;"";"";17990;1;1;0;0;0;1;1;17990;ALMOHADA COOL GEL TECH SERIES 60X40 CM;DORMITORIO
19869556;;F;24;CHILENO;;Z;PROVIDENCIA                   ;METROPOLITANA;4990;1;1;1;1;4990;0;0;0;PACK 2 ALMOHADAS C+L;DORMITORIO
10117182;Soltero;M;58;CHILENO;;Boomers;PROVIDENCIA                   ;METROPOLITANA;192960;2;1;0;0;0;2;1;192960;COLCHON BAMBOO 1,5P FIBRAS BAMBOO;DORMITORIO
19788160;;M;24;CHILENO;;Z;CABILDO;VALPARAISO;9980;2;1;0;0;0;2;1;9980;PACK 2 ALMOHADAS C+L;DORMITORIO
15047560;;M;38;CHILENO;;Millenial;SALAMANCA                     ;COQUIMBO;522950;6;4;0;0;0;6;4;522950;CE ERGO T 2P 2MT BD;DORMITORIO
14294065;;M;47;CHILENO;;X;CHILLAN                       ;BIO BIO;1094920;9;5;0;0;0;9;5;1094920;ALMOHADA COOL GEL TECH SERIES 60X40 CM;DORMITORIO
16310436;Soltero;M;35;CHILENO;;Silencioso;PROVIDENCIA                   ;METROPOLITANA;306980;2;1;2;1;306980;0;0;0;BS NEW ORTOPEDIC B5 BLACK 1.5P+RESP+VEL LEGNO;DORMITORIO
7417524;;F;68;CHILENO;;Boomers;PUENTE ALTO                   ;METROPOLITANA;311970;3;1;0;0;0;3;1;311970;COLCHON BAMBOO 1,5P FIBRAS BAMBOO;DORMITORIO
13526705;;M;44;CHILENO;;X;PROVIDENCIA                   ;METROPOLITANA;499960;3;1;3;1;499960;0;0;0;BOX AMERICANO EXCELLENCE PLUS 2P BD +AL+PLU;DORMITORIO
15808033;;M;38;CHILENO;;Millenial;N/D;N/D;148210;5;3;0;0;0;5;3;148210;CLOSET M-803 3P 2C ALTO 1,82 BLANCO NATURAL;DORMITORIO
15798164;Soltero;F;38;CHILENO;;Millenial;PROVIDENCIA                   ;METROPOLITANA;107970;3;1;3;1;107970;0;0;0;COMODA FENIX 4CJNS BICOLOR NOGAL-OLMO;DORMITORIO
19933642;;F;24;CHILENO;;Z;N/D;N/D;396960;4;3;3;2;391970;1;1;4990;PACK 2 ALMOHADAS C+L;DORMITORIO
15955638;;M;36;CHILENO;;Millenial;PROVIDENCIA                   ;METROPOLITANA;181980;2;1;2;1;181980;0;0;0;COLCHON ERGO T 2P 150X200;DORMITORIO
16193524;;F;36;CHILENO;;Millenial;EL BOSQUE                     ;METROPOLITANA;483960;4;2;4;2;483960;0;0;0;COMODA CIPRES MODELO CP25D, COLOR DEMOLICION, 2;DORMITORIO
8018540;;F;64;CHILENO;;Boomers;TOCOPILLA                     ;ANTOFAGASTA;368930;7;3;0;0;0;7;3;368930;Almohada Imperial Soft 50x70 cm;DORMITORIO
13983474;;F;46;CHILENO;;X;SAN FELIPE                    ;VALPARAISO;21990;1;1;0;0;0;1;1;21990;ALMOHADA COOL GEL TECH SERIES 60X40 CM;DORMITORIO
11623490;;M;51;CHILENO;;X;N/D;N/D;134960;4;2;2;1;104980;2;1;29980;ALMOHADA COOL GEL TECH SERIES 60X40 CM;DORMITORIO
24393971;Soltero;F;35;PERUANO;;Extranjero;PROVIDENCIA                   ;METROPOLITANA;313980;2;1;2;1;313980;0;0;0;CE ERGO T 2P 2MT BD;DORMITORIO
11363353;;F;53;CHILENO;;X;BUIN                          ;METROPOLITANA;356890;11;6;0;0;0;11;6;356890;PACK 2 ALMOHADAS C+L;DORMITORIO
6438510;;F;65;CHILENO;;Boomers;PROVIDENCIA                   ;METROPOLITANA;16990;1;1;0;0;0;1;1;16990;Almohada Bamboo Classic 70x40;DORMITORIO
10826649;;M;54;CHILENO;;X;PROVIDENCIA                   ;METROPOLITANA;13980;2;1;0;0;0;2;1;13980;Almohadas Isidora Soft 50x70 cm;DORMITORIO
18255120;;F;29;CHILENO;;Millenial;CALAMA;ANTOFAGASTA;631980;2;1;2;1;631980;0;0;0;CAMA ERGO T 2PBN + Respaldo + 2 Vel BILBA;DORMITORIO
6484787;Casado;M;69;CHILENO;;Silencioso;TALAGANTE                     ;METROPOLITANA;217390;3;1;0;0;0;3;1;217390;COLCHON CASALINDA CDM 2PL X190;DORMITORIO
19101125;;F;27;CHILENO;;Z;ANTOFAGASTA;ANTOFAGASTA;4990;1;1;0;0;0;1;1;4990;PACK 2 ALMOHADAS C+L;DORMITORIO
9555818;;F;64;CHILENO;;Boomers;LINARES                       ;MAULE;20993;1;1;0;0;0;1;1;20993;PACK 2 ALMOHADAS-D VISCO 60 x 40;DORMITORIO
13445661;;F;44;CHILENO;;X;MELIPILLA;METROPOLITANA;202980;2;1;2;1;202980;0;0;0;CAMA EUROPEA SPRING VI FULL;DORMITORIO
10679357;;F;54;CHILENO;;X;PROVIDENCIA                   ;METROPOLITANA;2790820;18;12;14;8;2147860;4;4;642960;CAMA AMERICANA SPRING VI 2.0 PL B/D + ASTURIAS;DORMITORIO
17016901;;F;33;CHILENO;;Millenial;N/D;N/D;955702;8;6;4;3;445960;4;3;509742;CE EVOLUTION BLACK 1,5P + RESPALDO CASTILLA;DORMITORIO
19414456;;F;26;CHILENO;;Z;PROVIDENCIA                   ;METROPOLITANA;279990;2;1;2;1;279990;0;0;0;DIVAN COLORS DREAMS MORADO 1,5P;DORMITORIO
12551811;;M;47;CHILENO;;X;CHILLAN                       ;BIO BIO;721180;8;3;0;0;0;8;3;721180;COLCHON NEW STYLE 4 2P;DORMITORIO
13827841;;F;41;CHILENO;;X;SAN ESTEBAN                   ;VALPARAISO;293680;3;2;0;0;0;3;2;293680;COLCHON THERAPEDIC 2P;DORMITORIO
10708187;;F;44;CHILENO;;X;PROVIDENCIA                   ;METROPOLITANA;378960;3;1;3;1;378960;0;0;0;CE EVOLUTION BLACK 2P BD DUAL SIDE;DORMITORIO
14022335;Casado;F;41;CHILENO;TECNICO EN ENFERMERIA DE NIVEL SUPERIOR;X;RENCA                         ;METROPOLITANA;249980;2;1;0;0;0;2;1;249980;COLCHON BAMBOO 2P FIBRAS BAMBOO;DORMITORIO
19168385;;M;24;CHILENO;;Z;PROVIDENCIA                   ;METROPOLITANA;848420;7;3;7;3;848420;0;0;0;CAMA EURO GRIS NEW ENTREE-D 2.0 PL B/D ASTURIAS;DORMITORIO
16719993;;F;34;CHILENO;;Millenial;N/D;N/D;180970;4;1;0;0;0;4;1;180970;CLOSET NEWCAPRI M-330 AVELLANA/CARVALHO4P3C+ESPE;DORMITORIO
6073025;;F;72;CHILENO;;Silencioso;TALCAHUANO                    ;BIO BIO;4990;1;1;0;0;0;1;1;4990;PACK 2 ALMOHADAS C+L;DORMITORIO
11356102;;F;53;CHILENO;;X;TEMUCO                        ;ARAUCANIA;431970;3;2;0;0;0;3;2;431970;CAMA EUROPEA IBIZA 2 PL BD;DORMITORIO
16601167;;F;34;CHILENO;;Millenial;"";"";275980;2;3;0;0;0;2;3;275980;COLCHON TERAPEUTIC 2P PILLOW TOP;DORMITORIO
19142744;;F;26;CHILENO;;Z;"";"";144970;3;2;0;0;0;3;2;144970;PACK 2 ALMOHADAS C+L;DORMITORIO
13144239;;F;45;CHILENO;;X;LOS ANGELES                   ;BIO BIO;83972;3;2;0;0;0;3;2;83972;Almohada ViscoGel Cobre 70x40x13 cm;DORMITORIO
19296154;;F;26;CHILENO;;Z;SALAMANCA                     ;COQUIMBO;411980;2;1;2;1;411980;0;0;0;C.EUROPEA NEW ORTOPEDIC 2PBN +RESP+2VEL LEGNO;DORMITORIO
17805557;;M;31;CHILENO;;Millenial;PROVIDENCIA                   ;METROPOLITANA;392880;2;1;2;1;392880;0;0;0;CE EXCEL PLUS 2P BD+RESP+2VEL NEW DUBLIN CHOC;DORMITORIO
17118518;Soltero;M;33;CHILENO;TECNICO MECANICO;Millenial;VINA DEL MAR;VALPARAISO;237970;3;2;2;1;219980;1;1;17990;ALMOHADA VISCO SLEEP TECH SERIES 65X45 CM;DORMITORIO
6342569;Casado;M;71;CHILENO;;Silencioso;PROVIDENCIA                   ;METROPOLITANA;299980;2;1;0;0;0;2;1;299980;COLCHON NEW STYLE 6 15P LONG;DORMITORIO
17458968;;F;32;CHILENO;;Millenial;PROVIDENCIA                   ;METROPOLITANA;348980;2;1;2;1;348980;0;0;0;CE NEW ORTOPEDIC KING;DORMITORIO
17782923;;F;31;CHILENO;;Millenial;LA PINTANA;METROPOLITANA;179990;1;1;0;0;0;1;1;179990;COLCHON NEW ORTOPEDIC 1,5P;DORMITORIO
13375285;;F;44;CHILENO;;X;MELIPILLA                     ;METROPOLITANA;317970;3;2;0;0;0;3;2;317970;CE ERGO T 2P 2MT BD;DORMITORIO
16060651;;M;36;CHILENO;;Millenial;N/D;N/D;752941;7;5;3;2;459970;4;3;292971;CAMAROTE TRIPLE MARI 1.5P;DORMITORIO
14225763;;F;47;CHILENO;;X;PUERTO MONTT                  ;LOS LAGOS;18970;3;2;0;0;0;3;2;18970;Almohadas Isidora Soft 50x70 cm;DORMITORIO
16159292;;M;36;CHILENO;;Millenial;CHONCHI                       ;LOS LAGOS;5490;1;1;0;0;0;1;1;5490;Almohada Imperial Soft 50x70 cm;DORMITORIO
5038553;Casado;M;66;CHILENO;;Silencioso;PROVIDENCIA                   ;METROPOLITANA;283980;2;1;2;1;283980;0;0;0;DIVAN THERAPEDIC 1P;DORMITORIO
9414150;;M;59;CHILENO;;Boomers;PROVIDENCIA                   ;METROPOLITANA;699920;6;2;0;0;0;6;2;699920;CE ERGO T 2P 2MT BD;DORMITORIO
16454499;;M;35;CHILENO;;Silencioso;PROVIDENCIA                   ;METROPOLITANA;209980;2;1;2;1;209980;0;0;0;CLOSET 6 PUERTAS - 2 CAJONES MANILA Z-200 TV 46;DORMITORIO
16790014;;F;34;CHILENO;;Millenial;PUDAHUEL;METROPOLITANA;423960;4;2;4;2;423960;0;0;0;CAMA AMERICANA SPRING VI 1.5 PL;DORMITORIO
8858941;;M;58;CHILENO;;Boomers;SANTIAGO;METROPOLITANA;17980;2;1;0;0;0;2;1;17980;ALMOHADA SOFT MICROGEL;DORMITORIO
10966337;;M;53;CHILENO;;X;CHILLAN                       ;BIO BIO;328980;2;1;0;0;0;2;1;328980;CE BAMBOO 2P BD FIBRAS BAMBOO DUAL SIDE;DORMITORIO
16499678;;F;36;CHILENO;;Millenial;N/D;N/D;177971;3;2;0;0;0;3;2;177971;CLOSET CROACIA CHOCOLATE 4P;DORMITORIO
17301780;;M;32;CHILENO;;Millenial;N/D;N/D;308960;4;1;0;0;0;4;1;308960;COLCHON BAMBOO 2P FIBRAS BAMBOO;DORMITORIO
9103832;;F;60;CHILENO;;Boomers;TOCOPILLA                     ;ANTOFAGASTA;419940;6;4;0;0;0;6;4;419940;PACK ALMOHADA VISCO ELASTICA CANNABIS 60X40CM;DORMITORIO
18382774;;F;28;CHILENO;;Millenial;CABILDO                       ;VALPARAISO;681940;6;2;2;1;171980;4;1;509960;COLCHON EXCELLENCE 2 PLAZAS + CUBRECOLCHON;DORMITORIO
11423121;;F;53;CHILENO;;X;RENCA                         ;METROPOLITANA;536960;4;2;0;0;0;4;2;536960;Almohada Bamboo Classic 70x40;DORMITORIO
13850351;;M;42;CHILENO;;X;N/D;N/D;110470;3;4;0;0;0;3;4;110470;Almohada Imperial Soft 50x70 cm;DORMITORIO
20564031;;F;21;CHILENO;;Z;MAULE;MAULE;139990;1;1;1;1;139990;0;0;0;CLOSET ESPANA 6P+4C;DORMITORIO
7187864;;M;69;CHILENO;;Silencioso;MELIPILLA                     ;METROPOLITANA;696020;6;2;0;0;0;6;2;696020;CE EXCELLENCE PLUS 2P BN+RESP+2VEL NEW DUBLIN;DORMITORIO
16199570;;F;54;CHILENO;;X;ARICA                         ;ARICA Y PARINACOTA;713960;4;2;0;0;0;4;2;713960;CE EVEREST 2P 2MTS BD DUAL SIDE;DORMITORIO
13341973;;M;44;CHILENO;;X;PAINE                         ;METROPOLITANA;425950;4;2;0;0;0;4;2;425950;CE ERGO T 2P 2MT BD;DORMITORIO
15699323;Soltero;F;39;CHILENO;MEDICO CIRUJANO;X;PARRAL                        ;MAULE;49990;1;1;0;0;0;1;1;49990;SET 2 ALMOHADAS VISCO MEDIUM 60X40 CM;DORMITORIO
11499440;;F;53;CHILENO;;X;NUEVA IMPERIAL                ;ARAUCANIA;806190;9;5;0;0;0;9;5;806190;COLCHON BAMBOO 2P FIBRAS BAMBOO;DORMITORIO
7941463;Casado;M;61;CHILENO;;Boomers;PROVIDENCIA                   ;METROPOLITANA;460980;2;1;2;1;460980;0;0;0;CE COTTON ORGANIC 2P 2MTS BN DUAL SIDE;DORMITORIO
17764902;;F;31;CHILENO;;Millenial;N/D;N/D;72980;2;1;2;1;72980;0;0;0;COLCHON ESPUMA ENSUENO BEIGE 1 PLAZA;DORMITORIO
16435032;;F;35;CHILENO;;Millenial;TRAIGUEN                      ;ARAUCANIA;289980;2;1;2;1;289980;0;0;0;CLOSET MAULE 4 PTA CORREDERA 8 CJ CEREZO;DORMITORIO
18720376;;M;27;CHILENO;;Millenial;CURANILAHUE                   ;BIO BIO;351980;2;1;2;1;351980;0;0;0;COLCHON ORTOPEDIC ADVANCE 1.50 X 2 MTS ALM;DORMITORIO
10337798;;F;41;CHILENO;;X;LAS CONDES;METROPOLITANA;27970;3;1;3;1;27970;0;0;0;ALMOHADA LIGHT 50X90;DORMITORIO
14197001;;F;46;CHILENO;;X;N/D;N/D;532950;5;3;4;2;511960;1;1;20990;CE EVOLUTION BLACK 1,5P BN RESP+VEL;DORMITORIO
16691770;;M;35;CHILENO;;Millenial;N/D;N/D;306950;5;2;5;2;306950;0;0;0;ESCRITORIO BALIC;DORMITORIO
12784141;;F;47;CHILENO;;X;CURICO                        ;MAULE;29990;1;1;0;0;0;1;1;29990;Almohada Visco Bamboo Classic Pack 60x40 cm;DORMITORIO
17509161;;F;32;CHILENO;;Millenial;RIO CLARO                     ;MAULE;289980;2;1;0;0;0;2;1;289980;CLOSET CAJONERA NEW BELGICA M-398-NW;DORMITORIO
12222889;;F;50;CHILENO;;X;N/D;N/D;653450;5;6;0;0;0;5;6;653450;BOX BAMBOO + Respaldo + 2 Veladores ALICANTE;DORMITORIO
4481980;;F;81;CHILENO;;Silencioso;QUILPUE                       ;VALPARAISO;571950;7;1;0;0;0;7;1;571950;COLCHON BAMBOO 2P FIBRAS BAMBOO;DORMITORIO
16132353;;M;37;CHILENO;;Millenial;COPIAPO;ATACAMA;59980;2;1;0;0;0;2;1;59980;Almohada ViscoGel Cobre 70x40x13 cm;DORMITORIO
13943231;;M;41;CHILENO;;X;EL BOSQUE;METROPOLITANA;197980;2;2;0;0;0;2;2;197980;Pack Imperial Soft 45x65 cm.;DORMITORIO
7035074;;M;69;CHILENO;;Silencioso;PROVIDENCIA                   ;METROPOLITANA;49980;2;1;0;0;0;2;1;49980;ALMOHADA MEMORY MAX BASIC AMERICANA;DORMITORIO
12942634;Casado;M;46;CHILENO;;X;MAULE                         ;MAULE;245980;2;1;0;0;0;2;1;245980;COLCHON BAMBOO 2P FIBRAS BAMBOO;DORMITORIO
14027530;;F;41;CHILENO;;Millenial;"";"";19980;2;1;0;0;0;2;1;19980;ALMOHADA ROSEN SOFT PLUS KING;DORMITORIO
7499845;;F;68;CHILENO;;Silencioso;VALPARAISO                    ;VALPARAISO;539960;4;2;2;1;359980;2;1;179980;CE EVOLUTION BLACK 1,5P BN RESP+VEL;DORMITORIO
10003452;;M;57;CHILENO;;Boomers;VALDIVIA                      ;LOS RIOS;646980;2;1;0;0;0;2;1;646980;CAMA EUROPEA IBIZA 2 PL BD + MADERAS TOSCANA;DORMITORIO
20104577;;F;23;CHILENO;;Z;PROVIDENCIA                   ;METROPOLITANA;479950;5;2;5;2;479950;0;0;0;COLCHON NEW ENTREE 1,5P;DORMITORIO
17510257;;F;32;CHILENO;;Millenial;PROVIDENCIA                   ;METROPOLITANA;293980;2;1;2;1;293980;0;0;0;CE EXCEL PLUS 1.5P+RESP+1VEL NEW DUBLIN CHOCO;DORMITORIO
11799989;;F;51;CHILENO;;X;NUEVA IMPERIAL                ;ARAUCANIA;234980;2;1;2;1;234980;0;0;0;CAMA AMERICANA BEAT 2 PLAZAS 150 X 190 CM;DORMITORIO
17689064;;F;32;CHILENO;;Millenial;LONGAVI                       ;MAULE;453970;3;1;0;0;0;3;1;453970;CAMA EUROPEA IBIZA 2 PL BD;DORMITORIO
15154908;;M;40;CHILENO;;X;PROVIDENCIA                   ;METROPOLITANA;129990;1;1;0;0;0;1;1;129990;COLCHON CASALINDA CDM 1PL X190;DORMITORIO
19296389;Soltero;F;25;CHILENO;;Z;ILLAPEL                       ;COQUIMBO;304970;3;3;0;0;0;3;3;304970;COLCHON BAMBOO 2P FIBRAS BAMBOO;DORMITORIO
8901347;Soltero;F;65;CHILENO;;Boomers;PROVIDENCIA                   ;METROPOLITANA;492970;3;1;0;0;0;3;1;492970;CAMA EUROPEA CASALINDA CDM 1.5PL;DORMITORIO
11543823;;M;51;CHILENO;;X;CALBUCO                       ;LOS LAGOS;209980;2;1;0;0;0;2;1;209980;COLCHON 1.5PZA NEW VERSATILE BY ABCDIN;DORMITORIO
16125546;;F;36;CHILENO;;Millenial;CARTAGENA;VALPARAISO;39980;2;2;0;0;0;2;2;39980;PACK 2 ALMOHADAS C+L;DORMITORIO
9116987;;F;63;CHILENO;;Boomers;TEMUCO                        ;ARAUCANIA;232970;3;1;0;0;0;3;1;232970;COLCHON SPRING III 1P;DORMITORIO
23778741;;M;39;NO INFORMA NACIONALIDAD;;Extranjero;MELIPILLA                     ;METROPOLITANA;26970;3;1;0;0;0;3;1;26970;ALMOHADA SOFT MICROGEL;DORMITORIO
13227584;;F;44;CHILENO;;X;VALPARAISO                    ;VALPARAISO;254960;3;1;3;1;254960;0;0;0;CE EVOLUTION BLACK 1,5P + RESPALDO CASTILLA;DORMITORIO
25674082;;M;32;VENEZOLANO;;Extranjero;INDEPENDENCIA                 ;METROPOLITANA;202980;2;1;0;0;0;2;1;202980;COLCHON BAMBOO 1,5P FIBRAS BAMBOO;DORMITORIO
12310835;;F;50;CHILENO;;X;COIHAIQUE                     ;AYSEN;7990;1;1;0;0;0;1;1;7990;ALMOHADA SOFT MICROGEL;DORMITORIO
14005527;;M;51;CHILENO;;X;SAN JOSE DE MAIPO             ;METROPOLITANA;427970;3;2;0;0;0;3;2;427970;COLCHON EVEREST 2P HILOS DE COBRE;DORMITORIO
12400525;;M;49;CHILENO;;X;SAN FELIPE                    ;VALPARAISO;419960;4;2;0;0;0;4;2;419960;COLCHON ORTOPEDIC ADVANCE 1,5P;DORMITORIO
15344357;Casado;F;40;CHILENO;INGENIERO COMERCIAL;X;RENCA                         ;METROPOLITANA;859980;2;1;2;1;859980;0;0;0;CAMA EUROPEA CURVE SUPER PREMIUM KING RESPALDO G;DORMITORIO
11226375;;M;53;CHILENO;;X;PROVIDENCIA                   ;METROPOLITANA;149990;1;1;0;0;0;1;1;149990;COLCHON BAMBOO 1,5P FIBRAS BAMBOO;DORMITORIO
4680355;;M;80;CHILENO;;Silencioso;PUENTE ALTO                   ;METROPOLITANA;1107960;4;1;0;0;0;4;1;1107960;CE NEW STYLE 6 2P 2MT BD+RESP+2VEL FERRARA;DORMITORIO
17888929;;F;31;CHILENO;;Millenial;PROVIDENCIA                   ;METROPOLITANA;19980;2;1;0;0;0;2;1;19980;ALMOHADA ROSEN SOFT PLUS KING;DORMITORIO
6825126;Casado;M;68;CHILENO;;Boomers;SAN JAVIER                    ;MAULE;334980;2;1;0;0;0;2;1;334980;CE ERGO T 2P 2MT BD;DORMITORIO
16381038;;F;36;CHILENO;;Millenial;COQUIMBO;COQUIMBO;109970;3;1;0;0;0;3;1;109970;SET 2 ALMOHADAS VISCO MEDIUM 60X40 CM;DORMITORIO
13258189;;F;50;CHILENO;;X;PROVIDENCIA                   ;METROPOLITANA;25980;2;1;0;0;0;2;1;25980;Almohada Bamboo Classic 70x40;DORMITORIO
15236795;Casado;M;40;CHILENO;;X;PROVIDENCIA                   ;METROPOLITANA;4990;1;1;0;0;0;1;1;4990;PACK 2 ALMOHADAS C+L;DORMITORIO
16956827;;F;31;CHILENO;;Millenial;TALCA                         ;MAULE;219990;1;1;0;0;0;1;1;219990;COLCHON BAMBOO 2P FIBRAS BAMBOO;DORMITORIO
5957891;;M;74;CHILENO;;Silencioso;PROVIDENCIA                   ;METROPOLITANA;9980;2;1;0;0;0;2;1;9980;PACK 2 ALMOHADAS C+L;DORMITORIO
16956158;;F;33;CHILENO;;Millenial;AYSEN;AYSEN;9980;2;1;0;0;0;2;1;9980;PACK 2 ALMOHADAS C+L;DORMITORIO
10042588;Casado;M;44;CHILENO;;X;VILLARICA                     ;ARAUCANIA;219990;1;1;0;0;0;1;1;219990;BOX AMERICANO MIRAGE 2PBN;DORMITORIO
10939241;;F;51;CHILENO;;X;RENCA                         ;METROPOLITANA;209980;2;1;2;1;209980;0;0;0;CE EVOLUTION BLACK 1P + RESPALDO ASTURIAS;DORMITORIO
7159689;Casado;F;68;CHILENO;;Boomers;PROVIDENCIA                   ;METROPOLITANA;491960;4;1;0;0;0;4;1;491960;CE EVOLUTION BLACK 1,5P BN RESP+VEL;DORMITORIO
5442208;;M;75;CHILENO;;Silencioso;CANETE                        ;BIO BIO;220480;2;1;0;0;0;2;1;220480;COLCHON NEW ORTOPEDIC 2P;DORMITORIO
10591512;;F;52;CHILENO;;X;TALCAHUANO                    ;BIO BIO;420970;3;1;0;0;0;3;1;420970;CAMA NIDO EVOLUTION BLACK 1,5P;DORMITORIO
13686830;;F;43;CHILENO;;Silencioso;PROVIDENCIA                   ;METROPOLITANA;278540;2;1;2;1;278540;0;0;0;BOX AMERICANO EXCELLENCE PLUS 2P BD +AL+PLU;DORMITORIO
13967997;;F;42;CHILENO;;X;PUERTO MONTT                  ;LOS LAGOS;4990;1;1;0;0;0;1;1;4990;PACK 2 ALMOHADAS C+L;DORMITORIO
8288391;Soltero;F;63;CHILENO;;Boomers;RENCA                         ;METROPOLITANA;268980;2;1;0;0;0;2;1;268980;BOX AMERICANO MIRAGE 2PBN;DORMITORIO
17121541;;M;33;CHILENO;;Millenial;PROVIDENCIA                   ;METROPOLITANA;355980;2;1;2;1;355980;0;0;0;CE NEW STYLE 2 2P 2MT BD;DORMITORIO
9384548;Casado;M;55;CHILENO;INGENIERO COMERCIAL;Boomers;COIHAIQUE                     ;AYSEN;79980;2;2;0;0;0;2;2;79980;SET 2 ALMOHADAS VISCO MEDIUM 60X40 CM;DORMITORIO
19797282;;M;24;CHILENO;;Z;N/D;N/D;17370;3;1;0;0;0;3;1;17370;Almohada Imperial Soft 50x70 cm;DORMITORIO
15149085;;M;40;CHILENO;;X;N/D;N/D;361960;4;3;3;2;231970;1;1;129990;RACK MURILLO NOGAL;DORMITORIO
6769151;;M;66;CHILENO;;Boomers;PROVIDENCIA                   ;METROPOLITANA;223980;2;1;2;1;223980;0;0;0;CE EVOLUTION BLACK 2P BD DUAL SIDE;DORMITORIO
16445582;;M;36;CHILENO;;Silencioso;PROVIDENCIA                   ;METROPOLITANA;129990;2;1;2;1;129990;0;0;0;CLOSET M-701 6 PUERTAS 2 CAJONES ALTO 1,82 COLOR;DORMITORIO
15747600;;M;38;CHILENO;;Silencioso;PROVIDENCIA                   ;METROPOLITANA;81980;2;1;2;1;81980;0;0;0;COLCHON SPRING III 1P;DORMITORIO
19138754;;F;26;CHILENO;;Z;PROVIDENCIA                   ;METROPOLITANA;267080;4;2;4;2;267080;0;0;0;BOX AMERICANO EXCELLENCE 2P BASE NORMAL+2ALM;DORMITORIO
17668820;;F;30;CHILENO;;Millenial;PROVIDENCIA                   ;METROPOLITANA;133980;2;1;2;1;133980;0;0;0;COLCHON THERAPEDIC 1,5P;DORMITORIO
8404683;;M;53;CHILENO;;X;PROVIDENCIA                   ;METROPOLITANA;429980;2;1;2;1;429980;0;0;0;CAMA ERGO T 2PBD + RESP + 2 VEL FERRARA;DORMITORIO
7317618;;M;63;CHILENO;;Boomers;CALAMA                        ;ANTOFAGASTA;219990;1;1;0;0;0;1;1;219990;CE EVOLUTION BLACK 1,5P BN RESP+VEL;DORMITORIO
18659087;Soltero;M;28;CHILENO;;Millenial;PROVIDENCIA                   ;METROPOLITANA;259980;2;1;2;1;259980;0;0;0;DIVAN CAMA ERGO T 1,5P 2 MTS;DORMITORIO
7431474;;M;61;CHILENO;;Boomers;ALTO HOSPICIO;TARAPACA;296960;3;1;0;0;0;3;1;296960;CLOSET M-802 4P+2 C ALTO 1,82 BLANCO NATURAL;DORMITORIO
15581585;;M;38;CHILENO;;X;PUNTA ARENAS                  ;MAGALLANES;261480;2;1;2;1;261480;0;0;0;DUPLEX BOX AMERICANO EXCELLENCE 1 PLAZA;DORMITORIO
7182066;;F;69;CHILENO;;Silencioso;ALTO HOSPICIO;TARAPACA;201540;2;1;2;1;201540;0;0;0;COLCHON BAMBOO 2P FIBRAS BAMBOO;DORMITORIO
10380637;;F;57;CHILENO;;Boomers;CARAHUE                       ;ARAUCANIA;300969;3;1;0;0;0;3;1;300969;CE EVOLUTION BLACK 1,5P BN RESP+VEL;DORMITORIO
9761631;;F;56;CHILENO;;Boomers;N/D;N/D;39980;2;1;2;1;39980;0;0;0;Colchon Cuna Extendible 100x60;DORMITORIO
13437673;Casado;F;44;CHILENO;;X;PROVIDENCIA                   ;METROPOLITANA;17980;2;1;0;0;0;2;1;17980;ALMOHADA SOFT MICROGEL;DORMITORIO
15806430;Soltero;F;37;CHILENO;MATRONA;Millenial;PROVIDENCIA                   ;METROPOLITANA;89980;2;1;2;1;89980;0;0;0;COLCHON SPRING III 1P;DORMITORIO
13328538;;M;43;CHILENO;;X;VALLENAR;ATACAMA;148640;2;1;2;1;148640;0;0;0;CLOSET 6 PUERTAS 2 CAJONES FELICCE NOGAL;DORMITORIO
6405781;;F;78;CHILENO;;Silencioso;PROVIDENCIA                   ;METROPOLITANA;247870;2;1;0;0;0;2;1;247870;COLCHON BAMBOO 2P FIBRAS BAMBOO;DORMITORIO
15915883;;M;38;CHILENO;;Millenial;LOS ANGELES;BIO-BIO;133980;2;1;2;1;133980;0;0;0;CE EVOLUTION BLACK 1,5P + RESPALDO CASTILLA;DORMITORIO
5726864;;F;75;CHILENO;;Silencioso;PENAFLOR                      ;METROPOLITANA;11970;3;1;0;0;0;3;1;11970;PACK 2 ALMOHADAS C+L;DORMITORIO
27083436;;F;36;VENEZOLANO;;Extranjero;N/D;N/D;273980;2;1;2;1;273980;0;0;0;DIVAN CAMA ERGO T 1,5P 2 MTS;DORMITORIO
16645954;;F;34;CHILENO;;Millenial;PROVIDENCIA                   ;METROPOLITANA;249980;2;1;2;1;249980;0;0;0;CE ERGO T 2P 2MT BD;DORMITORIO
16258102;;M;36;CHILENO;;Millenial;PROVIDENCIA                   ;METROPOLITANA;365980;2;1;2;1;365980;0;0;0;DIVAN CAMA ERGO T 1,5P 2MTS+RESP+1 VEL TABOR;DORMITORIO
14495998;;F;47;CHILENO;;X;LO ESPEJO                     ;METROPOLITANA;167960;3;1;3;1;167960;0;0;0;COLCHON SPRING III 1P;DORMITORIO
15259087;;F;46;CHILENO;;X;PROVIDENCIA                   ;METROPOLITANA;139990;1;1;0;0;0;1;1;139990;COLCHON BAMBOO 1,5P FIBRAS BAMBOO;DORMITORIO
18508053;;M;28;CHILENO;;Millenial;PROVIDENCIA                   ;METROPOLITANA;259980;2;1;2;1;259980;0;0;0;CE ERGO T 2P 2MT BD;DORMITORIO
9626832;;F;64;CHILENO;;Boomers;LOS ALAMOS                    ;BIO BIO;487350;4;2;0;0;0;4;2;487350;BOX AMERICANO MIRAGE 2PBN;DORMITORIO
20527463;;M;21;CHILENO;;Silencioso;PROVIDENCIA                   ;METROPOLITANA;394970;3;2;3;2;394970;0;0;0;COLCHON BAMBOO 1,5P FIBRAS BAMBOO;DORMITORIO
16579358;;M;35;CHILENO;;Millenial;N/D;N/D;134980;2;1;2;1;134980;0;0;0;CE EVOLUTION BLACK 1,5P + RESPALDO CASTILLA;DORMITORIO
14037473;;F;44;CHILENO;;X;ANCUD                         ;LOS LAGOS;273980;2;1;2;1;273980;0;0;0;COLCHON NEW STYLE 6 2P;DORMITORIO
16202740;;F;37;CHILENO;;Millenial;TOCOPILLA                     ;ANTOFAGASTA;189640;2;1;2;1;189640;0;0;0;BOX AMERICANO EXCELLENCE 2P BASE NORMAL+2ALM;DORMITORIO
19032319;Soltero;F;27;CHILENO;;Z;PROVIDENCIA                   ;METROPOLITANA;279980;2;1;2;1;279980;0;0;0;DIVAN CAMA ERGO T 1,5P 2 MTS;DORMITORIO
19667357;;F;24;CHILENO;;Z;OVALLE                        ;COQUIMBO;483520;4;2;4;2;483520;0;0;0;Cama Europea Terapeutic 2PBN;DORMITORIO
13795667;;F;42;CHILENO;;X;TOME                          ;BIO BIO;451680;3;1;3;1;451680;0;0;0;Closet MAIPO 6PT 6CJ 180 CM CEREZO;DORMITORIO
25606409;;M;28;HAITIANO;;Extranjero;RECOLETA                      ;METROPOLITANA;389980;2;2;0;0;0;2;2;389980;COLCHON TERAPEUTIC 2P PILLOW TOP;DORMITORIO
17268178;;M;32;CHILENO;;Millenial;PROVIDENCIA                   ;METROPOLITANA;153980;2;1;2;1;153980;0;0;0;CLOSET M-801 6P+2C ALTO 1,82 BLANCO NATURAL;DORMITORIO
14363062;;F;41;CHILENO;;X;RENCA                         ;METROPOLITANA;93980;2;1;2;1;93980;0;0;0;CLOSET MARITTIMA 6P+2C;DORMITORIO
16158277;;F;36;CHILENO;;Millenial;PROVIDENCIA                   ;METROPOLITANA;170960;3;1;3;1;170960;0;0;0;COLCHON EXCELLENCE 2 PLAZAS + CUBRECOLCHON;DORMITORIO
15044784;;F;38;CHILENO;;X;RENCA                         ;METROPOLITANA;275980;2;1;2;1;275980;0;0;0;C.EUROPEA NEW ORTOPEDIC 1.5P +RESP+VEL LEGNO;DORMITORIO
12958866;Soltero;M;46;CHILENO;;X;RENCA                         ;METROPOLITANA;193980;2;1;2;1;193980;0;0;0;COLCHON NEW ORTOPEDIC 2P;DORMITORIO
20092329;;M;23;CHILENO;;Silencioso;PROVIDENCIA                   ;METROPOLITANA;147540;2;1;2;1;147540;0;0;0;CLOSET ESPANA 6P+4C;DORMITORIO
6666711;;F;69;CHILENO;;Silencioso;RENCA                         ;METROPOLITANA;3990;1;1;0;0;0;1;1;3990;PACK 2 ALMOHADAS C+L;DORMITORIO
5283212;;M;77;CHILENO;;Silencioso;COPIAPO                       ;ATACAMA;212570;2;1;0;0;0;2;1;212570;CE EVOLUTION BLACK 1,5P BN RESP+VEL;DORMITORIO
17555372;;M;30;CHILENO;;Millenial;ARICA                         ;TARAPACA;248480;2;1;0;0;0;2;1;248480;CLOSET CAJONERA NEW BELGICA M-398-NW;DORMITORIO
7971711;;M;65;CHILENO;;Boomers;VILLARICA                     ;ARAUCANIA;399990;1;1;0;0;0;1;1;399990;BOX BAMBOO + Respaldo + 2 Veladores ALICANTE;DORMITORIO
17540695;;F;31;CHILENO;;Millenial;RENCA                         ;METROPOLITANA;293980;2;1;2;1;293980;0;0;0;COLCHON ROSEN SWAG 2P 2 MT 1.50X2.00;DORMITORIO
13993574;;F;40;CHILENO;;X;PROVIDENCIA                   ;METROPOLITANA;920500;4;1;4;1;920500;0;0;0;CE ORTO ADVANCE 2PBD +RESP+2VEL NEW DUB CHOC;DORMITORIO
16503552;;F;36;CHILENO;;Millenial;LOTA                          ;BIO BIO;310670;2;1;0;0;0;2;1;310670;COLCHON TERAPEUTIC 2P PILLOW TOP;DORMITORIO
9725430;;F;58;CHILENO;;Boomers;COIHAIQUE                     ;AYSEN;159990;1;1;0;0;0;1;1;159990;COLCHON THERAPEDIC 2P;DORMITORIO
26184979;;F;36;VENEZOLANO;;Extranjero;SANTIAGO                      ;METROPOLITANA;409970;3;1;0;0;0;3;1;409970;COLCHON NEW STYLE 2 2P;DORMITORIO
8576801;;M;64;CHILENO;;Boomers;ARICA                         ;ARICA Y PARINACOTA;211980;2;1;2;1;211980;0;0;0;CE EVOLUTION BLACK 1,5P BN RESP+VEL;DORMITORIO
6013159;;M;70;CHILENO;;Silencioso;CURANILAHUE                   ;BIO BIO;440480;2;1;0;0;0;2;1;440480;CAMA ERGO T 2PBD + RESP + 2 VEL FERRARA;DORMITORIO
7888585;;M;64;CHILENO;;Boomers;CALAMA                        ;ANTOFAGASTA;187570;2;1;0;0;0;2;1;187570;COLCHON THERAPEDIC 2P;DORMITORIO
7805268;Casado;F;64;CHILENO;;Boomers;PROVIDENCIA                   ;METROPOLITANA;559520;6;1;0;0;0;6;1;559520;CE EVOLUTION BLACK 1,5P BN RESP+VEL;DORMITORIO
12576016;;M;48;CHILENO;;Silencioso;PROVIDENCIA                   ;METROPOLITANA;25980;2;1;0;0;0;2;1;25980;Almohada Bamboo Classic 70x40;DORMITORIO
12953143;;F;46;CHILENO;;X;PROVIDENCIA                   ;METROPOLITANA;199980;2;1;2;1;199980;0;0;0;BOX AMERICANO BEAT 1,5 PLAZAS 105 X 190 CM;DORMITORIO
13878814;;M;42;CHILENO;;X;PROVIDENCIA                   ;METROPOLITANA;0;0;0;0;0;0;0;0;0;COLCHON EXCELLENCE PLUS 2P;DORMITORIO
19291969;;F;26;CHILENO;;Z;MARIA PINTO                   ;METROPOLITANA;0;0;0;0;0;0;0;0;0;BOX AMERICANO MIRAGE 2PBN;DORMITORIO
8795715;;F;62;CHILENO;;Boomers;OVALLE                        ;COQUIMBO;0;0;0;0;0;0;0;0;0;DIVAN NEW ORTOPEDIC BCK +RESP+1VEL NEW GALES;DORMITORIO
8508517;;M;64;CHILENO;;Boomers;IQUIQUE                       ;TARAPACA;0;0;0;0;0;0;0;0;0;COLCHON ERGO T 2P 150X200;DORMITORIO
10075303;;F;41;CHILENO;;X;COIHAIQUE                     ;AYSEN;0;0;0;0;0;0;0;0;0;PLUMON 2PZA ANDES;DORMITORIO
17437908;;M;32;CHILENO;;Millenial;ANTOFAGASTA                   ;ANTOFAGASTA;0;0;0;0;0;0;0;0;0;BOX AMERICANO EXCELLENCE 2P BN +2ALM+PLU;DORMITORIO
17405387;;F;32;CHILENO;;Millenial;PUNTA ARENAS                  ;MAGALLANES;0;0;0;0;0;0;0;0;0;DIVAN CAMA ERGO T 1,5P 2 MTS;DORMITORIO
9958239;Soltero;F;53;CHILENO;NUTRICIONISTA;X;RENCA                         ;METROPOLITANA;0;0;0;0;0;0;0;0;0;PACK 2 ALMOHADAS C+L;DORMITORIO
14014686;;M;41;CHILENO;;X;PROVIDENCIA                   ;METROPOLITANA;0;0;0;0;0;0;0;0;0;Almohada Bamboo Classic 70x40;DORMITORIO
6353645;;F;69;CHILENO;;Silencioso;QUILPUE                       ;VALPARAISO;0;0;0;0;0;0;0;0;0;BOX AMERICANO MIRAGE 2PBN;DORMITORIO
18214093;;F;29;CHILENO;;Millenial;"";"";0;0;0;0;0;0;0;0;0;CAMAROTE TRIPLE CORINA CAFE OSCURO;DORMITORIO
19511687;;M;25;CHILENO;;Z;PROVIDENCIA                   ;METROPOLITANA;0;0;0;0;0;0;0;0;0;CLOSET NIZA 6P+2C;DORMITORIO
17428467;Soltero;F;32;CHILENO;;Millenial;RENCA                         ;METROPOLITANA;0;0;0;0;0;0;0;0;0;COLCHON NEW ORTOPEDIC 1P;DORMITORIO
16220226;;F;37;CHILENO;;Millenial;PROVIDENCIA                   ;METROPOLITANA;0;0;0;0;0;0;0;0;0;BA EXCELLENCE PLUS 1.5P +RESP+VEL OLMO;DORMITORIO
6766687;;F;66;CHILENO;;Boomers;RENCA                         ;METROPOLITANA;0;0;0;0;0;0;0;0;0;ESCRITORIO FAVATEX YATES CASTANO-NEGRO;DORMITORIO
12853520;;F;47;CHILENO;;X;PROVIDENCIA                   ;METROPOLITANA;0;0;0;0;0;0;0;0;0;PACK 2 ALMOHADAS 100% PLUMA 50 X 70 CM;DORMITORIO
19580224;;M;25;CHILENO;;Z;NUEVA IMPERIAL                ;ARAUCANIA;0;0;0;0;0;0;0;0;0;PACK 2 ALMOHADAS C+L;DORMITORIO
12262580;;F;49;CHILENO;;X;CHANARAL                      ;ATACAMA;0;0;0;0;0;0;0;0;0;DUPLEX BOX AMERICANO EXCELLENCE 1 PLAZA +2ALM;DORMITORIO
7588060;;F;66;CHILENO;;Boomers;SANTIAGO                      ;METROPOLITANA;0;0;0;0;0;0;0;0;0;COLCHON IBIZA 2P;DORMITORIO
9077510;;F;59;CHILENO;;Boomers;OLMUE                         ;VALPARAISO;0;0;0;0;0;0;0;0;0;BOX AMERICANO MIRAGE 2PBN;DORMITORIO
16519713;;M;35;CHILENO;;Silencioso;PROVIDENCIA                   ;METROPOLITANA;0;0;0;0;0;0;0;0;0;ALMOHADA SOFT MICROGEL;DORMITORIO
18374051;;M;29;CHILENO;;Extranjero;N/D;N/D;0;0;0;0;0;0;0;0;0;CLOSET ESPANA 6P+4C;DORMITORIO
20070608;;M;23;CHILENO;;Silencioso;PROVIDENCIA                   ;METROPOLITANA;0;0;0;0;0;0;0;0;0;CLOSET ESPANA 6P+4C;DORMITORIO
19351725;;F;25;CHILENO;;Z;N/D;N/D;0;0;0;0;0;0;0;0;0;COLCHON EXCELLENCE 2 PLAZAS + CUBRECOLCHON;DORMITORIO
18376945;;F;28;CHILENO;;Millenial;DONIHUE                       ;L.G.B.OÂ´HIGGINS;0;0;0;0;0;0;0;0;0;COLCHON NEW STYLE 4 2P;DORMITORIO
12068260;;F;57;CHILENO;;Boomers;VALDIVIA                      ;LOS LAGOS;0;0;0;0;0;0;0;0;0;COLCHON THERAPEDIC 2P;DORMITORIO
18298553;;F;29;CHILENO;;Silencioso;PROVIDENCIA                   ;METROPOLITANA;0;0;0;0;0;0;0;0;0;COLCHON ROSEN SWAG 2P 2 MT 1.50X2.00;DORMITORIO
7296225;;F;65;CHILENO;;Silencioso;PROVIDENCIA                   ;METROPOLITANA;0;0;0;0;0;0;0;0;0;CAMA NEW STYLE 6 15P;DORMITORIO
6101497;;F;73;CHILENO;;Silencioso;TALCA                         ;MAULE;0;0;0;0;0;0;0;0;0;COLCHON EXCELLENCE PLUS 1,5P;DORMITORIO
16388444;;F;35;CHILENO;;Millenial;PROVIDENCIA                   ;METROPOLITANA;0;0;0;0;0;0;0;0;0;CE EVOLUTION BLACK 1,5P BN DUAL SIDE;DORMITORIO
17945584;;F;30;CHILENO;;Millenial;N/D;N/D;0;0;0;0;0;0;0;0;0;COLCHON NEW ENTREE 2P 2MTS;DORMITORIO
10570854;;M;57;CHILENO;;Silencioso;PROVIDENCIA                   ;METROPOLITANA;0;0;0;0;0;0;0;0;0;SET 2 ALMOHADAS VISCO MEDIUM 60X40 CM;DORMITORIO
16923084;;M;34;CHILENO;;Millenial;N/D;N/D;0;0;0;0;0;0;0;0;0;COLCHON EXCELLENCE PLUS 2 PLAZAS 2M;DORMITORIO
15770294;;F;35;CHILENO;;Millenial;PORTEZUELO                    ;BIO BIO;0;0;0;0;0;0;0;0;0;Almohada Visco Bamboo Classic Pack 60x40 cm;DORMITORIO
16464254;Casado;F;35;CHILENO;INGENIERO EN ADMINISTRACION DE EMPRESAS;Silencioso;PROVIDENCIA                   ;METROPOLITANA;0;0;0;0;0;0;0;0;0;CE EVOLUTION BLACK 1,5P + RESPALDO CASTILLA;DORMITORIO
17415608;Soltero;F;33;CHILENO;;Millenial;PROVIDENCIA                   ;METROPOLITANA;0;0;0;0;0;0;0;0;0;CE EVOLUTION BLACK 1,5P + RESPALDO ASTURIAS;DORMITORIO
16148824;;F;36;CHILENO;;Millenial;PROVIDENCIA                   ;METROPOLITANA;0;0;0;0;0;0;0;0;0;SET SABANA MICROFIBRA ROUGE 2P;DORMITORIO
17810089;Soltero;M;31;CHILENO;;Millenial;PROVIDENCIA                   ;METROPOLITANA;0;0;0;0;0;0;0;0;0;PACK ALMOHADA VISCO ELASTICA CANNABIS 60X40CM;DORMITORIO
8052843;;F;65;CHILENO;;Boomers;RENCA                         ;METROPOLITANA;0;0;0;0;0;0;0;0;0;SET 2 ALMOHADAS VISCO MEDIUM 60X40 CM;DORMITORIO
12925487;;F;47;CHILENO;;Silencioso;PROVIDENCIA                   ;METROPOLITANA;0;0;0;0;0;0;0;0;0;COLCHON ACTIVE 2P DUAL SIDE;DORMITORIO
18534924;;M;28;CHILENO;;Millenial;N/D;N/D;0;0;0;0;0;0;0;0;0;CAMAROTE TRIPLE CORINA CAFE CLARO;DORMITORIO
12733061;;F;47;CHILENO;;X;LOS ANGELES                   ;BIO BIO;0;0;0;0;0;0;0;0;0;ALMOHADA ROSEN SOFT PLUS KING;DORMITORIO
14553185;Casado;F;40;CHILENO;;X;PROVIDENCIA                   ;METROPOLITANA;0;0;0;0;0;0;0;0;0;BS NEW ORTO B5 BCK 1,5P RESP+1VEL NEW VILLAR;DORMITORIO
12779406;Casado;F;47;CHILENO;;X;PROVIDENCIA                   ;METROPOLITANA;0;0;0;0;0;0;0;0;0;CE ORTOPEDIC ADVANCE 2PBN;DORMITORIO
6944909;;F;55;CHILENO;;Boomers;CHIMBARONGO                   ;L.G.B.OÂ´HIGGINS;0;0;0;0;0;0;0;0;0;CLOSET CAJONERA NEW BELGICA M-398-NW;DORMITORIO
9257353;Casado;M;61;CHILENO;;Boomers;RENCA                         ;METROPOLITANA;0;0;0;0;0;0;0;0;0;CE EVOLUTION BLACK 1,5P BN RESP+VEL;DORMITORIO
18179481;;M;29;CHILENO;;Millenial;PROVIDENCIA                   ;METROPOLITANA;0;0;0;0;0;0;0;0;0;CE EVOLUTION BLACK 1,5P + RESPALDO CASTILLA;DORMITORIO
11391788;;F;53;CHILENO;;X;RENCA                         ;METROPOLITANA;0;0;0;0;0;0;0;0;0;CLOSET MARITTIMA 6P+2C;DORMITORIO
7264518;;F;63;CHILENO;;Boomers;SAN ANTONIO                   ;VALPARAISO;0;0;0;0;0;0;0;0;0;BS NEW ORTOPEDIC B5BLACK 2PBD+RESP+2VEL LEGNO;DORMITORIO
20364306;;M;21;CHILENO;;Z;N/D;N/D;0;0;0;0;0;0;0;0;0;C.EUROPEA NEW ORTOPEDIC 1.5P +RESP+VEL LEGNO;DORMITORIO
17160389;;M;33;CHILENO;;Millenial;N/D;N/D;0;0;0;0;0;0;0;0;0;COLCHON EVEREST 2P HILOS DE COBRE;DORMITORIO
15052078;;F;39;CHILENO;;X;PROVIDENCIA                   ;METROPOLITANA;0;0;0;0;0;0;0;0;0;Camarote Texas + 2 Colchones Esp + 2A;DORMITORIO
15810508;;F;38;CHILENO;;X;CONCEPCION                    ;BIO BIO;0;0;0;0;0;0;0;0;0;CE EVOLUTION BLACK 1P + Vel + Resp ASTURIAS;DORMITORIO
19338749;;F;25;CHILENO;;Millenial;"";"";0;0;0;0;0;0;0;0;0;COLCHON NEW ORTOPEDIC 2P;DORMITORIO
18320773;;M;29;CHILENO;;Millenial;VICTORIA                      ;ARAUCANIA;0;0;0;0;0;0;0;0;0;COLCHON THERAPEDIC 2P;DORMITORIO
18738200;;M;28;CHILENO;;Millenial;HUALANE;MAULE;0;0;0;0;0;0;0;0;0;COLCHON NEW STYLE 6 2P;DORMITORIO
19213330;Soltero;F;26;CHILENO;;Z;PROVIDENCIA                   ;METROPOLITANA;0;0;0;0;0;0;0;0;0;COLCHON NEW STYLE 4 2P;DORMITORIO
13011497;;M;46;CHILENO;;X;ANTOFAGASTA                   ;ANTOFAGASTA;0;0;0;0;0;0;0;0;0;CE ERGO T 2P 2MT BD;DORMITORIO
18230872;;M;30;CHILENO;;Millenial;PROVIDENCIA                   ;METROPOLITANA;0;0;0;0;0;0;0;0;0;COLCHON THERAPEDIC 2P;DORMITORIO
17248284;Soltero;F;33;CHILENO;;Millenial;PROVIDENCIA                   ;METROPOLITANA;0;0;0;0;0;0;0;0;0;SET SABANA MICROFIBRA SAND 2P;DORMITORIO
19395843;;F;26;CHILENO;;Z;ANTOFAGASTA                   ;ANTOFAGASTA;0;0;0;0;0;0;0;0;0;ALMOHADA SOFT MICROGEL;DORMITORIO
17208740;;M;33;CHILENO;;Millenial;PANGUIPULLI                   ;LOS LAGOS;0;0;0;0;0;0;0;0;0;ALMOHADA ROSEN SOFT PLUS KING;DORMITORIO
13411707;Casado;M;44;CHILENO;MEDICO CIRUJANO;X;TEMUCO                        ;ARAUCANIA;0;0;0;0;0;0;0;0;0;COLCHON NEW ORTOPEDIC 1,5P;DORMITORIO
16165395;Casado;F;36;CHILENO;ADMINISTRADOR PUBLICO;Millenial;PROVIDENCIA                   ;METROPOLITANA;0;0;0;0;0;0;0;0;0;COLCHON ROSEN SWAG 1,5P 1.05X1.90;DORMITORIO
17581505;;F;34;CHILENO;;Millenial;CURICO                        ;MAULE;0;0;0;0;0;0;0;0;0;COLCHON NEW ORTOPEDIC 1,5P;DORMITORIO
18837027;Soltero;F;27;CHILENO;;Millenial;PROVIDENCIA                   ;METROPOLITANA;0;0;0;0;0;0;0;0;0;SET SABANA MICROFIBRA BLUE 2P;DORMITORIO
10007417;Casado;F;53;CHILENO;;X;PROVIDENCIA                   ;METROPOLITANA;0;0;0;0;0;0;0;0;0;SET SABANA MICROFIBRA MUSTARD 2P;DORMITORIO
16643573;;M;35;CHILENO;;Millenial;N/D;N/D;0;0;0;0;0;0;0;0;0;CLOSET ESPANA 6P+4C;DORMITORIO
18425510;;F;29;CHILENO;;Millenial;RECOLETA                      ;METROPOLITANA;0;0;0;0;0;0;0;0;0;COLCHON EVEREST 2P HILOS DE COBRE;DORMITORIO
14261830;;M;47;CHILENO;;X;PROVIDENCIA                   ;METROPOLITANA;0;0;0;0;0;0;0;0;0;CE BAMBOO 2P BD FIBRAS BAMBOO DUAL SIDE;DORMITORIO
6108089;;F;68;CHILENO;;Boomers;ARICA                         ;ARICA Y PARINACOTA;0;0;0;0;0;0;0;0;0;CE ERGO T 2P 2MT BD;DORMITORIO
12972515;;F;46;CHILENO;;X;"";"";0;0;0;0;0;0;0;0;0;COLCHON SPRING III 1P;DORMITORIO
12823883;;M;47;CHILENO;;Millenial;CONCON                        ;VALPARAISO;0;0;0;0;0;0;0;0;0;COLCHON EXCELLENCE PLUS 2P;DORMITORIO
16203101;Casado;M;36;CHILENO;CONSTRUCTOR CIVIL;Millenial;PROVIDENCIA                   ;METROPOLITANA;0;0;0;0;0;0;0;0;0;CAMA EUROPEA CANNABIS 2PBD + RESP + VEL MADRID;DORMITORIO
14436654;;M;41;CHILENO;;Silencioso;PROVIDENCIA                   ;METROPOLITANA;0;0;0;0;0;0;0;0;0;Colchon Resortes Evolution 1p + Almohada Imperia;DORMITORIO
15408698;;F;39;CHILENO;;X;PROVIDENCIA                   ;METROPOLITANA;0;0;0;0;0;0;0;0;0;CE EVOLUTION BLACK 1,5P + RESPALDO ASTURIAS;DORMITORIO
12471155;;M;49;CHILENO;;X;RENCA                         ;METROPOLITANA;0;0;0;0;0;0;0;0;0;BOXET ERGO T 1,5 P;DORMITORIO
5988186;;F;74;CHILENO;;Silencioso;SAN VICENTE                   ;L.G.B.OÂ´HIGGINS;0;0;0;0;0;0;0;0;0;Almohada Bamboo Classic 70x40;DORMITORIO
20305794;;F;22;CHILENO;;Z;PROVIDENCIA                   ;METROPOLITANA;0;0;0;0;0;0;0;0;0;BA BEAT 2P 2MTS BN;DORMITORIO
19584361;;F;25;CHILENO;;Z;CERRO NAVIA                   ;METROPOLITANA;0;0;0;0;0;0;0;0;0;Closet BAKER TV 43 2PT 4CJ CHOCOLATE;DORMITORIO
15282398;Soltero;F;39;CHILENO;;X;PROVIDENCIA                   ;METROPOLITANA;0;0;0;0;0;0;0;0;0;BS ORTOPEDIC ADVANCE B5 BLACK 1,5P;DORMITORIO
6715298;;M;70;CHILENO;;Silencioso;LOS ANDES                     ;VALPARAISO;0;0;0;0;0;0;0;0;0;COLCHON ERGO T 2P;DORMITORIO
11640514;;M;51;CHILENO;;X;MAIPU                         ;METROPOLITANA;0;0;0;0;0;0;0;0;0;COLCHON NEW ORTOPEDIC 2P;DORMITORIO
12404529;;M;49;CHILENO;;X;PUDAHUEL                      ;METROPOLITANA;0;0;0;0;0;0;0;0;0;COLCHON NEW STYLE 4 2P 150X200;DORMITORIO
19931311;;M;24;CHILENO;;Z;PROVIDENCIA                   ;METROPOLITANA;0;0;0;0;0;0;0;0;0;CE EVOLUTION BLACK 2P BD DUAL SIDE;DORMITORIO
19653789;;F;24;CHILENO;;Z;PROVIDENCIA                   ;METROPOLITANA;0;0;0;0;0;0;0;0;0;CLOSET CONCEPCION TV49 M-402 CASTANO / AVELLANA;DORMITORIO
14503029;;F;47;CHILENO;;X;SAN BERNARDO                  ;METROPOLITANA;0;0;0;0;0;0;0;0;0;CE NEW ORTOPEDIC KING;DORMITORIO
14525654;;M;46;CHILENO;;Millenial;N/D;N/D;0;0;0;0;0;0;0;0;0;COLCHON EXCELLENCE 2 PLAZA + 2 ALM;DORMITORIO
16398735;;M;34;CHILENO;;Millenial;PROVIDENCIA                   ;METROPOLITANA;0;0;0;0;0;0;0;0;0;COLCHON TERAPEUTIC 2P PILLOW TOP;DORMITORIO
19382735;Soltero;F;26;CHILENO;TECNICO DE NIVEL MEDIO EN ATENCION DE ENFERMERIA;Z;PROVIDENCIA                   ;METROPOLITANA;0;0;0;0;0;0;0;0;0;CLOSET CROACIA BLANCO 4P;DORMITORIO
10391471;;M;57;CHILENO;;Boomers;QUILICURA                     ;METROPOLITANA;0;0;0;0;0;0;0;0;0;COLCHON EXCELLENCE PLUS 1.5P + CUBRECOLCHON;DORMITORIO
19912942;;F;24;CHILENO;;Z;PROVIDENCIA                   ;METROPOLITANA;0;0;0;0;0;0;0;0;0;CE EVOLUTION BLACK 2P BD DUAL SIDE;DORMITORIO
18950722;;M;28;CHILENO;;Millenial;CASTRO                        ;LOS LAGOS;0;0;0;0;0;0;0;0;0;SET 2 ALMOHADAS VISCO MEDIUM 60X40 CM;DORMITORIO
18102673;;F;30;CHILENO;;Millenial;PROVIDENCIA                   ;METROPOLITANA;0;0;0;0;0;0;0;0;0;CE EVOLUTION BLACK 1P + RESPALDO CASTILLA;DORMITORIO
11432351;;F;53;CHILENO;;X;N/D;N/D;0;0;0;0;0;0;0;0;0;CE EVOLUTION BLACK 1,5P BN DUAL SIDE;DORMITORIO
15103893;;M;40;CHILENO;;X;PROVIDENCIA                   ;METROPOLITANA;0;0;0;0;0;0;0;0;0;COLCHON SMART KING;DORMITORIO
15815116;Casado;M;37;CHILENO;;Millenial;PROVIDENCIA                   ;METROPOLITANA;0;0;0;0;0;0;0;0;0;DIVAN CAMA ERGO T 1,5P 2 MTS;DORMITORIO
15482575;;F;40;CHILENO;;X;PUENTE ALTO                   ;METROPOLITANA;0;0;0;0;0;0;0;0;0;CE CANNABIS 1,5P BN+PILLOW TOP;DORMITORIO
12251154;;M;50;CHILENO;;X;PROVIDENCIA                   ;METROPOLITANA;0;0;0;0;0;0;0;0;0;ESCRITORIO COLLEGE BLANCO;DORMITORIO
19727067;;F;25;CHILENO;;Z;PROVIDENCIA                   ;METROPOLITANA;0;0;0;0;0;0;0;0;0;Almohada Bamboo Classic 70x40;DORMITORIO
18607232;;F;28;CHILENO;;Millenial;PROVIDENCIA                   ;METROPOLITANA;0;0;0;0;0;0;0;0;0;BOX AMERICANO EXCELLENCE 2P BASE NORMAL+2ALM;DORMITORIO
18112074;;F;30;CHILENO;;Millenial;SAN JAVIER                    ;MAULE;0;0;0;0;0;0;0;0;0;CAMA EUROPEA EXCELLENCE 2P BASE NORMAL +2ALM;DORMITORIO
18579864;Soltero;F;29;CHILENO;PROFESOR;Millenial;PROVIDENCIA                   ;METROPOLITANA;0;0;0;0;0;0;0;0;0;Cama New Style 2 2PBD + Resp + 2 Vel Bilbao;DORMITORIO
13417480;;F;44;CHILENO;;X;LA SERENA                     ;COQUIMBO;0;0;0;0;0;0;0;0;0;COLCHON SPRING III 1P;DORMITORIO
18119106;;F;30;CHILENO;;Millenial;PROVIDENCIA                   ;METROPOLITANA;0;0;0;0;0;0;0;0;0;SET SABANA MICROFIBRA ROUGE 1,5P;DORMITORIO
16809111;;M;34;CHILENO;;Millenial;PROVIDENCIA                   ;METROPOLITANA;0;0;0;0;0;0;0;0;0;COLCHON BAMBOO 2P FIBRAS BAMBOO;DORMITORIO
13705763;;M;42;CHILENO;;X;LA FLORIDA                    ;METROPOLITANA;0;0;0;0;0;0;0;0;0;CE ERGO T KING 2MT BD;DORMITORIO
19216830;;F;26;CHILENO;;Z;CHEPICA                       ;L.G.B.OÂ´HIGGINS;0;0;0;0;0;0;0;0;0;CLOSET DANUBIO 4 PUERTAS 3 CAJONES;DORMITORIO
19245454;Soltero;F;26;CHILENO;NUTRICIONISTA;Silencioso;PROVIDENCIA                   ;METROPOLITANA;0;0;0;0;0;0;0;0;0;ALMOHADA MEMORY MAX BASIC AMERICANA;DORMITORIO
10891127;Casado;F;50;CHILENO;;Silencioso;PROVIDENCIA                   ;METROPOLITANA;0;0;0;0;0;0;0;0;0;CE NEW ORTOPEDIC KING ARES S/T;DORMITORIO
19803090;;M;24;CHILENO;;Silencioso;PROVIDENCIA                   ;METROPOLITANA;0;0;0;0;0;0;0;0;0;CE ERGO T 2P 2MT BD;DORMITORIO
13136805;;F;44;CHILENO;;X;CORONEL                       ;BIO BIO;0;0;0;0;0;0;0;0;0;BOX AMERICANO EXCELLENCE 2P BASE NORMAL;DORMITORIO
7309916;;F;64;CHILENO;;Boomers;RECOLETA                      ;METROPOLITANA;0;0;0;0;0;0;0;0;0;CLOSET CROACIA CHOCOLATE 4P;DORMITORIO
19089113;Soltero;M;27;CHILENO;;Z;PROVIDENCIA                   ;METROPOLITANA;0;0;0;0;0;0;0;0;0;CE SUPER PREMIUM 2PBD +RESP+2VEL NEW TOR CHOC;DORMITORIO
19874981;;M;24;CHILENO;;Silencioso;PROVIDENCIA                   ;METROPOLITANA;0;0;0;0;0;0;0;0;0;CE EVOLUTION BLACK 1,5P + RESPALDO ASTURIAS;DORMITORIO
11765407;Soltero;M;50;CHILENO;;X;RENCA                         ;METROPOLITANA;0;0;0;0;0;0;0;0;0;BOX AMERICANO EXCELLENCE FULL PLAZA +2ALM+PLU;DORMITORIO
13378583;Casado;M;43;CHILENO;;X;PROVIDENCIA                   ;METROPOLITANA;0;0;0;0;0;0;0;0;0;CE ERGO T 2P 2MT BD;DORMITORIO
14387732;Casado;F;43;CHILENO;;X;PROVIDENCIA                   ;METROPOLITANA;0;0;0;0;0;0;0;0;0;CE EVOLUTION BLACK 1,5P + RESPALDO CASTILLA;DORMITORIO
12974196;;M;45;CHILENO;;X;TALCAHUANO                    ;BIO BIO;0;0;0;0;0;0;0;0;0;DIVAN NEW ORTOPEDIC BCK +RESP+1VEL NEW VILLA;DORMITORIO
8407251;Soltero;F;57;CHILENO;DISENADOR;Silencioso;PROVIDENCIA                   ;METROPOLITANA;0;0;0;0;0;0;0;0;0;CE ERGO T KING 2MT BD;DORMITORIO
18432431;;M;29;CHILENO;;Millenial;N/D;N/D;0;0;0;0;0;0;0;0;0;RACK BELLINI 50;DORMITORIO
17021833;;F;34;CHILENO;;Millenial;PROVIDENCIA                   ;METROPOLITANA;0;0;0;0;0;0;0;0;0;CE NEW STYLE 2 2P 2MT BD;DORMITORIO
9751886;Casado;F;58;CHILENO;;Boomers;PROVIDENCIA                   ;METROPOLITANA;0;0;0;0;0;0;0;0;0;DUPLEX BOX AMERICANO EXCELLENCE 1 PLAZA +2ALM;DORMITORIO
15999046;Casado;F;37;CHILENO;;Millenial;PROVIDENCIA                   ;METROPOLITANA;0;0;0;0;0;0;0;0;0;CE NEW STYLE 6 2P 2MT BD;DORMITORIO
9419990;;F;61;CHILENO;;Boomers;VINA DEL MAR                  ;VALPARAISO;0;0;0;0;0;0;0;0;0;ESCRITORIO ESCOBAR;DORMITORIO
20193704;;F;23;CHILENO;;Z;PROVIDENCIA                   ;METROPOLITANA;0;0;0;0;0;0;0;0;0;BOX 1 1/2 P + RESP +1 VEL;DORMITORIO
19373499;;F;25;CHILENO;;Z;PROVIDENCIA                   ;METROPOLITANA;0;0;0;0;0;0;0;0;0;CLOSET ARICA TV 32 M302 TEXTURADO CASTANO;DORMITORIO
7840446;;M;66;CHILENO;;Silencioso;PROVIDENCIA                   ;METROPOLITANA;0;0;0;0;0;0;0;0;0;BOX AMERICANO EXCELLENCE 1.5 PLAZAS;DORMITORIO
17158460;Soltero;M;34;CHILENO;;Millenial;PROVIDENCIA                   ;METROPOLITANA;0;0;0;0;0;0;0;0;0;CAMA EUROPEA CANNABIS 2PBD + RESP + VEL CASTILLA;DORMITORIO
15521115;Divorciado;F;39;CHILENO;;X;PROVIDENCIA                   ;METROPOLITANA;0;0;0;0;0;0;0;0;0;COLCHON PREMIUM 2 PLAZAS + 2 ALM;DORMITORIO
18686973;Soltero;F;27;CHILENO;;Z;CONCEPCION                    ;BIO BIO;0;0;0;0;0;0;0;0;0;COLCHON BEAT 2P 150X200;DORMITORIO
13218890;;M;45;CHILENO;;X;ANTOFAGASTA                   ;ANTOFAGASTA;0;0;0;0;0;0;0;0;0;TOCADOR BARBARA;DORMITORIO
13357587;;F;46;CHILENO;;X;ANTOFAGASTA                   ;ANTOFAGASTA;0;0;0;0;0;0;0;0;0;BOX AMERICANO EXCELLENCE 1.5 PLAZA + ALM;DORMITORIO
17455911;;F;32;CHILENO;;Millenial;PROVIDENCIA                   ;METROPOLITANA;0;0;0;0;0;0;0;0;0;COLCHON NEW ORTOPEDIC 1,5P;DORMITORIO
16112187;;M;37;CHILENO;;Silencioso;PROVIDENCIA                   ;METROPOLITANA;0;0;0;0;0;0;0;0;0;COLCHON EXCELLENCE FULL + 2 ALM;DORMITORIO
8048739;;F;66;CHILENO;;Boomers;VALLENAR;ATACAMA;0;0;0;0;0;0;0;0;0;PACK 2 ALMOHADAS C+L;DORMITORIO
9922626;;M;56;CHILENO;;Boomers;LA LIGUA                      ;VALPARAISO;0;0;0;0;0;0;0;0;0;COLCHON ART 4 2P;DORMITORIO
14260815;;F;48;CHILENO;;X;NANCAGUA                      ;L.G.B.OÂ´HIGGINS;0;0;0;0;0;0;0;0;0;CLOSET CAJONERA NEW BELGICA M-398-NW;DORMITORIO
18740848;;F;28;CHILENO;;Millenial;N/D;N/D;0;0;0;0;0;0;0;0;0;Almohada Bamboo Classic 70x40;DORMITORIO
19979990;;F;23;CHILENO;;Z;PROVIDENCIA                   ;METROPOLITANA;0;0;0;0;0;0;0;0;0;CLOSET NEW SLIM M-900 CASTANO;DORMITORIO
17592581;;F;31;CHILENO;;Millenial;PROVIDENCIA                   ;METROPOLITANA;0;0;0;0;0;0;0;0;0;CLOSET M-802 4P+2 C ALTO 1,82 BLANCO NATURAL;DORMITORIO
15624596;;F;37;CHILENO;;Millenial;PROVIDENCIA                   ;METROPOLITANA;0;0;0;0;0;0;0;0;0;COLCHON ORTOPEDIC ADVANCE 1,5P;DORMITORIO
12019717;;F;56;CHILENO;;Boomers;NUEVA IMPERIAL                ;ARAUCANIA;0;0;0;0;0;0;0;0;0;CAMA EUROPEA IBIZA 2 PL BD;DORMITORIO
16668001;;M;34;CHILENO;;Millenial;PROVIDENCIA                   ;METROPOLITANA;0;0;0;0;0;0;0;0;0;ESCRITORIO JACK BLANCO;DORMITORIO
13450150;;M;44;CHILENO;;X;PROVIDENCIA                   ;METROPOLITANA;0;0;0;0;0;0;0;0;0;CE ERGO T 2P 2MT BD;DORMITORIO
9721408;;F;60;CHILENO;;Boomers;RENCA                         ;METROPOLITANA;0;0;0;0;0;0;0;0;0;CAMA EUROPEA CANNABIS 2PBD + RESP + VEL CASTILLA;DORMITORIO
14349624;;F;43;CHILENO;;X;LAUTARO                       ;ARAUCANIA;0;0;0;0;0;0;0;0;0;CE EVOLUTION BLACK 2P BD DUAL SIDE;DORMITORIO
8915622;;M;59;CHILENO;;Boomers;QUILPUE                       ;VALPARAISO;0;0;0;0;0;0;0;0;0;CE NEW STYLE 2 2P 2MT BD;DORMITORIO
26083764;;M;26;VENEZOLANO;;Extranjero;N/D;N/D;0;0;0;0;0;0;0;0;0;CAMA EUROPEA CANNABIS 2PBD + RESP + VEL CASTILLA;DORMITORIO
17477823;;M;32;CHILENO;;Millenial;VINA DEL MAR                  ;VALPARAISO;0;0;0;0;0;0;0;0;0;CAMA EUROPEA EXCELLENCE 2 PLAZAS BASE NORMAL;DORMITORIO
26530748;;F;28;VENEZOLANO;;Extranjero;N/D;N/D;0;0;0;0;0;0;0;0;0;CLOSET CROACIA BLANCO 4P;DORMITORIO
7399121;;M;67;CHILENO;;Boomers;EL QUISCO                     ;VALPARAISO;0;0;0;0;0;0;0;0;0;COLCHON ERGO T 1P;DORMITORIO
19951065;;F;38;CHILENO;;Millenial;RENCA                         ;METROPOLITANA;0;0;0;0;0;0;0;0;0;DIVAN NEW ORTOPEDIC BLACK ALM ]DIVAN NEW ORTOPED;DORMITORIO
15953770;Soltero;F;37;CHILENO;PROFESOR;Millenial;RENCA                         ;METROPOLITANA;0;0;0;0;0;0;0;0;0;TOCADOR FAVATEX EIBAR 5C 2P;DORMITORIO
5470249;;M;75;CHILENO;;Silencioso;RENCA                         ;METROPOLITANA;0;0;0;0;0;0;0;0;0;PACK 2 ALMOHADAS C+L;DORMITORIO
19253031;Soltero;F;26;CHILENO;;Silencioso;PROVIDENCIA                   ;METROPOLITANA;0;0;0;0;0;0;0;0;0;DUPLEX CE EVOLUTION BLACK 1P + 2 RESP + VEL CAST;DORMITORIO
12911761;Soltero;M;47;CHILENO;AGRONOMO;X;PROVIDENCIA                   ;METROPOLITANA;0;0;0;0;0;0;0;0;0;COLCHON ORTOPEDIC ADVANCE 2P ALM;DORMITORIO
19250547;Soltero;F;25;CHILENO;;Z;PROVIDENCIA                   ;METROPOLITANA;0;0;0;0;0;0;0;0;0;CLOSET 6P 2C JERSEY;DORMITORIO
13083792;;F;46;CHILENO;;X;PROVIDENCIA                   ;METROPOLITANA;0;0;0;0;0;0;0;0;0;CAMA EUROPEA CANNABIS 2PBD + RESP + VEL CASTILLA;DORMITORIO
11334697;;F;54;CHILENO;;X;SAN JAVIER                    ;MAULE;0;0;0;0;0;0;0;0;0;CLOSET CIPRES MODELO AM103D, COLOR DEMOLICION, 1;DORMITORIO
15192507;;F;39;CHILENO;;X;CORONEL                       ;BIO BIO;0;0;0;0;0;0;0;0;0;CE NEW STYLE 6 2P 2MT BD+RESP+2VEL FERRARA;DORMITORIO
9881606;Casado;M;57;CHILENO;;Boomers;PUNTA ARENAS                  ;MAGALLANES;0;0;0;0;0;0;0;0;0;BA EXCELLENCE PLUS 2P BD +RESP+VEL OLMO;DORMITORIO
13701180;;F;43;CHILENO;;X;PROVIDENCIA                   ;METROPOLITANA;0;0;0;0;0;0;0;0;0;Almohada Cooling 65x48 cm;DORMITORIO
16747193;;F;34;CHILENO;;Millenial;"";"";0;0;0;0;0;0;0;0;0;COLCHON EXCELLENCE 2 PLAZAS + CUBRECOLCHON;DORMITORIO
17702637;Soltero;M;31;CHILENO;INGENIERO COMERCIAL;Millenial;PROVIDENCIA                   ;METROPOLITANA;0;0;0;0;0;0;0;0;0;ESCRITORIO JACK CAFE;DORMITORIO
26049462;;M;38;VENEZOLANO;;Extranjero;N/D;N/D;0;0;0;0;0;0;0;0;0;CLOSET NIZA 6P+2C;DORMITORIO
17205236;;M;32;CHILENO;;Millenial;PROVIDENCIA                   ;METROPOLITANA;0;0;0;0;0;0;0;0;0;BA BEAT 2P 2MTS BN;DORMITORIO
12140852;Casado;M;45;CHILENO;;X;RENCA                         ;METROPOLITANA;0;0;0;0;0;0;0;0;0;COLCHON BAMBOO 1P FIBRAS BAMBOO;DORMITORIO
14056319;;M;41;CHILENO;;X;PROVIDENCIA                   ;METROPOLITANA;0;0;0;0;0;0;0;0;0;COLCHON BEAT 1P;DORMITORIO
13458885;;F;43;CHILENO;;X;PROVIDENCIA                   ;METROPOLITANA;0;0;0;0;0;0;0;0;0;CLOSET MARITTIMA 6P+2C;DORMITORIO
19711334;;F;24;CHILENO;;Z;PROVIDENCIA                   ;METROPOLITANA;0;0;0;0;0;0;0;0;0;CLOSET CROACIA BLANCO 4P;DORMITORIO
18068764;Soltero;F;30;CHILENO;;Millenial;PROVIDENCIA                   ;METROPOLITANA;0;0;0;0;0;0;0;0;0;CLOSET MAULE 4 PTA CORREDERA 8 CJ CEREZO;DORMITORIO
13863490;Casado;M;42;CHILENO;INGENIERO MECANICO;X;PROVIDENCIA                   ;METROPOLITANA;0;0;0;0;0;0;0;0;0;CE ART 4 1.80X2.00 ISSEY GRAFITO KING;DORMITORIO
8307546;;F;65;CHILENO;;Boomers;SANTIAGO                      ;METROPOLITANA;0;0;0;0;0;0;0;0;0;COLCHON EXCELLENCE 1.5 PLAZA + CUBRECOLCHON;DORMITORIO
17016955;Soltero;M;33;CHILENO;PERIODISTA;Millenial;PROVIDENCIA                   ;METROPOLITANA;0;0;0;0;0;0;0;0;0;CAMAROTE TRIPLE CORINA CAFE OSCURO;DORMITORIO
19514357;Soltero;F;25;CHILENO;;Z;PROVIDENCIA                   ;METROPOLITANA;0;0;0;0;0;0;0;0;0;Pack Veladores Italia Cedro/Pinus;DORMITORIO
6246751;;F;67;CHILENO;;Boomers;PROVIDENCIA                   ;METROPOLITANA;0;0;0;0;0;0;0;0;0;COLCHON EXCELLENCE PLUS 2P;DORMITORIO
16281579;;M;36;CHILENO;;Millenial;PUENTE ALTO                   ;METROPOLITANA;0;0;0;0;0;0;0;0;0;COLCHON BAMBOO 2P FIBRAS BAMBOO;DORMITORIO
9503226;;F;59;CHILENO;;Boomers;PROVIDENCIA                   ;METROPOLITANA;0;0;0;0;0;0;0;0;0;ALMOHADA SOFT MICROGEL;DORMITORIO
13611043;;F;43;CHILENO;;X;RENCA                         ;METROPOLITANA;0;0;0;0;0;0;0;0;0;CE EVOLUTION BLACK 1,5P + RESPALDO CASTILLA;DORMITORIO
11839594;;M;50;CHILENO;;X;RENCA                         ;METROPOLITANA;0;0;0;0;0;0;0;0;0;PACK 2 ALMOHADAS 100% PLUMA 50 X 70 CM;DORMITORIO
15283035;;F;37;CHILENO;;Silencioso;PROVIDENCIA                   ;METROPOLITANA;0;0;0;0;0;0;0;0;0;CAMAROTE TRIPLE CORINA CAFE OSCURO;DORMITORIO
8619425;;M;64;CHILENO;;Boomers;SAN ANTONIO                   ;VALPARAISO;0;0;0;0;0;0;0;0;0;COLCHON TERAPEUTIC 2P PILLOW TOP;DORMITORIO
12522678;;M;49;CHILENO;;X;TALCA                         ;MAULE;0;0;0;0;0;0;0;0;0;Closet TRANCURA 6PT 2CJ 156 CM CHOCOLATE;DORMITORIO
18914460;;F;28;CHILENO;;Millenial;N/D;N/D;0;0;0;0;0;0;0;0;0;ALMOHADA COOL GEL TECH SERIES 60X40 CM;DORMITORIO
7263585;;F;75;CHILENO;;Silencioso;PROVIDENCIA                   ;METROPOLITANA;0;0;0;0;0;0;0;0;0;PACK 2 ALMOHADAS C+L;DORMITORIO
12969508;;F;46;CHILENO;;X;CHILLAN                       ;BIO BIO;0;0;0;0;0;0;0;0;0;COLCHON ART 4 2P 150X200;DORMITORIO
19700847;;F;24;CHILENO;;Z;PROVIDENCIA                   ;METROPOLITANA;0;0;0;0;0;0;0;0;0;COMODA ALTAIR WALNUT;DORMITORIO
19295516;Soltero;F;28;CHILENO;;Millenial;PROVIDENCIA                   ;METROPOLITANA;0;0;0;0;0;0;0;0;0;BOX AMERICANO EXCELLENCE PLUS 1.5 PLAZA+ ALM;DORMITORIO
25745233;Soltero;F;28;VENEZOLANO;;Extranjero;OVALLE                        ;COQUIMBO;0;0;0;0;0;0;0;0;0;COMODA 4CJNS LEGNO;DORMITORIO
10312775;Divorciado;F;51;CHILENO;;X;PROVIDENCIA                   ;METROPOLITANA;0;0;0;0;0;0;0;0;0;ALMOHADA SOFT MICROGEL;DORMITORIO
15089236;;M;39;CHILENO;;X;SAN PEDRO                     ;METROPOLITANA;0;0;0;0;0;0;0;0;0;Cama Tempo King + Resp + 2 Vel Grafito;DORMITORIO
20367090;;F;22;CHILENO;;Z;PROVIDENCIA                   ;METROPOLITANA;0;0;0;0;0;0;0;0;0;COLCHON BEAT 2P;DORMITORIO
20363858;;F;21;CHILENO;;Z;PROVIDENCIA                   ;METROPOLITANA;0;0;0;0;0;0;0;0;0;CE EVOLUTION BLACK 2P BD DUAL SIDE;DORMITORIO
10675359;;F;54;CHILENO;;Boomers;SAN FERNANDO                  ;L.G.B.OÂ´HIGGINS;0;0;0;0;0;0;0;0;0;BOX AMERICANO MIRAGE 2PBN;DORMITORIO
16944031;Soltero;F;32;CHILENO;INGENIERO EN MARKETING;Millenial;RENCA                         ;METROPOLITANA;0;0;0;0;0;0;0;0;0;CE EVOLUTION BLACK 1,5P BN DUAL SIDE;DORMITORIO
9383408;;F;61;CHILENO;;Boomers;MAIPU                         ;METROPOLITANA;0;0;0;0;0;0;0;0;0;CE EVOLUTION BLACK 1,5P BN RESP+VEL;DORMITORIO
8842793;;M;62;CHILENO;;Boomers;RENCA                         ;METROPOLITANA;0;0;0;0;0;0;0;0;0;CAMA NIDO EVOLUTION BLACK 1,5P;DORMITORIO
12629151;;F;48;CHILENO;;X;PROVIDENCIA                   ;METROPOLITANA;0;0;0;0;0;0;0;0;0;CLOSET NIZA 6P+2C;DORMITORIO
15559236;;F;38;CHILENO;;X;RENCA                         ;METROPOLITANA;0;0;0;0;0;0;0;0;0;CE BAMBOO 2P BD FIBRAS BAMBOO DUAL SIDE;DORMITORIO
19140182;Soltero;M;26;CHILENO;;Z;PROVIDENCIA                   ;METROPOLITANA;0;0;0;0;0;0;0;0;0;DIVAN CAMA ERGO T 1,5P 2 MTS;DORMITORIO
12823146;;M;47;CHILENO;;X;PROVIDENCIA                   ;METROPOLITANA;0;0;0;0;0;0;0;0;0;CAMA NEW STYLE 2 KING BD;DORMITORIO
18751270;;M;28;CHILENO;;Millenial;SAN FERNANDO                  ;L.G.B.OÂ´HIGGINS;0;0;0;0;0;0;0;0;0;COLCHON TERAPEUTIC 2P PILLOW TOP;DORMITORIO
15908652;;F;37;CHILENO;;Millenial;RENCA                         ;METROPOLITANA;0;0;0;0;0;0;0;0;0;COMODA POLUX 8CJNS WENGUE;DORMITORIO
13870685;;F;41;CHILENO;;X;"";"";0;0;0;0;0;0;0;0;0;CE ERGO T 2P 2MT BD;DORMITORIO
7561045;;F;66;CHILENO;;Boomers;PROVIDENCIA                   ;METROPOLITANA;0;0;0;0;0;0;0;0;0;ALMOHADA SOFT MICROGEL;DORMITORIO
16742295;Casado;M;34;CHILENO;MEDICO CIRUJANO;Millenial;PROVIDENCIA                   ;METROPOLITANA;0;0;0;0;0;0;0;0;0;CAMAROTE TRIPLE CORINA CAFE OSCURO;DORMITORIO
7661750;;F;60;CHILENO;;Boomers;PROVIDENCIA                   ;METROPOLITANA;0;0;0;0;0;0;0;0;0;ALMOHADA MEMORY MAX BASIC AMERICANA;DORMITORIO
13192262;;M;45;CHILENO;;X;RENCA                         ;METROPOLITANA;0;0;0;0;0;0;0;0;0;ALMOHADA ROSEN SOFT PLUS KING;DORMITORIO
8262687;;F;66;CHILENO;;Boomers;RANCAGUA                      ;L.G.B.OÂ´HIGGINS;0;0;0;0;0;0;0;0;0;COLCHON EVOLUTION BLACK 1P DUAL SIDE;DORMITORIO
7631566;;F;64;CHILENO;;Boomers;LA SERENA                     ;COQUIMBO;0;0;0;0;0;0;0;0;0;PACK 2 ALMOHADAS C+L;DORMITORIO
10252631;Casado;M;54;CHILENO;;X;PROVIDENCIA                   ;METROPOLITANA;0;0;0;0;0;0;0;0;0;BOX AMERICANO EXCELLENCE 1.5 PLAZAS;DORMITORIO
17616480;Soltero;M;30;CHILENO;;Millenial;PROVIDENCIA                   ;METROPOLITANA;0;0;0;0;0;0;0;0;0;Cama Tempo 2PBD;DORMITORIO
8359015;;F;57;CHILENO;;Boomers;RENCA                         ;METROPOLITANA;0;0;0;0;0;0;0;0;0;COLCHON BEAT 1,5P;DORMITORIO
17259286;;M;32;CHILENO;;Millenial;SAN FERNANDO                  ;L.G.B.OÂ´HIGGINS;0;0;0;0;0;0;0;0;0;CLOSET M-803 3P 2C ALTO 1,82 BLANCO NATURAL;DORMITORIO
18702555;Soltero;F;28;CHILENO;;Millenial;PROVIDENCIA                   ;METROPOLITANA;0;0;0;0;0;0;0;0;0;Cama Europea Bamboo BD + Almohada Viscolastica C;DORMITORIO
17596119;;M;32;CHILENO;;Millenial;PROVIDENCIA                   ;METROPOLITANA;0;0;0;0;0;0;0;0;0;CAMA EUROPEA BAMBOO 1,5P;DORMITORIO
19002253;Soltero;M;27;CHILENO;PSICOLOGO;Millenial;PROVIDENCIA                   ;METROPOLITANA;0;0;0;0;0;0;0;0;0;CE EVOLUTION BLACK 2P BD DUAL SIDE;DORMITORIO
16619333;;F;34;CHILENO;;Millenial;SANTIAGO                      ;METROPOLITANA;0;0;0;0;0;0;0;0;0;ALMOHADA BAMBOO TECH SERIES 65X45 CM;DORMITORIO
9506729;;F;58;CHILENO;;Boomers;SAN FELIPE                    ;VALPARAISO;0;0;0;0;0;0;0;0;0;CAMA EUROPEA EXCELLENCE 2 PLAZAS BASE NORMAL;DORMITORIO
9471543;;F;59;CHILENO;;Boomers;MACUL                         ;METROPOLITANA;0;0;0;0;0;0;0;0;0;CLOSET NIZA 6P+2C;DORMITORIO
18368239;;M;34;CHILENO;;Millenial;N/D;N/D;0;0;0;0;0;0;0;0;0;COLCHON MAXIMO COBRE 2P 2MTS;DORMITORIO
19113430;Soltero;F;26;CHILENO;FONOAUDIOLOGO;Extranjero;PROVIDENCIA                   ;METROPOLITANA;0;0;0;0;0;0;0;0;0;CE EVOLUTION BLACK 1,5P BN DUAL SIDE;DORMITORIO
17338480;Soltero;M;32;CHILENO;PUBLICISTA;Millenial;PROVIDENCIA                   ;METROPOLITANA;0;0;0;0;0;0;0;0;0;ESCRITORIO JACK BLANCO;DORMITORIO
16575415;;F;41;CHILENO;;X;N/D;N/D;0;0;0;0;0;0;0;0;0;CLOSET MARITTIMA 6P+2C;DORMITORIO
15588486;;M;38;CHILENO;;X;LAMPA                         ;METROPOLITANA;0;0;0;0;0;0;0;0;0;COLCHON NEW ENTREE 1P;DORMITORIO
10066169;Casado;M;51;CHILENO;INGENIERO CIVIL INFORMATICO;X;PROVIDENCIA                   ;METROPOLITANA;0;0;0;0;0;0;0;0;0;DIVAN CAMA ERGO T 1,5P 2 MTS;DORMITORIO
17890754;;M;30;CHILENO;;Millenial;N/D;N/D;0;0;0;0;0;0;0;0;0;CE EVOLUTION BLACK 2P BD+RESP+2 VEL;DORMITORIO
13219187;;F;45;CHILENO;;X;RENCA                         ;METROPOLITANA;0;0;0;0;0;0;0;0;0;COLCHON NEW STYLE 2 2P 150X200;DORMITORIO
12644210;;F;48;CHILENO;;X;RENCA                         ;METROPOLITANA;0;0;0;0;0;0;0;0;0;PACK ALMOHADA VISCO ELASTICA CANNABIS 60X40CM;DORMITORIO
14297630;;F;46;CHILENO;;X;CONCEPCION                    ;BIO BIO;0;0;0;0;0;0;0;0;0;BOX AMERICANO EXCELLENCE PLUS 2P BN;DORMITORIO
16925920;;F;33;CHILENO;;Millenial;N/D;N/D;0;0;0;0;0;0;0;0;0;CE EVOLUTION BLACK 1,5P + RESPALDO CASTILLA;DORMITORIO
13639462;;M;42;CHILENO;;X;LAS CONDES                    ;METROPOLITANA;0;0;0;0;0;0;0;0;0;COMODA 4C MONTE CAPUCCINO;DORMITORIO
14072727;;M;41;CHILENO;;X;PROVIDENCIA                   ;METROPOLITANA;0;0;0;0;0;0;0;0;0;BOX EUROPEO MAXIMO COBRE KING;DORMITORIO
7043389;;F;69;CHILENO;;Silencioso;MELIPILLA                     ;METROPOLITANA;0;0;0;0;0;0;0;0;0;CAMA EUROPEA GRIS THERAPEDIC 2PBD;DORMITORIO
15181201;;F;40;CHILENO;;X;TOME                          ;BIO BIO;0;0;0;0;0;0;0;0;0;TOCADOR FAVATEX EIBAR 5C 2P;DORMITORIO
18722811;;F;28;CHILENO;;Millenial;PERALILLO                     ;L.G.B.OÂ´HIGGINS;0;0;0;0;0;0;0;0;0;CE EVOLUTION BLACK 2P BD DUAL SIDE;DORMITORIO
9300569;;M;56;CHILENO;;Boomers;RENCA                         ;METROPOLITANA;0;0;0;0;0;0;0;0;0;Cama Europea Therapedic MAS 2PBD+ RESP +2 VEL Lo;DORMITORIO
10467564;;F;57;CHILENO;;Boomers;TALCAHUANO                    ;BIO BIO;0;0;0;0;0;0;0;0;0;COLCHON NEW STYLE 6 KING LONG;DORMITORIO
13806808;;F;42;CHILENO;;X;PROVIDENCIA                   ;METROPOLITANA;0;0;0;0;0;0;0;0;0;COLCHON BEAT 2P;DORMITORIO
13987270;Soltero;M;40;CHILENO;TECNICO INFORMATICO;X;PROVIDENCIA                   ;METROPOLITANA;0;0;0;0;0;0;0;0;0;CE EVOLUTION BLACK 1P + Vel + Resp ASTURIAS;DORMITORIO
15723352;Soltero;M;38;CHILENO;;Millenial;PROVIDENCIA                   ;METROPOLITANA;0;0;0;0;0;0;0;0;0;COMODA TARCILA M-300 4C;DORMITORIO
9292401;Viudo;F;60;CHILENO;;Boomers;RENCA                         ;METROPOLITANA;0;0;0;0;0;0;0;0;0;PACK 2 ALMOHADAS C+L;DORMITORIO
18179523;;F;29;CHILENO;;Millenial;LA SERENA                     ;COQUIMBO;0;0;0;0;0;0;0;0;0;PACK 2 ALMOHADAS C+L;DORMITORIO
14406575;;F;56;CHILENO;;Boomers;PUENTE ALTO                   ;METROPOLITANA;0;0;0;0;0;0;0;0;0;CE EVOLUTION BLACK 1,5P + RESPALDO CASTILLA;DORMITORIO
7689875;;M;62;CHILENO;;Boomers;RENCA                         ;METROPOLITANA;0;0;0;0;0;0;0;0;0;CLOSET NEWCAPRI M-330 AVELLANA/CARVALHO4P3C+ESPE;DORMITORIO
9664343;;F;57;CHILENO;;Boomers;PUENTE ALTO                   ;METROPOLITANA;0;0;0;0;0;0;0;0;0;DUPLEX CE EVOLUTION BLACK 1P + 2 RESP + VEL ASTU;DORMITORIO
18824143;;F;28;CHILENO;;Millenial;CALAMA                        ;ANTOFAGASTA;0;0;0;0;0;0;0;0;0;CAMA EUROPEA THERAPEDIC MAS KING;DORMITORIO
15706722;;M;39;CHILENO;;X;N/D;N/D;0;0;0;0;0;0;0;0;0;CE EVOLUTION BLACK 2P BD DUAL SIDE;DORMITORIO
13009987;;M;46;CHILENO;;X;PROVIDENCIA                   ;METROPOLITANA;0;0;0;0;0;0;0;0;0;CLOSET MAULE 4 PTA CORREDERA 8 CJ CEREZO;DORMITORIO
9967498;;M;58;CHILENO;;Boomers;PROVIDENCIA                   ;METROPOLITANA;0;0;0;0;0;0;0;0;0;COLCHON DANUBIO 1P COMPRIMIDO 90X190;DORMITORIO
9468128;;M;56;CHILENO;;Boomers;N/D;N/D;0;0;0;0;0;0;0;0;0;COLCHON NEW ORTOPEDIC 1,5P + ALM+CUBREC;DORMITORIO
9302606;;M;58;CHILENO;;Boomers;PROVIDENCIA                   ;METROPOLITANA;0;0;0;0;0;0;0;0;0;Closet PASCO 3 PUERTAS CEREZO;DORMITORIO
20304232;;F;22;CHILENO;;Z;PROVIDENCIA                   ;METROPOLITANA;0;0;0;0;0;0;0;0;0;CE EVEREST 2P 2MTS BN HILOS COBRE;DORMITORIO
17286088;;F;34;CHILENO;;Millenial;PROVIDENCIA                   ;METROPOLITANA;0;0;0;0;0;0;0;0;0;CLOSET M-701 6 PUERTAS 2 CAJONES ALTO 1,82 COLOR;DORMITORIO
14420796;;F;52;CHILENO;;X;VINA DEL MAR                  ;VALPARAISO;0;0;0;0;0;0;0;0;0;CE ERGO T 2P 2MT BD;DORMITORIO
26635076;Soltero;M;35;EXTRANJERO - NO INFORMA NACIONALIDAD;;Extranjero;PROVIDENCIA                   ;METROPOLITANA;0;0;0;0;0;0;0;0;0;CE ERGO T 2P 2MT BD;DORMITORIO
18401106;;M;29;CHILENO;;Millenial;PAINE                         ;METROPOLITANA;0;0;0;0;0;0;0;0;0;ALMOHADA ROSEN SOFT PLUS AMERICANA;DORMITORIO
12724165;;M;49;CHILENO;;X;N/D;N/D;0;0;0;0;0;0;0;0;0;DIVAN COLORS DREAMS MORADO 1,5P;DORMITORIO
12378852;;F;48;CHILENO;;X;CHILLAN                       ;BIO BIO;0;0;0;0;0;0;0;0;0;CLOSET CAJONERA NEW BELGICA M-398-NW;DORMITORIO
17011479;;F;33;CHILENO;;Millenial;RENCA                         ;METROPOLITANA;0;0;0;0;0;0;0;0;0;Cama Europea Cannabis 1.5 plazas + Sabanas Imper;DORMITORIO
5121200;;M;75;CHILENO;;Silencioso;PROVIDENCIA                   ;METROPOLITANA;0;0;0;0;0;0;0;0;0;BOX 1 1/2 P + RESP +1 VEL;DORMITORIO
11244416;;F;54;CHILENO;;X;PROVIDENCIA                   ;METROPOLITANA;0;0;0;0;0;0;0;0;0;PACK 2 ALMOHADAS C+L;DORMITORIO
13376413;;M;44;CHILENO;;X;TALCAHUANO                    ;BIO BIO;0;0;0;0;0;0;0;0;0;COLCHON INNOVA 2P;DORMITORIO
13879664;;F;42;CHILENO;;X;PROVIDENCIA                   ;METROPOLITANA;0;0;0;0;0;0;0;0;0;CE ERGO T 2P 2MT BD;DORMITORIO
12225044;;M;49;CHILENO;;X;COQUIMBO                      ;COQUIMBO;0;0;0;0;0;0;0;0;0;CLOSET NEWCAPRI M-330 AVELLANA/CARVALHO4P3C+ESPE;DORMITORIO
17181995;;F;33;CHILENO;;Millenial;LOS ANDES                     ;VALPARAISO;0;0;0;0;0;0;0;0;0;COLCHON EVOLUTION BLACK 1P DUAL SIDE;DORMITORIO
11660193;;M;51;CHILENO;;X;RENCA                         ;METROPOLITANA;0;0;0;0;0;0;0;0;0;COLCHON NEW ORTOPEDIC 2P;DORMITORIO
9477883;;M;59;CHILENO;;Boomers;PROVIDENCIA                   ;METROPOLITANA;0;0;0;0;0;0;0;0;0;CE EVOLUTION BLACK 1,5P + RESPALDO CASTILLA;DORMITORIO
15422733;;F;40;CHILENO;;X;RENCA                         ;METROPOLITANA;64990;1;1;0;0;0;1;1;64990;CONTROL PS4 Midnight Blue;VIDEO JUEGOS
13867816;;M;42;CHILENO;;X;MARIA ELENA                   ;ANTOFAGASTA;854840;7;2;0;0;0;7;2;854840;ACC CONTROL PS4 DUALSHOCK;VIDEO JUEGOS
15696129;;M;38;CHILENO;;Millenial;ARICA                         ;ARICA Y PARINACOTA;410960;4;2;0;0;0;4;2;410960;MINECRAFT STARTER COLLECTION REFRESH - LATAM PS4;VIDEO JUEGOS
16169864;Casado;M;37;CHILENO;;X;PENALOLEN                     ;METROPOLITANA;38980;2;1;2;1;38980;0;0;0;STAR WARS JEDI FALLEN ORDER PS5 - CHILE;VIDEO JUEGOS
17996064;;F;30;CHILENO;;Millenial;N/D;N/D;39990;2;1;2;1;39990;0;0;0;HORIZON FORBIDDEN WEST - LATAM PS4;VIDEO JUEGOS
18652901;Soltero;M;28;CHILENO;;Silencioso;PROVIDENCIA                   ;METROPOLITANA;76990;1;1;0;0;0;1;1;76990;PS5 PULSE 3D HEADSET;VIDEO JUEGOS
17033611;;F;34;CHILENO;;Millenial;N/D;N/D;1182690;6;4;0;0;0;6;4;1182690;Consola PlayStation 5 con Disco (Internacional);VIDEO JUEGOS
17738099;;F;31;CHILENO;;Millenial;N/D;N/D;679990;1;1;0;0;0;1;1;679990;Consola PlayStation 5 con Disco (Internacional);VIDEO JUEGOS
17205600;;F;33;CHILENO;;Millenial;ANTOFAGASTA                   ;ANTOFAGASTA;534970;3;1;0;0;0;3;1;534970;Consola PlayStation 4 500GB;VIDEO JUEGOS
16117540;Casado;M;36;CHILENO;CIRUJANO DENTISTA;Silencioso;PROVIDENCIA                   ;METROPOLITANA;683980;2;1;2;1;683980;0;0;0;Consola PlayStation 5 con Disco (Internacional);VIDEO JUEGOS
18621822;;M;27;CHILENO;;Millenial;"";"";103980;2;2;0;0;0;2;2;103980;Producto segunda seleccion Banda 5;VIDEO JUEGOS
17443891;;M;31;CHILENO;;Millenial;CURICO;MAULE;685980;2;1;2;1;685980;0;0;0;Consola PlayStation 5 con Disco;VIDEO JUEGOS
11381637;;M;53;CHILENO;;X;OVALLE                        ;COQUIMBO;174980;2;2;0;0;0;2;2;174980;CONTROL PS4 Midnight Blue;VIDEO JUEGOS
26597323;;M;39;EXTRANJERO - NO INFORMA NACIONALIDAD;;Extranjero;"";"";956770;12;6;11;5;908890;1;1;47880;PS5 PULSE 3D HEADSET;VIDEO JUEGOS
26885960;;M;34;EXTRANJERO - NO INFORMA NACIONALIDAD;;Extranjero;N/D;N/D;477950;5;3;4;2;367960;1;1;109990;PS5 DUALSENSE COSMIC RED LATAM;VIDEO JUEGOS
17684166;Soltero;F;31;CHILENO;;Silencioso;PROVIDENCIA                   ;METROPOLITANA;153980;2;2;2;2;153980;0;0;0;Juego SWITCH MARIO PARTY SUPERSTARS;VIDEO JUEGOS
18235173;;M;29;CHILENO;;Millenial;N/D;N/D;57990;1;1;1;1;57990;0;0;0;PS5 DUALSENSE MIDNIGHT BLACK LATAM;VIDEO JUEGOS
14238710;;F;49;CHILENO;;X;"";"";469990;1;1;0;0;0;1;1;469990;Consola PlayStation 4 500GB;VIDEO JUEGOS
20106527;;M;22;CHILENO;;Z;TEMUCO                        ;ARAUCANIA;646970;3;2;2;1;176980;1;1;469990;Consola PlayStation 4 500GB;VIDEO JUEGOS
6461239;;F;69;CHILENO;;Silencioso;N/D;N/D;2720820;19;9;0;0;0;19;9;2720820;Consola PlayStation 4 500GB;VIDEO JUEGOS
19227511;Soltero;M;26;CHILENO;;Z;PROVIDENCIA                   ;METROPOLITANA;433980;4;1;4;1;433980;0;0;0;CONSOLA PS4 HW 1TB FIFA 20 BNDL;VIDEO JUEGOS
14072284;;M;40;CHILENO;;Silencioso;PROVIDENCIA                   ;METROPOLITANA;1005840;2;1;2;1;1005840;0;0;0;Consola PlayStation 5 con Disco (Internacional);VIDEO JUEGOS
24124013;;F;34;COLOMBIANO;;Extranjero;N/D;N/D;379640;2;1;2;1;379640;0;0;0;HW SWITCH 1 1 NEON LT2 BUNDLE BLACK FRIDAY;VIDEO JUEGOS
17793308;;F;30;CHILENO;;Millenial;PROVIDENCIA                   ;METROPOLITANA;55980;2;1;2;1;55980;0;0;0;JGO FIFA 22 ROLA PS4;VIDEO JUEGOS
10737814;;M;53;CHILENO;;X;PROVIDENCIA                   ;METROPOLITANA;899990;1;1;0;0;0;1;1;899990;Consola PlayStation 5 con Disco (Internacional);VIDEO JUEGOS
16537627;Casado;M;35;CHILENO;INGENIERO EN MAQUINARIA;Millenial;LINARES                       ;MAULE;1009970;3;1;0;0;0;3;1;1009970;Consola PlayStation 5 con Disco (Internacional);VIDEO JUEGOS
16391013;;M;36;CHILENO;;Millenial;PROVIDENCIA                   ;METROPOLITANA;413970;3;2;3;2;413970;0;0;0;HW SWITCH 1 1 NEON LT2 BUNDLE BLACK FRIDAY;VIDEO JUEGOS
16252439;;M;36;CHILENO;;Millenial;PROVIDENCIA                   ;METROPOLITANA;999990;1;1;1;1;999990;0;0;0;Consola PlayStation 5 con Disco (Internacional);VIDEO JUEGOS
17828158;;F;31;CHILENO;;Silencioso;PROVIDENCIA                   ;METROPOLITANA;492970;3;2;3;2;492970;0;0;0;CRASH BANDICOOT 4 ITS ABOUT TIME - LATAM XBONE;VIDEO JUEGOS
17857338;;M;31;CHILENO;;Millenial;NATALES                       ;MAGALLANES;24990;1;3;0;0;0;1;3;24990;JUEGO CYBERPUNK 2077 - LATAM PS4;VIDEO JUEGOS
15932378;;M;36;CHILENO;;Silencioso;PROVIDENCIA                   ;METROPOLITANA;703980;2;1;2;1;703980;0;0;0;Consola PlayStation 5 con Disco;VIDEO JUEGOS
9618805;Casado;F;59;CHILENO;;Boomers;RENCA                         ;METROPOLITANA;59980;2;1;2;1;59980;0;0;0;Juego Switch Ring Fit Adventure;VIDEO JUEGOS
16805521;;M;34;CHILENO;;Millenial;VALDIVIA                      ;LOS RIOS;29990;1;1;0;0;0;1;1;29990;ACC ENWIRED CONTROLLER SUPER;VIDEO JUEGOS
27054216;;F;43;VENEZOLANO;;Extranjero;ARAUCO                        ;BIO BIO;0;0;0;0;0;0;0;0;0;CONSOLA SWITCH LT2 NEON;VIDEO JUEGOS
15505379;;F;39;CHILENO;;X;N/D;N/D;0;0;0;0;0;0;0;0;0;PS4 HW 1TB MEGA 18 - R C, GOT, GOW BNDL;VIDEO JUEGOS
15813289;;F;37;CHILENO;;Millenial;N/D;N/D;0;0;0;0;0;0;0;0;0;Consola PlayStation 5 con Disco;VIDEO JUEGOS
17613046;Casado;M;31;CHILENO;;Millenial;PROVIDENCIA                   ;METROPOLITANA;0;0;0;0;0;0;0;0;0;Consola Xbox Series S 512GB;VIDEO JUEGOS
14900289;;M;40;CHILENO;;X;LINARES                       ;MAULE;0;0;0;0;0;0;0;0;0;ACC ENWIRED CONTROLLER SUPER;VIDEO JUEGOS
15348790;;M;40;CHILENO;;Millenial;SANTA CRUZ                    ;L.G.B.OÂ´HIGGINS;0;0;0;0;0;0;0;0;0;CONSOLA SWITCH LT2 NEON;VIDEO JUEGOS
17454948;;M;32;CHILENO;;Millenial;N/D;N/D;0;0;0;0;0;0;0;0;0;PS4 HW 1TB MEGA 18 - R C, GOT, GOW BNDL;VIDEO JUEGOS
17188532;;F;33;CHILENO;;Silencioso;PROVIDENCIA                   ;METROPOLITANA;0;0;0;0;0;0;0;0;0;ACC SWITCH JOY CON L R PG PINK GREEN;VIDEO JUEGOS
18096222;;F;30;CHILENO;;Millenial;CERRO NAVIA                   ;METROPOLITANA;0;0;0;0;0;0;0;0;0;JUEGO SWITCH Super Mario Maker 2;VIDEO JUEGOS
25400933;;M;32;CHILENO;;Millenial;MACUL                         ;METROPOLITANA;0;0;0;0;0;0;0;0;0;Consola PlayStation 5 con Disco;VIDEO JUEGOS
16684978;Soltero;F;35;CHILENO;;Millenial;PROVIDENCIA                   ;METROPOLITANA;0;0;0;0;0;0;0;0;0;JUEGO PS4 Gran Turismo Sport;VIDEO JUEGOS
17038584;;F;33;CHILENO;;Silencioso;PROVIDENCIA                   ;METROPOLITANA;0;0;0;0;0;0;0;0;0;CONTROL PS4 CAMOUFLAGE;VIDEO JUEGOS
14016991;;F;41;CHILENO;;X;RENCA                         ;METROPOLITANA;0;0;0;0;0;0;0;0;0;Consola Xbox Series S 512GB;VIDEO JUEGOS
18909182;;F;41;CHILENO;;Silencioso;PROVIDENCIA                   ;METROPOLITANA;0;0;0;0;0;0;0;0;0;Consola Xbox Series S 512GB;VIDEO JUEGOS
11180361;;F;54;CHILENO;;Boomers;ALTO HOSPICIO;TARAPACA;0;0;0;0;0;0;0;0;0;CONSOLA SWITCH LT2 NEON;VIDEO JUEGOS
20332684;;M;23;CHILENO;;Z;PROVIDENCIA                   ;METROPOLITANA;0;0;0;0;0;0;0;0;0;Consola Xbox Series S 512GB;VIDEO JUEGOS
17627914;;M;32;CHILENO;;Millenial;N/D;N/D;0;0;0;0;0;0;0;0;0;CONSOLA PS4 HW 1TB MEGA 16 - R6, HZD UCC;VIDEO JUEGOS
15018521;;M;42;CHILENO;;X;PROVIDENCIA                   ;METROPOLITANA;0;0;0;0;0;0;0;0;0;PS5 CHARGING STATION;VIDEO JUEGOS
18780747;Soltero;F;27;CHILENO;;Silencioso;PROVIDENCIA                   ;METROPOLITANA;0;0;0;0;0;0;0;0;0;CONSOLA NINTENDO SWITCH + ANIMAL CROSSING;VIDEO JUEGOS
11510628;;M;52;CHILENO;;X;PROVIDENCIA                   ;METROPOLITANA;0;0;0;0;0;0;0;0;0;CONSOLA PS4 HW 1TB MEGA 13 - GTAVPE, DS GOW;VIDEO JUEGOS
15498218;Soltero;M;40;CHILENO;;Silencioso;PROVIDENCIA                   ;METROPOLITANA;0;0;0;0;0;0;0;0;0;PS4 HW 1TB MEGA 15 - SPDMN GOTY, R C, HZDCE BNDL;VIDEO JUEGOS
13055778;;M;46;CHILENO;;X;PROVIDENCIA                   ;METROPOLITANA;0;0;0;0;0;0;0;0;0;Consola Series X;VIDEO JUEGOS
13867284;;M;42;CHILENO;;Silencioso;PROVIDENCIA                   ;METROPOLITANA;0;0;0;0;0;0;0;0;0;Consola Series X;VIDEO JUEGOS
19240569;;M;26;CHILENO;;Z;MACUL                         ;METROPOLITANA;0;0;0;0;0;0;0;0;0;Control inalambrico Xbox + cable USB-C Negro;VIDEO JUEGOS
14348545;Soltero;M;43;CHILENO;;X;RENCA                         ;METROPOLITANA;0;0;0;0;0;0;0;0;0;Control inalambrico Xbox + cable USB-C Negro;VIDEO JUEGOS
5632388;;M;74;CHILENO;;Silencioso;PUTAENDO                      ;VALPARAISO;0;0;0;0;0;0;0;0;0;CONSOLA PS4 1TB MEGA 6 3 Juegos 3M PS Plus;VIDEO JUEGOS
9341264;;M;58;CHILENO;;Boomers;LICANTEN                      ;MAULE;0;0;0;0;0;0;0;0;0;PS4 SLIM 1TB MEGAPACK HIT 13;VIDEO JUEGOS
16884429;;F;33;CHILENO;;Millenial;RANCAGUA                      ;L.G.B.OÂ´HIGGINS;0;0;0;0;0;0;0;0;0;PS4 SLIM 1TB MEGAPACK HIT 13;VIDEO JUEGOS
17921352;;F;31;CHILENO;;Millenial;LA PINTANA                    ;METROPOLITANA;0;0;0;0;0;0;0;0;0;JUEGO FIFA 21 PS4;VIDEO JUEGOS
5433780;;F;77;CHILENO;;Silencioso;EL BOSQUE                     ;METROPOLITANA;0;0;0;0;0;0;0;0;0;PS4 SLIM 1TB MEGAPACK HIT 13;VIDEO JUEGOS
20447398;;M;22;CHILENO;;Z;PROVIDENCIA                   ;METROPOLITANA;0;0;0;0;0;0;0;0;0;JUEGO SWITCH Zelda: Breath of the Wild;VIDEO JUEGOS
16454325;;M;35;CHILENO;;Millenial;TALCA                         ;MAULE;0;0;0;0;0;0;0;0;0;CONSOLA PS4 FIFA 2021 BUNDLE;VIDEO JUEGOS
18793708;;F;28;CHILENO;;Millenial;"";"";0;0;0;0;0;0;0;0;0;PS4 SLIM 1TB MEGAPACK HIT 13;VIDEO JUEGOS
18166014;;M;30;CHILENO;;Millenial;PROVIDENCIA                   ;METROPOLITANA;0;0;0;0;0;0;0;0;0;ACC NSW ENWIRED CONTROLLER MARIO;VIDEO JUEGOS
17001577;;M;34;CHILENO;;Millenial;PUENTE ALTO                   ;METROPOLITANA;0;0;0;0;0;0;0;0;0;JUEGO FIFA 21 PS4;VIDEO JUEGOS
17271037;;M;32;CHILENO;;Millenial;PROVIDENCIA                   ;METROPOLITANA;0;0;0;0;0;0;0;0;0;JUEGO GHOST OF TSUSHIMA - LATAM PS4;VIDEO JUEGOS
12787121;;F;46;CHILENO;;X;"";"";0;0;0;0;0;0;0;0;0;CONSOLA SWITCH LT2 NEON;VIDEO JUEGOS
17615466;Soltero;M;31;CHILENO;MEDICO CIRUJANO;Millenial;PROVIDENCIA                   ;METROPOLITANA;0;0;0;0;0;0;0;0;0;Consola Xbox Series S 512GB;VIDEO JUEGOS
18593576;Soltero;M;28;CHILENO;INGENIERO INFORMATICO;Millenial;PROVIDENCIA                   ;METROPOLITANA;0;0;0;0;0;0;0;0;0;Control Inalambrico Robot White;VIDEO JUEGOS
10635039;;F;52;CHILENO;;X;QUILICURA                     ;METROPOLITANA;0;0;2;0;0;0;0;2;0;Asistencia Programa Domiciliario;GARANTIAS
9641391;;F;61;CHILENO;;Boomers;VALDIVIA                      ;LOS LAGOS;537748;14;5;0;0;0;14;5;537748;Asistencia Salud Integral Familia;GARANTIAS
10367889;;M;52;CHILENO;;X;N/D;N/D;52990;1;1;0;0;0;1;1;52990;Asistencia Salud Integral Familia;GARANTIAS
5503659;;F;76;CHILENO;;Silencioso;COQUIMBO                      ;COQUIMBO;454411;7;4;0;0;0;7;4;454411;Asistencia Salud Integral Familia;GARANTIAS
19416308;;F;25;CHILENO;;Z;N/D;N/D;437450;5;3;2;1;187480;3;2;249970;Asistencia Salud Integral Familia;GARANTIAS
17797527;;F;31;CHILENO;;Millenial;ALTO HOSPICIO;TARAPACA;52990;1;1;0;0;0;1;1;52990;Asistencia Salud Integral Familia;GARANTIAS
8586297;;M;62;CHILENO;;Boomers;N/D;N/D;52990;1;1;0;0;0;1;1;52990;Asistencia Salud Integral Familia;GARANTIAS
9836579;;F;59;CHILENO;;Boomers;COQUIMBO                      ;COQUIMBO;686450;5;3;0;0;0;5;3;686450;Asistencia Salud Integral Familia;GARANTIAS
6057783;;M;71;CHILENO;;Silencioso;CAUQUENES                     ;MAULE;1061730;11;7;0;0;0;11;7;1061730;Asistencia Salud Integral Familia;GARANTIAS
26502992;;M;32;VENEZOLANO;;Extranjero;N/D;N/D;52990;1;1;0;0;0;1;1;52990;Asistencia Programa Domiciliario;GARANTIAS
11713916;;M;51;CHILENO;;X;PUERTO MONTT                  ;LOS LAGOS;303960;6;5;0;0;0;6;5;303960;Asistencia Salud Integral Familia;GARANTIAS
11228590;;M;54;CHILENO;;X;N/D;N/D;52990;1;1;0;0;0;1;1;52990;Asistencia Salud Integral Familia;GARANTIAS
6866196;;F;68;CHILENO;;Boomers;"";"";83472;3;2;0;0;0;3;2;83472;Asistencia Programa Domiciliario;GARANTIAS
8072740;;F;62;CHILENO;;Boomers;PUTAENDO                      ;VALPARAISO;344090;5;3;0;0;0;5;3;344090;Asistencia Programa Domiciliario;GARANTIAS
10186829;;M;57;CHILENO;;Boomers;CHILLAN                       ;BIO BIO;399460;4;3;0;0;0;4;3;399460;Asistencia Salud Integral Familia;GARANTIAS
6185763;;M;73;CHILENO;;Silencioso;MELIPILLA                     ;METROPOLITANA;434960;4;3;0;0;0;4;3;434960;Asistencia Salud Integral Familia;GARANTIAS
6046537;;F;74;CHILENO;;Silencioso;LA SERENA                     ;COQUIMBO;819760;15;11;0;0;0;15;11;819760;Asistencia Salud Integral Familia;GARANTIAS
9929305;;M;59;CHILENO;;Boomers;OVALLE                        ;COQUIMBO;1799912;9;6;0;0;0;9;6;1799912;Asistencia Salud Integral Familia;GARANTIAS
6821391;;F;73;CHILENO;;Silencioso;TOME                          ;BIO BIO;90980;2;1;0;0;0;2;1;90980;Asistencia Salud Integral Familia;GARANTIAS
7292109;;F;72;CHILENO;;Silencioso;CASTRO                        ;LOS LAGOS;105980;2;1;0;0;0;2;1;105980;Asistencia Programa Domiciliario;GARANTIAS
9924850;;F;58;CHILENO;;Boomers;ANGOL                         ;ARAUCANIA;132980;2;2;0;0;0;2;2;132980;Asistencia Salud Integral Familia;GARANTIAS
10806746;;M;54;CHILENO;;X;LA PINTANA                    ;METROPOLITANA;52990;1;1;0;0;0;1;1;52990;Asistencia Salud Integral Familia;GARANTIAS
10221419;;M;53;CHILENO;;X;NUNOA                         ;METROPOLITANA;52990;1;1;0;0;0;1;1;52990;Asistencia Programa Domiciliario;GARANTIAS
6600906;;F;70;CHILENO;;Silencioso;TENO                          ;MAULE;380940;8;5;0;0;0;8;5;380940;Asistencia Programa Domiciliario;GARANTIAS
16845493;;F;33;CHILENO;;Millenial;CONCEPCION;BIO-BIO;52990;1;1;0;0;0;1;1;52990;Asistencia Salud Integral Familia;GARANTIAS
15951632;;F;38;CHILENO;;Millenial;PARRAL                        ;MAULE;1036170;13;5;0;0;0;13;5;1036170;Asistencia Salud Integral Familia;GARANTIAS
13146718;;M;45;CHILENO;;X;CURANILAHUE                   ;BIO BIO;52990;1;1;0;0;0;1;1;52990;Asistencia Salud Integral Familia;GARANTIAS
11783610;;F;51;CHILENO;;X;LA SERENA                     ;COQUIMBO;1038220;13;9;0;0;0;13;9;1038220;Asistencia Programa Domiciliario;GARANTIAS
17419009;Soltero;F;32;CHILENO;;Millenial;SANTIAGO;METROPOLITANA;52990;1;1;0;0;0;1;1;52990;Asistencia Salud Integral Familia;GARANTIAS
9816196;;M;58;CHILENO;;Boomers;N/D;N/D;652960;4;3;0;0;0;4;3;652960;Asistencia Programa Domiciliario;GARANTIAS
13601446;;M;43;CHILENO;;X;N/D;N/D;438780;8;4;7;3;385790;1;1;52990;Asistencia Salud Integral Familia;GARANTIAS
9526847;;M;60;CHILENO;;Boomers;CAUQUENES                     ;MAULE;414760;9;5;0;0;0;9;5;414760;ASIST. FULL HOGAR Y AUTO INGRAL;GARANTIAS
16184477;;F;36;CHILENO;;Millenial;VALLENAR;ATACAMA;225970;3;3;0;0;0;3;3;225970;Asistencia Salud Integral Familia;GARANTIAS
23057003;;F;37;PERUANO;;Extranjero;CALAMA                        ;ANTOFAGASTA;827931;8;5;2;1;209980;6;4;617951;Asistencia Salud Integral Familia;GARANTIAS
8525397;;M;72;CHILENO;;Silencioso;N/D;N/D;105980;2;1;0;0;0;2;1;105980;Asistencia Salud Integral Familia;GARANTIAS
9026730;;M;61;CHILENO;;Boomers;OVALLE                        ;COQUIMBO;52990;1;1;0;0;0;1;1;52990;Asistencia Programa Domiciliario;GARANTIAS
19575347;;M;25;CHILENO;;Z;LINARES                       ;MAULE;93968;3;1;0;0;0;3;1;93968;Asistencia Salud Integral Familia;GARANTIAS
6485885;;F;68;CHILENO;;Silencioso;LINARES                       ;MAULE;521430;6;3;0;0;0;6;3;521430;Asistencia Salud Integral Familia;GARANTIAS
11506947;;F;51;CHILENO;;X;TALTAL                        ;ANTOFAGASTA;52990;1;1;0;0;0;1;1;52990;Asistencia Programa Domiciliario;GARANTIAS
7147391;;F;67;CHILENO;;Boomers;VINA DEL MAR                  ;VALPARAISO;513910;10;4;0;0;0;10;4;513910;Asistencia Programa Domiciliario;GARANTIAS
12578343;;F;47;CHILENO;;X;N/D;N/D;227940;6;5;2;1;126980;4;4;100960;Asistencia Salud Integral Familia;GARANTIAS
15055364;;F;39;CHILENO;;X;COQUIMBO                      ;COQUIMBO;260880;7;3;0;0;0;7;3;260880;Asistencia Salud Integral Familia;GARANTIAS
6325796;;M;71;CHILENO;;Silencioso;PAINE                         ;METROPOLITANA;52990;1;1;0;0;0;1;1;52990;Asistencia Salud Integral Familia;GARANTIAS
9230467;;F;62;CHILENO;;Boomers;CURANILAHUE                   ;BIO BIO;52990;1;1;0;0;0;1;1;52990;Asistencia Programa Domiciliario;GARANTIAS
26567480;;F;36;EXTRANJERO - NO INFORMA NACIONALIDAD;;Extranjero;N/D;N/D;60980;2;2;0;0;0;2;2;60980;Asistencia Salud Integral Familia;GARANTIAS
7082709;;M;69;CHILENO;;Silencioso;GORBEA                        ;ARAUCANIA;485940;6;2;0;0;0;6;2;485940;Asistencia Salud Integral Familia;GARANTIAS
6244085;;F;69;CHILENO;;Silencioso;MAIPU                         ;METROPOLITANA;3747790;22;13;0;0;0;22;13;3747790;Asistencia de Mascotas;GARANTIAS
25187385;Soltero;M;41;ARGENTINO;;Extranjero;"";"";52990;1;1;0;0;0;1;1;52990;Asistencia Programa Domiciliario;GARANTIAS
10124103;;F;58;CHILENO;;Boomers;PELARCO                       ;MAULE;1932650;18;9;0;0;0;18;9;1932650;Asistencia Salud Integral Familia;GARANTIAS
11776336;;F;51;CHILENO;;X;COIHUECO                      ;BIO BIO;52990;1;1;0;0;0;1;1;52990;Asistencia Salud Integral Familia;GARANTIAS
14298291;;M;47;CHILENO;;X;PROVIDENCIA                   ;METROPOLITANA;111520;6;1;0;0;0;6;1;111520;GM 1A X CTA SBI;GARANTIAS
14092210;;M;41;CHILENO;;X;CHILLAN                       ;BIO BIO;105980;2;2;0;0;0;2;2;105980;Asistencia Salud Integral Familia;GARANTIAS
8492143;;F;64;CHILENO;;Boomers;NOGALES                       ;VALPARAISO;418950;4;2;0;0;0;4;2;418950;Asistencia Salud Integral Familia;GARANTIAS
6264524;;F;73;CHILENO;;Silencioso;N/D;N/D;253970;3;2;2;1;200980;1;1;52990;Asistencia Salud Integral Familia;GARANTIAS
16982086;;M;35;CHILENO;;Millenial;LOS ANGELES                   ;BIO BIO;317970;3;2;0;0;0;3;2;317970;Asistencia Salud Integral Familia;GARANTIAS
11919315;;M;50;CHILENO;;X;LOS LAGOS                     ;LOS RIOS;105980;2;2;0;0;0;2;2;105980;Asistencia Salud Integral Familia;GARANTIAS
19532896;;M;25;CHILENO;;Z;PROVIDENCIA                   ;METROPOLITANA;52990;1;1;0;0;0;1;1;52990;Asistencia Salud Integral Familia;GARANTIAS
5138169;;M;81;CHILENO;;Silencioso;ANGOL                         ;ARAUCANIA;827950;5;5;0;0;0;5;5;827950;Asistencia Salud Integral Familia;GARANTIAS
18516511;;M;28;CHILENO;;Millenial;N/D;N/D;180850;4;4;0;0;0;4;4;180850;Asistencia Salud Integral Familia;GARANTIAS
6575906;;M;70;CHILENO;;Silencioso;VALDIVIA                      ;LOS LAGOS;1271260;7;6;0;0;0;7;6;1271260;GPL 2A X CTA SBI;GARANTIAS
5404686;;F;72;CHILENO;;Silencioso;SAN ESTEBAN                   ;VALPARAISO;52990;1;1;0;0;0;1;1;52990;Asistencia Salud Integral Familia;GARANTIAS
14515485;;F;49;CHILENO;;X;CONTULMO                      ;BIO BIO;773130;7;3;0;0;0;7;3;773130;Asistencia Salud Integral Familia;GARANTIAS
8184678;;F;66;CHILENO;;Boomers;PUENTE ALTO                   ;METROPOLITANA;707070;9;6;0;0;0;9;6;707070;Asistencia Salud Integral Familia;GARANTIAS
6564793;;M;70;CHILENO;;Silencioso;SAN BERNARDO                  ;METROPOLITANA;158970;3;3;0;0;0;3;3;158970;Asistencia Programa Domiciliario;GARANTIAS
6340106;;M;70;CHILENO;;Silencioso;CURICO                        ;MAULE;211960;4;2;0;0;0;4;2;211960;Asistencia Salud Integral Familia;GARANTIAS
11722577;;F;50;CHILENO;;X;COQUIMBO                      ;COQUIMBO;322980;2;2;0;0;0;2;2;322980;Asistencia Salud Integral Familia;GARANTIAS
12109448;;M;53;CHILENO;;X;"";"";52990;1;1;0;0;0;1;1;52990;Asistencia Salud Integral Familia;GARANTIAS
7258405;Casado;M;68;CHILENO;;Boomers;QUILLOTA                      ;VALPARAISO;16370;2;1;0;0;0;2;1;16370;GM 1A X CTA SBI;GARANTIAS
16086102;;M;36;CHILENO;;Millenial;"";"";0;0;2;0;0;0;0;2;0;Asistencia Salud Integral Familia;GARANTIAS
12117140;;F;49;CHILENO;;X;CALAMA                        ;ANTOFAGASTA;105980;2;2;0;0;0;2;2;105980;Asistencia Salud Integral Familia;GARANTIAS
11044358;;F;56;CHILENO;;Boomers;QUILPUE                       ;VALPARAISO;337940;6;5;0;0;0;6;5;337940;Asistencia Programa Domiciliario;GARANTIAS
5040546;;M;80;CHILENO;;Silencioso;TRAIGUEN                      ;ARAUCANIA;52990;1;1;0;0;0;1;1;52990;Asistencia Salud Integral Familia;GARANTIAS
23472986;;F;56;PERUANO;;Extranjero;N/D;N/D;756130;7;4;4;1;345950;3;3;410180;Asistencia Salud Integral Familia;GARANTIAS
18064209;;M;30;CHILENO;;Millenial;LO ESPEJO;METROPOLITANA;52990;1;1;0;0;0;1;1;52990;Asistencia Salud Integral Familia;GARANTIAS
13535267;;M;43;CHILENO;;X;OVALLE                        ;COQUIMBO;52990;1;1;0;0;0;1;1;52990;ASIST. FULL HOGAR Y AUTO INGRAL;GARANTIAS
16402220;;F;36;CHILENO;;Millenial;LLAILLAY                      ;VALPARAISO;52990;1;1;0;0;0;1;1;52990;Asistencia Salud Integral Familia;GARANTIAS
10311220;;F;57;CHILENO;;Boomers;VINA DEL MAR                  ;VALPARAISO;135960;4;2;0;0;0;4;2;135960;Asistencia Salud Integral Familia;GARANTIAS
13688536;;F;42;CHILENO;;Millenial;"";"";68130;3;2;0;0;0;3;2;68130;Asistencia Programa Domiciliario;GARANTIAS
13588933;;M;42;CHILENO;;X;"";"";68980;2;2;0;0;0;2;2;68980;Asistencia Salud Integral Familia;GARANTIAS
11715718;;F;51;CHILENO;;X;CALBUCO                       ;LOS LAGOS;1194997;16;8;0;2;0;16;6;1194997;Asistencia de Mascotas;GARANTIAS
26667732;;M;34;EXTRANJERO - NO INFORMA NACIONALIDAD;;Extranjero;N/D;N/D;52990;1;1;0;0;0;1;1;52990;Asistencia Programa Domiciliario;GARANTIAS
24416055;;F;35;BOLIVIANO;;Extranjero;IQUIQUE                       ;TARAPACA;372970;3;3;0;0;0;3;3;372970;Asistencia Salud Integral Familia;GARANTIAS
7132497;;M;66;CHILENO;;Boomers;COLBUN                        ;MAULE;627680;10;7;0;0;0;10;7;627680;Asistencia Programa Domiciliario;GARANTIAS
4500636;;F;83;CHILENO;;Silencioso;CHILLAN                       ;BIO BIO;81980;2;2;0;0;0;2;2;81980;Asistencia Salud Integral Familia;GARANTIAS
16299234;;F;36;CHILENO;;Millenial;N/D;N/D;45041;1;1;0;0;0;1;1;45041;Asistencia Salud Integral Familia;GARANTIAS
11291232;;M;54;CHILENO;;X;HUALQUI                       ;BIO BIO;317940;6;2;0;0;0;6;2;317940;Asistencia Salud Integral Familia;GARANTIAS
12762260;;F;47;CHILENO;;X;CONSTITUCION                  ;MAULE;740920;8;6;0;0;0;8;6;740920;Asistencia Programa Domiciliario;GARANTIAS
7854789;;M;64;CHILENO;;Boomers;VILLA ALEMANA                 ;VALPARAISO;52990;1;1;0;0;0;1;1;52990;Asistencia Salud Integral Familia;GARANTIAS
8621136;;M;63;CHILENO;;Boomers;NUEVA IMPERIAL                ;ARAUCANIA;20410;3;1;0;0;0;3;1;20410;GM 1A X CTA SBI;GARANTIAS
3926299;;M;82;CHILENO;;Silencioso;VALDIVIA                      ;LOS RIOS;52990;1;1;0;0;0;1;1;52990;Asistencia Salud Integral Familia;GARANTIAS
9286402;;F;60;CHILENO;;Boomers;SAN VICENTE                   ;L.G.B.OÂ´HIGGINS;158970;3;5;0;0;0;3;5;158970;Asistencia Salud Integral Familia;GARANTIAS
5785347;;F;73;CHILENO;;Silencioso;ALHUE                         ;METROPOLITANA;75960;4;3;0;0;0;4;3;75960;ASIST. FULL HOGAR Y AUTO INGRAL;GARANTIAS
12890400;;F;47;CHILENO;;X;SANTIAGO                      ;METROPOLITANA;108210;5;2;0;0;0;5;2;108210;Asistencia Salud Integral Familia;GARANTIAS
8525721;;F;63;CHILENO;;Boomers;COQUIMBO                      ;COQUIMBO;105980;2;2;0;0;0;2;2;105980;Asistencia Programa Domiciliario;GARANTIAS
5582946;;F;74;CHILENO;;Silencioso;VALLENAR;ATACAMA;52990;1;1;0;0;0;1;1;52990;Asistencia Salud Integral Familia;GARANTIAS
8191648;;F;62;CHILENO;;Boomers;MAULLIN                       ;LOS LAGOS;52990;1;1;0;0;0;1;1;52990;Asistencia Programa Domiciliario;GARANTIAS
11555761;;M;52;CHILENO;;X;N/D;N/D;45041;1;1;0;0;0;1;1;45041;Asistencia Salud Integral Familia;GARANTIAS
10109384;;M;54;CHILENO;;Boomers;LAS CONDES                    ;METROPOLITANA;112860;3;3;0;0;0;3;3;112860;Asistencia Programa Domiciliario;GARANTIAS
23269388;;M;39;PERUANO;;Extranjero;N/D;N/D;45041;1;1;0;0;0;1;1;45041;Asistencia Programa Domiciliario;GARANTIAS
13098603;;F;45;CHILENO;;X;NANCAGUA                      ;L.G.B.OÂ´HIGGINS;52990;1;1;0;0;0;1;1;52990;Asistencia Salud Integral Familia;GARANTIAS
6916500;;M;68;CHILENO;;Silencioso;SAN FELIPE                    ;VALPARAISO;1002970;3;2;0;0;0;3;2;1002970;Asistencia Salud Integral Familia;GARANTIAS
26441876;;M;26;VENEZOLANO;;Extranjero;N/D;N/D;52990;1;1;0;0;0;1;1;52990;ASIST. FULL HOGAR Y AUTO INGRAL;GARANTIAS
5318719;;F;76;CHILENO;;Silencioso;"";"";52990;1;1;0;0;0;1;1;52990;Asistencia Programa Domiciliario;GARANTIAS
7072850;;F;67;CHILENO;;Boomers;EL TABO                       ;VALPARAISO;52990;1;1;0;0;0;1;1;52990;Asistencia Salud Integral Familia;GARANTIAS
6133721;;F;74;CHILENO;;Silencioso;N/D;N/D;82980;2;2;0;0;0;2;2;82980;Asistencia Programa Domiciliario;GARANTIAS
5692959;;M;74;CHILENO;;Silencioso;HUALPEN;BIO BIO;741570;9;6;0;0;0;9;6;741570;Asistencia Salud Integral Familia;GARANTIAS
9260410;;F;56;CHILENO;;Boomers;VICUNA                        ;COQUIMBO;105980;2;1;0;0;0;2;1;105980;Asistencia Salud Integral Familia;GARANTIAS
20432792;;M;22;CHILENO;;Z;"";"";52990;1;1;0;0;0;1;1;52990;Asistencia Salud Integral Familia;GARANTIAS
10481145;;F;58;CHILENO;;Boomers;FRUTILLAR                     ;LOS LAGOS;52990;1;1;0;0;0;1;1;52990;Asistencia Programa Domiciliario;GARANTIAS
14701556;;F;47;PERUANO;;Extranjero;RECOLETA                      ;METROPOLITANA;422940;6;3;0;0;0;6;3;422940;Asistencia Programa Domiciliario;GARANTIAS
5954506;;M;74;CHILENO;;Silencioso;ARICA                         ;ARICA Y PARINACOTA;393450;4;2;0;0;0;4;2;393450;Asistencia Salud Integral Familia;GARANTIAS
11207274;;M;54;CHILENO;;Boomers;"";"";62990;3;1;0;0;0;3;1;62990;Asistencia Salud Integral Familia;GARANTIAS
12656045;;F;48;CHILENO;;X;"";"";52990;1;1;0;0;0;1;1;52990;ASIST. FULL HOGAR Y AUTO INGRAL;GARANTIAS
20263019;;F;22;CHILENO;;Millenial;N/D;N/D;52990;1;1;0;0;0;1;1;52990;Asistencia Salud Integral Familia;GARANTIAS
6829230;;F;73;CHILENO;;Silencioso;MONTE PATRIA                  ;COQUIMBO;440510;8;5;0;0;0;8;5;440510;Asistencia Salud Integral Familia;GARANTIAS
16401955;;F;35;CHILENO;;Millenial;PAPUDO                        ;VALPARAISO;282970;4;2;0;0;0;4;2;282970;ASIST. FULL HOGAR Y AUTO INGRAL;GARANTIAS
8614830;;M;64;CHILENO;;Boomers;TALCA                         ;MAULE;1145280;11;6;0;0;0;11;6;1145280;Asistencia Salud Integral Familia;GARANTIAS
17295928;;M;33;CHILENO;;Millenial;N/D;N/D;52990;1;1;0;0;0;1;1;52990;Asistencia Salud Integral Familia;GARANTIAS
5759878;Soltero;F;75;CHILENO;;Silencioso;ANCUD                         ;LOS LAGOS;52990;3;1;0;0;0;3;1;52990;Asistencia Salud Integral Familia;GARANTIAS
11660395;;F;51;CHILENO;;X;N/D;N/D;970150;9;5;0;0;0;9;5;970150;Asistencia Salud Integral Familia;GARANTIAS
8075262;;M;66;CHILENO;;Boomers;FRUTILLAR                     ;LOS LAGOS;105980;2;2;0;0;0;2;2;105980;Asistencia Salud Integral Familia;GARANTIAS
20466254;;F;22;CHILENO;;Z;N/D;N/D;0;0;2;0;0;0;0;2;0;Asistencia Salud Integral Familia;GARANTIAS
6961143;;F;67;CHILENO;;Boomers;TEMUCO                        ;ARAUCANIA;389540;5;3;0;0;0;5;3;389540;Asistencia Salud Integral Familia;GARANTIAS
13045127;;F;46;CHILENO;;X;N/D;N/D;52990;1;1;0;0;0;1;1;52990;Asistencia Salud Integral Familia;GARANTIAS
7290056;;M;68;CHILENO;;Silencioso;QUILPUE                       ;VALPARAISO;45041;1;1;0;0;0;1;1;45041;Asistencia Salud Integral Familia;GARANTIAS
26819818;;M;36;EXTRANJERO - NO INFORMA NACIONALIDAD;;Extranjero;N/D;N/D;427880;10;7;8;3;401900;2;4;25980;GM 1A X CTA SBI;GARANTIAS
6587655;;M;70;CHILENO;;Silencioso;MELIPILLA                     ;METROPOLITANA;52990;1;1;0;0;0;1;1;52990;Asistencia Salud Integral Familia;GARANTIAS
14246853;;F;47;CHILENO;;X;MELIPILLA                     ;METROPOLITANA;929852;11;4;0;0;0;11;4;929852;GPL 1A X CTA SBI;GARANTIAS
5014311;;M;77;CHILENO;;Silencioso;CALAMA                        ;ANTOFAGASTA;52990;1;1;0;0;0;1;1;52990;Asistencia Salud Integral Familia;GARANTIAS
25884656;;M;53;EXTRANJERO - NO INFORMA NACIONALIDAD;;Extranjero;N/D;N/D;156960;4;2;0;0;0;4;2;156960;Asistencia Salud Integral Familia;GARANTIAS
10259217;;F;56;CHILENO;;Boomers;N/D;N/D;52990;1;1;0;0;0;1;1;52990;Asistencia Salud Integral Familia;GARANTIAS
10680648;;F;56;CHILENO;;Boomers;YERBAS BUENAS                 ;MAULE;330950;5;2;0;0;0;5;2;330950;Asistencia de Mascotas;GARANTIAS
14533903;;M;42;CHILENO;;X;VINA DEL MAR                  ;VALPARAISO;52990;1;1;0;0;0;1;1;52990;Asistencia Salud Integral Familia;GARANTIAS
10302557;;F;57;CHILENO;;Boomers;N/D;N/D;192980;2;2;0;0;0;2;2;192980;Asistencia Programa Domiciliario;GARANTIAS
7257030;;M;61;CHILENO;;Boomers;PROVIDENCIA                   ;METROPOLITANA;86980;3;1;0;0;0;3;1;86980;GPL 1A X CTA SBI;GARANTIAS
11067638;;F;55;CHILENO;;Boomers;COQUIMBO                      ;COQUIMBO;52990;1;1;0;0;0;1;1;52990;Asistencia Salud Integral Familia;GARANTIAS
7283257;;M;68;CHILENO;;Silencioso;PANGUIPULLI                   ;LOS RIOS;52990;1;1;0;0;0;1;1;52990;Asistencia Salud Integral Familia;GARANTIAS
6088409;;F;77;CHILENO;;Silencioso;PARRAL                        ;MAULE;199970;3;2;0;0;0;3;2;199970;Asistencia Salud Integral Familia;GARANTIAS
6324183;;F;70;CHILENO;;Silencioso;VALLENAR;ATACAMA;85031;2;2;0;0;0;2;2;85031;Asistencia Programa Domiciliario;GARANTIAS
19675608;;M;24;CHILENO;;Z;N/D;N/D;105980;2;2;0;0;0;2;2;105980;Asistencia Programa Domiciliario;GARANTIAS
26024919;;M;44;HAITIANO;;Extranjero;CONCEPCION                    ;BIO BIO;264950;5;3;0;0;0;5;3;264950;Asistencia Salud Integral Familia;GARANTIAS
12177456;;F;50;CHILENO;;X;TALAGANTE                     ;METROPOLITANA;86980;2;2;0;0;0;2;2;86980;Asistencia Programa Domiciliario;GARANTIAS
11854650;;F;51;CHILENO;;X;TEMUCO                        ;ARAUCANIA;1104940;6;4;0;0;0;6;4;1104940;Asistencia Programa Domiciliario;GARANTIAS
7230866;;F;74;CHILENO;;Silencioso;VILLARICA                     ;ARAUCANIA;140970;3;3;0;0;0;3;3;140970;Asistencia Salud Integral Familia;GARANTIAS
9744481;;F;57;CHILENO;;Boomers;N/D;N/D;100870;2;2;0;0;0;2;2;100870;Asistencia de Mascotas;GARANTIAS
9243430;;M;59;CHILENO;;Boomers;CABILDO                       ;VALPARAISO;406960;4;3;0;0;0;4;3;406960;Asistencia Salud Integral Familia;GARANTIAS
17164931;;F;32;CHILENO;;Millenial;"";"";52990;1;1;0;0;0;1;1;52990;Asistencia Salud Integral Familia;GARANTIAS
15973534;;F;37;CHILENO;;Millenial;N/D;N/D;52990;1;1;0;0;0;1;1;52990;Asistencia Salud Integral Familia;GARANTIAS
20305480;;M;22;CHILENO;;Z;"";"";52990;1;1;0;0;0;1;1;52990;Asistencia Programa Domiciliario;GARANTIAS
26280999;;M;36;VENEZOLANO;;Extranjero;PUERTO VARAS                  ;LOS LAGOS;252980;2;2;1;1;199990;1;1;52990;Asistencia Programa Domiciliario;GARANTIAS
13608256;;M;43;CHILENO;;X;"";"";-137990;-1;2;-2;1;-286980;1;1;148990;GPL 1A X CTA SBI;GARANTIAS
7853260;;F;69;CHILENO;;Silencioso;SAN JAVIER                    ;MAULE;206640;5;2;0;0;0;5;2;206640;Asistencia Salud Integral Familia;GARANTIAS
16090517;;F;36;CHILENO;;Millenial;N/D;N/D;52990;1;1;0;0;0;1;1;52990;ASIST. FULL HOGAR Y AUTO INGRAL;GARANTIAS
12145679;;M;72;CHILENO;;Silencioso;LINARES                       ;MAULE;388460;3;2;0;0;0;3;2;388460;Asistencia Programa Domiciliario;GARANTIAS
6539375;;F;68;CHILENO;;Silencioso;MELIPILLA                     ;METROPOLITANA;52990;1;1;0;0;0;1;1;52990;Asistencia Salud Integral Familia;GARANTIAS
26806273;;M;45;VENEZOLANO;;Extranjero;"";"";52990;1;1;0;0;0;1;1;52990;Asistencia Programa Domiciliario;GARANTIAS
11884305;;F;54;CHILENO;;X;SAN BERNARDO                  ;METROPOLITANA;52990;1;1;0;0;0;1;1;52990;Asistencia Programa Domiciliario;GARANTIAS
19294583;;F;26;CHILENO;;Z;N/D;N/D;52990;1;1;0;0;0;1;1;52990;Asistencia Salud Integral Familia;GARANTIAS
4969713;;M;77;CHILENO;;Silencioso;ANTOFAGASTA                   ;ANTOFAGASTA;348050;4;3;0;0;0;4;3;348050;Asistencia Programa Domiciliario;GARANTIAS
8373426;;F;67;CHILENO;;Boomers;NUNOA                         ;METROPOLITANA;315430;5;3;0;0;0;5;3;315430;ASIST. FULL HOGAR Y AUTO INGRAL;GARANTIAS
7331312;;F;66;CHILENO;;Boomers;LA SERENA                     ;COQUIMBO;100870;2;2;0;0;0;2;2;100870;Asistencia Programa Domiciliario;GARANTIAS
14365997;;F;46;CHILENO;;X;VILLARICA                     ;ARAUCANIA;362980;2;2;0;0;0;2;2;362980;Asistencia Salud Integral Familia;GARANTIAS
25462638;Soltero;M;37;HAITIANO;;Extranjero;SAN BERNARDO                  ;METROPOLITANA;52990;1;1;0;0;0;1;1;52990;Asistencia Programa Domiciliario;GARANTIAS
13116337;;F;46;CHILENO;;X;BUIN                          ;METROPOLITANA;52990;1;1;0;0;0;1;1;52990;Asistencia Salud Integral Familia;GARANTIAS
7907223;;F;63;CHILENO;;Boomers;ALHUE                         ;METROPOLITANA;52990;1;1;0;0;0;1;1;52990;Asistencia Salud Integral Familia;GARANTIAS
6090571;;M;72;CHILENO;;Silencioso;IQUIQUE                       ;TARAPACA;292960;5;4;0;0;0;5;4;292960;Asistencia Salud Integral Familia;GARANTIAS
19777464;;M;24;CHILENO;;Z;N/D;N/D;52990;1;3;0;2;0;1;1;52990;Asistencia Salud Integral Familia;GARANTIAS
13702515;;F;43;CHILENO;;X;CURACAVI                      ;METROPOLITANA;52990;1;1;0;0;0;1;1;52990;Asistencia Programa Domiciliario;GARANTIAS
10485833;;F;53;CHILENO;;X;LA LIGUA                      ;VALPARAISO;100980;2;2;0;0;0;2;2;100980;Asistencia Salud Integral Familia;GARANTIAS
6242805;;F;69;CHILENO;;Silencioso;EL BOSQUE                     ;METROPOLITANA;450960;4;3;0;0;0;4;3;450960;Asistencia Salud Integral Familia;GARANTIAS
18837513;;F;27;CHILENO;;Millenial;EL BOSQUE                     ;METROPOLITANA;52990;1;1;0;0;0;1;1;52990;Asistencia Programa Domiciliario;GARANTIAS
15257366;;F;40;CHILENO;;X;PADRE LAS CASAS               ;ARAUCANIA;52990;1;1;0;0;0;1;1;52990;Asistencia Programa Domiciliario;GARANTIAS
20265931;;F;22;CHILENO;;Z;N/D;N/D;-47880;-1;1;0;0;0;-1;1;-47880;ASIS. SALUD X CTA ASSISTIME;GARANTIAS
5413688;;F;79;CHILENO;;Silencioso;PENAFLOR                      ;METROPOLITANA;52990;1;1;0;0;0;1;1;52990;Asistencia Programa Domiciliario;GARANTIAS
12982704;;F;46;CHILENO;;X;CURANILAHUE                   ;BIO BIO;52990;1;1;0;0;0;1;1;52990;Asistencia Programa Domiciliario;GARANTIAS
7894285;;M;65;CHILENO;;Boomers;COIHUECO                      ;BIO BIO;52990;1;1;0;0;0;1;1;52990;Asistencia Salud Integral Familia;GARANTIAS
5543272;;M;69;CHILENO;;Millenial;"";"";52990;1;1;0;0;0;1;1;52990;Asistencia Programa Domiciliario;GARANTIAS
15004352;;M;39;CHILENO;;X;PROVIDENCIA                   ;METROPOLITANA;0;0;2;0;0;0;0;2;0;GPL 1A X CTA SBI;GARANTIAS
25966480;;F;41;EXTRANJERO - NO INFORMA NACIONALIDAD;;Extranjero;COLINA                        ;METROPOLITANA;52990;1;1;0;0;0;1;1;52990;Asistencia Salud Integral Familia;GARANTIAS
25410136;;F;40;COLOMBIANO;;Extranjero;ESTACION CENTRAL              ;METROPOLITANA;52990;1;1;0;0;0;1;1;52990;Asistencia Salud Integral Familia;GARANTIAS
6739099;;F;78;CHILENO;;Silencioso;N/D;N/D;52990;1;1;0;0;0;1;1;52990;Asistencia Programa Domiciliario;GARANTIAS
10693469;;M;53;CHILENO;;X;CHEPICA                       ;L.G.B.OÂ´HIGGINS;155970;3;2;0;0;0;3;2;155970;Asistencia Salud Integral Familia;GARANTIAS
8806670;;M;54;CHILENO;;Boomers;MOLINA;MAULE;52990;1;1;0;0;0;1;1;52990;Asistencia Salud Integral Familia;GARANTIAS
7467963;;M;67;CHILENO;;Boomers;PUDAHUEL                      ;METROPOLITANA;52990;1;1;0;0;0;1;1;52990;Asistencia Salud Integral Familia;GARANTIAS
6789299;;F;72;CHILENO;;Silencioso;RANCAGUA                      ;L.G.B.OÂ´HIGGINS;47880;1;1;0;0;0;1;1;47880;ASIS. SALUD X CTA ASSISTIME;GARANTIAS
20433780;;F;22;CHILENO;;Z;PROVIDENCIA                   ;METROPOLITANA;-34670;-2;1;0;0;0;-2;1;-34670;GM 1A X CTA SBI;GARANTIAS
5616032;;F;75;CHILENO;;Silencioso;COIHAIQUE                     ;AYSEN;59990;1;1;0;0;0;1;1;59990;Asistencia Salud Integral Familia;GARANTIAS
9758971;;M;57;CHILENO;;Boomers;SAN FERNANDO                  ;L.G.B.OÂ´HIGGINS;46770;3;1;0;0;0;3;1;46770;GPL 1A X CTA SBI;GARANTIAS
13046216;;M;45;CHILENO;;X;N/D;N/D;47880;1;1;0;0;0;1;1;47880;ASIS. SALUD X CTA ASSISTIME;GARANTIAS
12798848;;M;47;CHILENO;;X;MELIPILLA                     ;METROPOLITANA;52990;1;1;0;0;0;1;1;52990;Asistencia Salud Integral Familia;GARANTIAS
5790092;;F;73;CHILENO;;Silencioso;VINA DEL MAR                  ;VALPARAISO;52990;1;1;0;0;0;1;1;52990;Asistencia Salud Integral Familia;GARANTIAS
5001687;;F;76;CHILENO;;Silencioso;SAN RAMON                     ;METROPOLITANA;47880;1;1;0;0;0;1;1;47880;ASIS. SALUD X CTA ASSISTIME;GARANTIAS
25068784;;M;40;COLOMBIANO;;Extranjero;N/D;N/D;95760;2;1;0;0;0;2;1;95760;ASIS. SALUD X CTA ASSISTIME;GARANTIAS
24810738;;F;44;PERUANO;;Extranjero;N/D;N/D;47880;1;1;0;0;0;1;1;47880;ASIS. SALUD X CTA ASSISTIME;GARANTIAS
25190027;;M;30;COLOMBIANO;;Extranjero;N/D;N/D;47880;1;1;0;0;0;1;1;47880;ASIS. SALUD X CTA ASSISTIME;GARANTIAS
7431705;;F;69;CHILENO;;Silencioso;SAN JOSE DE MAIPO             ;METROPOLITANA;47880;1;1;0;0;0;1;1;47880;ASIS. SALUD X CTA ASSISTIME;GARANTIAS
15963980;;M;37;CHILENO;;Millenial;N/D;N/D;-224890;-2;2;0;0;0;-2;2;-224890;Asistencia Programa Domiciliario;GARANTIAS
15450388;;F;40;CHILENO;;X;PAINE                         ;METROPOLITANA;29490;1;1;0;0;0;1;1;29490;GPL 1A X CTA SBI;GARANTIAS
22655334;;M;37;PERUANO;;Extranjero;SAN ANTONIO                   ;VALPARAISO;47880;1;1;0;0;0;1;1;47880;ASIS. SALUD X CTA ASSISTIME;GARANTIAS
18885458;;M;28;CHILENO;;Millenial;N/D;N/D;47880;1;1;0;0;0;1;1;47880;ASIS. SALUD X CTA ASSISTIME;GARANTIAS
15528275;;F;39;CHILENO;;X;YERBAS BUENAS                 ;MAULE;72870;2;2;0;0;0;2;2;72870;ASIS. SALUD X CTA ASSISTIME;GARANTIAS
9202033;;M;61;CHILENO;;Boomers;PROVIDENCIA                   ;METROPOLITANA;47880;1;1;0;0;0;1;1;47880;ASIS. SALUD X CTA ASSISTIME;GARANTIAS
10204129;;F;55;CHILENO;;Boomers;LA FLORIDA                    ;METROPOLITANA;47880;1;1;0;0;0;1;1;47880;ASIS. SALUD X CTA ASSISTIME;GARANTIAS
23214724;;F;49;PERUANO;;Extranjero;INDEPENDENCIA                 ;METROPOLITANA;33516;1;1;0;0;0;1;1;33516;ASIS. SALUD X CTA ASSISTIME;GARANTIAS
7925878;;F;62;CHILENO;;Boomers;PUERTO MONTT                  ;LOS LAGOS;47880;1;1;0;0;0;1;1;47880;ASIS. SALUD X CTA ASSISTIME;GARANTIAS
22693658;;F;34;PERUANO;;Extranjero;N/D;N/D;47880;1;1;0;0;0;1;1;47880;ASIS. SALUD X CTA ASSISTIME;GARANTIAS
13008842;;M;46;CHILENO;;X;IQUIQUE                       ;TARAPACA;47880;1;1;0;0;0;1;1;47880;ASIS. SALUD X CTA ASSISTIME;GARANTIAS
18352554;;M;29;CHILENO;;Millenial;PROVIDENCIA                   ;METROPOLITANA;47880;1;1;0;0;0;1;1;47880;ASIS. SALUD X CTA ASSISTIME;GARANTIAS
26976485;;M;50;VENEZOLANO;;Extranjero;SAN JOAQUIN                   ;METROPOLITANA;47880;1;1;0;0;0;1;1;47880;ASIS. SALUD X CTA ASSISTIME;GARANTIAS
11927133;;M;50;CHILENO;;X;PUERTO MONTT                  ;LOS LAGOS;47880;1;1;0;0;0;1;1;47880;ASIS. SALUD X CTA ASSISTIME;GARANTIAS
26720769;;F;45;VENEZOLANO;;Extranjero;LA CISTERNA                   ;METROPOLITANA;87870;2;2;0;0;0;2;2;87870;ASIS. SALUD X CTA ASSISTIME;GARANTIAS
9592965;;F;61;CHILENO;;Boomers;N/D;N/D;47880;1;1;0;0;0;1;1;47880;ASIS. SALUD X CTA ASSISTIME;GARANTIAS
14461476;;F;48;CHILENO;;X;N/D;N/D;47880;1;1;0;0;0;1;1;47880;ASIS. SALUD X CTA ASSISTIME;GARANTIAS
7872896;;M;65;CHILENO;;Boomers;AISEN                         ;AYSEN;47880;1;1;0;0;0;1;1;47880;ASIS. SALUD X CTA ASSISTIME;GARANTIAS
11409882;;F;53;CHILENO;;X;VILLARICA                     ;ARAUCANIA;8770;2;1;0;0;0;2;1;8770;GM 1A X CTA SBI;GARANTIAS
24797237;;F;39;COLOMBIANO;;Extranjero;ANTOFAGASTA                   ;ANTOFAGASTA;47880;1;1;0;0;0;1;1;47880;ASIS. SALUD X CTA ASSISTIME;GARANTIAS
14903352;;F;40;CHILENO;;X;N/D;N/D;47880;1;1;0;0;0;1;1;47880;ASIS. SALUD X CTA ASSISTIME;GARANTIAS
10217237;;F;59;CHILENO;;X;PUENTE ALTO                   ;METROPOLITANA;47880;1;1;0;0;0;1;1;47880;ASIS. SALUD X CTA ASSISTIME;GARANTIAS
16328122;;F;36;CHILENO;;Millenial;PROVIDENCIA                   ;METROPOLITANA;47880;1;1;0;0;0;1;1;47880;ASIS. SALUD X CTA ASSISTIME;GARANTIAS
20088302;;F;22;CHILENO;;Z;N/D;N/D;57870;2;2;0;0;0;2;2;57870;ASIS. SALUD X CTA ASSISTIME;GARANTIAS
13519893;;F;43;CHILENO;;Silencioso;PROVIDENCIA                   ;METROPOLITANA;86480;4;3;0;0;0;4;3;86480;GPL 1A X CTA SBI;GARANTIAS
14079272;;F;41;CHILENO;;X;EL BOSQUE                     ;METROPOLITANA;0;0;0;0;0;0;0;0;0;ASIS. SALUD X CTA ASSISTIME;GARANTIAS
12942012;;M;50;CHILENO;;X;RENCA                         ;METROPOLITANA;0;0;0;0;0;0;0;0;0;GPL 1A X CTA SBI;GARANTIAS
13762182;;M;41;CHILENO;;X;COQUIMBO                      ;COQUIMBO;0;0;0;0;0;0;0;0;0;ASIS. SALUD X CTA ASSISTIME;GARANTIAS
26671994;;M;39;VENEZOLANO;;Extranjero;N/D;N/D;0;0;0;0;0;0;0;0;0;ASIS. SALUD X CTA ASSISTIME;GARANTIAS
5775202;;M;74;CHILENO;;Silencioso;PIRQUE                        ;METROPOLITANA;0;0;0;0;0;0;0;0;0;ASIST. FULL HOGAR X CTA MOK;GARANTIAS
14395510;;F;44;CHILENO;;X;SAN BERNARDO                  ;METROPOLITANA;0;0;0;0;0;0;0;0;0;ASIS. SALUD X CTA ASSISTIME;GARANTIAS
18900935;;M;27;CHILENO;;Z;ZAPALLAR                      ;VALPARAISO;0;0;0;0;0;0;0;0;0;ASIS. SALUD X CTA ASSISTIME;GARANTIAS
6407882;;F;72;CHILENO;;Silencioso;COLINA                        ;METROPOLITANA;0;0;0;0;0;0;0;0;0;ASIS. SALUD X CTA ASSISTIME;GARANTIAS
10473704;;F;56;CHILENO;;Boomers;CHILLAN                       ;BIO BIO;0;0;0;0;0;0;0;0;0;ASIS. SALUD X CTA ASSISTIME;GARANTIAS
19088546;;F;27;CHILENO;;Z;N/D;N/D;0;0;0;0;0;0;0;0;0;ASIS. SALUD X CTA ASSISTIME;GARANTIAS
26300184;;F;29;EXTRANJERO - NO INFORMA NACIONALIDAD;;Extranjero;N/D;N/D;0;0;0;0;0;0;0;0;0;ASIS. SALUD X CTA ASSISTIME;GARANTIAS
10384533;;F;64;CHILENO;;Boomers;"";"";0;0;0;0;0;0;0;0;0;ASIS. SALUD X CTA ASSISTIME;GARANTIAS
7831224;;F;65;CHILENO;;Boomers;CATEMU                        ;VALPARAISO;0;0;0;0;0;0;0;0;0;ASIS. SALUD X CTA ASSISTIME;GARANTIAS
9388105;;M;59;CHILENO;;Boomers;N/D;N/D;0;0;0;0;0;0;0;0;0;ASIS. SALUD X CTA ASSISTIME;GARANTIAS
20160691;;M;22;CHILENO;;Z;N/D;N/D;0;0;0;0;0;0;0;0;0;ASIST. FULL HOGAR X CTA MOK;GARANTIAS
17538569;;F;32;CHILENO;;Millenial;CHIGUAYANTE                   ;BIO BIO;0;0;0;0;0;0;0;0;0;ASIS. SALUD X CTA ASSISTIME;GARANTIAS
13910196;;M;41;CHILENO;;X;N/D;N/D;0;0;0;0;0;0;0;0;0;ASIS. SALUD X CTA ASSISTIME;GARANTIAS
9717693;Casado;F;55;CHILENO;;Silencioso;PROVIDENCIA                   ;METROPOLITANA;0;0;0;0;0;0;0;0;0;GM 1A X CTA SBI;GARANTIAS
5902122;;M;69;CHILENO;;Silencioso;N/D;N/D;0;0;0;0;0;0;0;0;0;ASIS. SALUD X CTA ASSISTIME;GARANTIAS
7223384;;F;63;CHILENO;;Boomers;QUILPUE                       ;VALPARAISO;0;0;0;0;0;0;0;0;0;GPL 1A X CTA SBI;GARANTIAS
16691541;;M;35;CHILENO;;Millenial;MAIPU                         ;METROPOLITANA;0;0;0;0;0;0;0;0;0;ASIS. SALUD X CTA ASSISTIME;GARANTIAS
16110160;;M;36;CHILENO;;Millenial;N/D;N/D;0;0;0;0;0;0;0;0;0;ASIS. SALUD X CTA ASSISTIME;GARANTIAS
17060618;;F;34;CHILENO;;Millenial;PINTO                         ;BIO BIO;0;0;0;0;0;0;0;0;0;ASIS. SALUD X CTA ASSISTIME;GARANTIAS
7762909;;M;65;CHILENO;;Boomers;CANETE                        ;BIO BIO;0;0;0;0;0;0;0;0;0;ASIS. SALUD X CTA ASSISTIME;GARANTIAS
17233607;;F;33;CHILENO;;Millenial;COIHAIQUE                     ;AYSEN;0;0;0;0;0;0;0;0;0;ASIS. SALUD X CTA ASSISTIME;GARANTIAS
18535782;;F;36;CHILENO;;Millenial;TALCAHUANO                    ;BIO BIO;0;0;0;0;0;0;0;0;0;ASIS. SALUD X CTA ASSISTIME;GARANTIAS
11251969;;M;54;CHILENO;;X;CALBUCO                       ;LOS LAGOS;0;0;0;0;0;0;0;0;0;ASIS. SALUD X CTA ASSISTIME;GARANTIAS
13765652;;M;41;CHILENO;;X;VILLA ALEMANA                 ;VALPARAISO;0;0;0;0;0;0;0;0;0;ASIS. SALUD X CTA ASSISTIME;GARANTIAS
5366520;;M;73;CHILENO;;Silencioso;PADRE HURTADO                 ;METROPOLITANA;0;0;0;0;0;0;0;0;0;ASIS. SALUD X CTA ASSISTIME;GARANTIAS
9706312;;F;58;CHILENO;;Boomers;VALDIVIA                      ;LOS RIOS;0;0;0;0;0;0;0;0;0;ASIS. SALUD X CTA ASSISTIME;GARANTIAS
17914195;;F;31;CHILENO;;Millenial;N/D;N/D;0;0;0;0;0;0;0;0;0;ASIS. SALUD X CTA ASSISTIME;GARANTIAS
8444562;;M;64;CHILENO;;Boomers;N/D;N/D;0;0;0;0;0;0;0;0;0;ASIS. SALUD X CTA ASSISTIME;GARANTIAS
11381285;;M;53;CHILENO;;X;COQUIMBO                      ;COQUIMBO;0;0;0;0;0;0;0;0;0;ASIS. SALUD X CTA ASSISTIME;GARANTIAS
18080542;;F;30;CHILENO;;Millenial;N/D;N/D;0;0;0;0;0;0;0;0;0;ASIS. SALUD X CTA ASSISTIME;GARANTIAS
15043564;;F;28;CHILENO;;Millenial;MONTE PATRIA                  ;COQUIMBO;0;0;0;0;0;0;0;0;0;ASIS. SALUD X CTA ASSISTIME;GARANTIAS
7955489;;F;62;CHILENO;;Boomers;LA LIGUA                      ;VALPARAISO;0;0;0;0;0;0;0;0;0;ASIS. SALUD X CTA ASSISTIME;GARANTIAS
17980707;;M;30;CHILENO;;Millenial;N/D;N/D;0;0;0;0;0;0;0;0;0;ASIS. SALUD X CTA ASSISTIME;GARANTIAS
13179656;;M;44;CHILENO;;X;RENCA                         ;METROPOLITANA;0;0;0;0;0;0;0;0;0;GM 1A X CTA SBI;GARANTIAS
15804748;;F;38;CHILENO;;Millenial;REQUINOA                      ;L.G.B.OÂ´HIGGINS;0;0;0;0;0;0;0;0;0;ASIS. SALUD X CTA ASSISTIME;GARANTIAS
24077161;;F;49;COLOMBIANO;;Extranjero;ANTOFAGASTA                   ;ANTOFAGASTA;0;0;0;0;0;0;0;0;0;ASIS. SALUD X CTA ASSISTIME;GARANTIAS
18175769;;F;30;CHILENO;;Millenial;CONSTITUCION                  ;MAULE;0;0;0;0;0;0;0;0;0;GM 1A X CTA SBI;GARANTIAS
26052511;;M;33;HAITIANO;;Extranjero;"";"";0;0;0;0;0;0;0;0;0;ASIS. SALUD X CTA ASSISTIME;GARANTIAS
6507352;;F;75;CHILENO;;Silencioso;CONCEPCION                    ;BIO BIO;0;0;0;0;0;0;0;0;0;ASIS. SALUD X CTA ASSISTIME;GARANTIAS
7909308;;F;64;CHILENO;;Boomers;PICHILEMU                     ;L.G.B.OÂ´HIGGINS;0;0;0;0;0;0;0;0;0;ASIS. SALUD X CTA ASSISTIME;GARANTIAS
7504829;;F;73;CHILENO;;Silencioso;N/D;N/D;0;0;0;0;0;0;0;0;0;ASIS. SALUD X CTA ASSISTIME;GARANTIAS
8485282;;M;64;CHILENO;;Boomers;LOLOL                         ;L.G.B.OÂ´HIGGINS;0;0;0;0;0;0;0;0;0;ASIS. SALUD X CTA ASSISTIME;GARANTIAS
19019382;;M;26;CHILENO;;Z;N/D;N/D;0;0;0;0;0;0;0;0;0;ASIS. SALUD X CTA ASSISTIME;GARANTIAS
12912299;;F;47;CHILENO;;X;CALERA                        ;VALPARAISO;233428;6;4;0;0;0;6;4;233428;Monitor Gamer Redragon Jade 27P 165Hz Full HD;COMPUTACION
16855020;;M;34;CHILENO;;Millenial;PROVIDENCIA                   ;METROPOLITANA;434980;2;1;2;1;434980;0;0;0;TAB Galaxy S7 FE (12.4, 64GB WIFI) SILVER;COMPUTACION
16004007;;M;36;CHILENO;;Millenial;TALCA;MAULE;119990;1;1;1;1;119990;0;0;0;NTBK D330 Celeron N4020/4GB/64GB/10P+OfficeHS;COMPUTACION
19652093;;F;25;CHILENO;;Z;PROVIDENCIA                   ;METROPOLITANA;1265410;9;6;7;5;965430;2;1;299980;Multifuncional EcoTank L3210;COMPUTACION
18378604;;M;28;CHILENO;;Millenial;PROVIDENCIA                   ;METROPOLITANA;749980;2;2;0;0;0;2;2;749980;NTBK 15-ef1015la Ryzen 3-4300U/4GB/256GBSSD/15P;COMPUTACION
12975501;;M;49;CHILENO;;X;TALCAHUANO                    ;BIO BIO;467970;5;3;0;0;0;5;3;467970;Multifuncional EcoTank L3210;COMPUTACION
9477481;;M;59;CHILENO;;Boomers;PUDAHUEL                      ;METROPOLITANA;575890;11;9;0;0;0;11;9;575890;NTBK HT14 Celeron N4020 4GB/128GB SSD/14P;COMPUTACION
26014309;;M;37;VENEZOLANO;;Extranjero;SANTIAGO                      ;METROPOLITANA;312280;4;2;0;0;0;4;2;312280;NTBK 240 G8 Celeron N4020/4GB/500GB/14P;COMPUTACION
19816988;;F;25;CHILENO;;Z;AYSEN;AYSEN;369990;1;1;1;1;369990;0;0;0;NTBK 245 G8 R5-5500U/8GB/256GB SSD/14P/Win10Pro;COMPUTACION
25247206;;M;41;COLOMBIANO;;Extranjero;ANTOFAGASTA                   ;ANTOFAGASTA;547470;3;1;0;0;0;3;1;547470;NTBK 15 FHD Core i5 16/1T+128 + 1650;COMPUTACION
8737880;;F;61;CHILENO;;Boomers;SAN BERNARDO                  ;METROPOLITANA;392341;8;3;0;0;0;8;3;392341;NTBK GemiBook Celeron/12GB/256GB/2K/Tec-Ingles;COMPUTACION
12466359;;F;49;CHILENO;;X;MAIPU                         ;METROPOLITANA;233980;2;1;2;1;233980;0;0;0;NTBK Inspiron 3505 Athlon 3050U/12GB/256 SSD/15P;COMPUTACION
10280998;;M;59;CHILENO;;Boomers;LAMPA                         ;METROPOLITANA;438960;2;1;0;0;0;2;1;438960;NTBK 245 G8 R5-5500U/8GB/256GB SSD/14P/Win10Pro;COMPUTACION
16299324;;F;35;CHILENO;;Millenial;PROVIDENCIA                   ;METROPOLITANA;179990;1;1;0;0;0;1;1;179990;NTBK 240 G8 Celeron N4020/4GB/500GB/14P;COMPUTACION
19754454;;F;24;CHILENO;;Z;"";"";39990;1;1;0;0;0;1;1;39990;TAB MLAB 7 MB4 PLUS 3G 1+16GB WHITE 8762;COMPUTACION
10196302;;M;58;CHILENO;;Boomers;LINARES                       ;MAULE;772470;9;4;0;0;0;9;4;772470;TAB S6 Lite (610) 4GB 64GB 10.4P PINK;COMPUTACION
20449644;;F;21;CHILENO;;Z;SAN RAFAEL                    ;MAULE;149990;1;1;0;0;0;1;1;149990;Multifuncional EcoTank L3210;COMPUTACION
17647919;;F;31;CHILENO;;Millenial;PROVIDENCIA                   ;METROPOLITANA;292980;4;3;2;1;265840;2;2;27140;TAB 7 MB4 Plus 4Core 1GB 16GB 7 Negra;COMPUTACION
13207806;Casado;M;45;CHILENO;AUTOMATIZACION Y CONTROL INDUSTRIAL;X;RENCA                         ;METROPOLITANA;1298960;4;3;2;1;546980;2;2;751980;NTBK GalaxyBook2 Ci5-1235U/8GB/512GB SSD/15P FHD;COMPUTACION
8489702;;F;62;CHILENO;;Boomers;LAJA                          ;BIO BIO;262410;4;2;2;1;145980;2;1;116430;TAB M8 QC 2GB 32GB 8P Gris;COMPUTACION
9997279;;F;59;CHILENO;;Boomers;VILLA ALEGRE                  ;MAULE;1373060;12;5;0;0;0;12;5;1373060;NTBK X415IA Intel Core i3 256GB SSD/4GB/14P FHD;COMPUTACION
8356636;;M;61;CHILENO;;Boomers;N/D;N/D;439582;8;5;0;0;0;8;5;439582;Galaxy Tab A8 (10.5, 32GB, LTE) Gray;COMPUTACION
19092619;;F;27;CHILENO;;Silencioso;PROVIDENCIA                   ;METROPOLITANA;355970;3;2;3;2;355970;0;0;0;NTBK 240 G8 Celeron N4020/4GB/500GB/14P;COMPUTACION
12976711;;M;46;CHILENO;;X;N/D;N/D;444980;3;2;0;0;0;3;2;444980;TAB S6 Lite (610) 4GB 64GB 10.4P PINK;COMPUTACION
13075877;;M;45;CHILENO;;X;SAN RAFAEL                    ;MAULE;369990;1;1;1;1;369990;0;0;0;NTBK 250 G8 Ci5-1135G7/8GB/256 SSD/15P/Win10Pro;COMPUTACION
3658561;;M;83;CHILENO;;Silencioso;LA LIGUA                      ;VALPARAISO;922950;5;3;0;0;0;5;3;922950;Multifuncional EcoTank L3210;COMPUTACION
16467046;;F;35;CHILENO;;Millenial;ARICA                         ;ARICA Y PARINACOTA;299990;2;1;0;0;0;2;1;299990;TAB S6 Lite (610) 4GB 64GB 10.4P PINK;COMPUTACION
12302243;;F;49;CHILENO;;X;QUILPUE                       ;VALPARAISO;289716;20;13;0;0;0;20;13;289716;TINTA 664 TRI COLOR;COMPUTACION
19356309;;F;25;CHILENO;;Z;TOCOPILLA;ANTOFAGASTA;500970;3;2;3;2;500970;0;0;0;Multifuncional EcoTank L3210;COMPUTACION
9863907;;M;57;CHILENO;;Boomers;PROVIDENCIA                   ;METROPOLITANA;169990;1;1;0;0;0;1;1;169990;Multifuncional EcoTank L3210;COMPUTACION
23774846;Soltero;F;43;BRASILEÃO;;Extranjero;"";"";661920;8;3;8;3;661920;0;0;0;Tab M8 2G-32GB 8 IPS HD LTE/4G iron grey;COMPUTACION
15203682;;F;39;CHILENO;;X;ANGOL                         ;ARAUCANIA;864960;4;3;4;3;864960;0;0;0;Multifuncional EcoTank L3250 Wifi;COMPUTACION
15785234;;F;38;CHILENO;;Millenial;RENCA                         ;METROPOLITANA;189980;2;1;2;1;189980;0;0;0;Multifuncional EcoTank L3250 Wifi;COMPUTACION
11114817;;M;55;CHILENO;;Boomers;VALDIVIA                      ;LOS LAGOS;139990;1;1;0;0;0;1;1;139990;Multifuncional EcoTank L3210;COMPUTACION
19195649;Soltero;F;26;CHILENO;PSICOLOGA;Z;PROVIDENCIA                   ;METROPOLITANA;397960;4;4;2;2;167980;2;2;229980;TAB Galaxy A7 Lite (8.7, 64GB, WIFI);COMPUTACION
12409686;;M;48;CHILENO;;X;SANTIAGO;METROPOLITANA;254440;6;3;2;1;114980;4;2;139460;TABLET TCL TAB 10NEO CREAM MINT + KEYBOARD;COMPUTACION
15520771;Casado;F;38;CHILENO;AUXILIAR DE ENFERMERIA;Millenial;PROVIDENCIA                   ;METROPOLITANA;69990;1;3;0;0;0;1;3;69990;Producto segunda seleccion Banda 1;COMPUTACION
15629039;;M;38;CHILENO;;X;LOS ANGELES                   ;BIO BIO;493391;3;3;0;0;0;3;3;493391;NTBK IP3 Ryzen 3-5300U/8GB/256GB SSD/14P FHD;COMPUTACION
16158092;Casado;M;36;CHILENO;INGENIERO EN FINANZAS;Millenial;BUIN;METROPOLITANA;527963;4;3;4;3;527963;0;0;0;AIO IC A340 Core i5/4GB/256GB SSD+1TB/23.8P FHD;COMPUTACION
10219989;;F;54;CHILENO;;Boomers;LA CRUZ                       ;VALPARAISO;371468;5;2;0;0;0;5;2;371468;NTBK 240 G8 Celeron N4020/4GB/500GB/14P;COMPUTACION
9502079;Divorciado;M;57;CHILENO;INGENIERO DE EJECUCION ELECTRONICO;Boomers;RENCA                         ;METROPOLITANA;49990;1;1;0;0;0;1;1;49990;Impresora Laser HL-1202 Monocromatica;COMPUTACION
18314510;;M;29;CHILENO;;Millenial;ARICA                         ;ARICA Y PARINACOTA;1025330;6;3;0;0;0;6;3;1025330;NTBK 15-eh0006la Ryzen 5-4500U/8GB/512GB/15P;COMPUTACION
7861827;;M;65;CHILENO;;Boomers;OSORNO                        ;LOS LAGOS;599980;2;2;0;0;0;2;2;599980;NTBK 15-ef1015la Ryzen 3-4300U/4GB/256GBSSD/15P;COMPUTACION
18617822;Soltero;M;27;CHILENO;;Millenial;PROVIDENCIA                   ;METROPOLITANA;585940;5;2;5;2;585940;0;0;0;TAB Yoga 13IN Qualcomm 870 G;COMPUTACION
18928060;Soltero;M;27;CHILENO;;Extranjero;PROVIDENCIA                   ;N/D;159990;2;1;2;1;159990;0;0;0;Monitor UltraGear 23.8P 144Hz Full HD IPS;COMPUTACION
19470096;Soltero;F;25;CHILENO;;Z;PROVIDENCIA                   ;METROPOLITANA;56980;2;1;2;1;56980;0;0;0;Multifuncional Pixma TR4522 Wifi;COMPUTACION
15962805;;M;37;CHILENO;;Millenial;RENCA                         ;METROPOLITANA;383960;4;2;4;2;383960;0;0;0;NTBK Inspiron 3501 Ci3-1115G4/4GB/1TB/14P;COMPUTACION
17410531;;F;32;CHILENO;;Millenial;PROVIDENCIA                   ;METROPOLITANA;43980;2;1;2;1;43980;0;0;0;TAB 7 PLAY AND LEARN PLUS BLUE 8868;COMPUTACION
19975278;;F;23;CHILENO;;Z;SAN ANTONIO                   ;VALPARAISO;349990;1;1;0;0;0;1;1;349990;NTBK IP3 Ryzen 3-5300U/8GB/256GB SSD/14P FHD;COMPUTACION
7165903;;F;76;CHILENO;;Silencioso;TOCOPILLA                     ;ANTOFAGASTA;771291;9;7;0;0;0;9;7;771291;TAB S6 Lite (610) 4GB 64GB 10.4P PINK;COMPUTACION
15964800;;M;37;CHILENO;;Millenial;IQUIQUE                       ;TARAPACA;299990;1;1;0;0;0;1;1;299990;NTBK 15-ef1015la Ryzen 3-4300U/4GB/256GBSSD/15P;COMPUTACION
11620801;Casado;M;51;CHILENO;BIOQUIMICO;X;"";"";379990;1;1;1;1;379990;0;0;0;NTBK 245 G8 R5-5500U/8GB/256GB SSD/14P/Win10Pro;COMPUTACION
26559993;;F;38;EXTRANJERO - NO INFORMA NACIONALIDAD;;Extranjero;N/D;N/D;153980;2;1;2;1;153980;0;0;0;NTBK Inspiron 3502 Celeron/4GB/128GB SSD/+O365;COMPUTACION
11718260;;M;51;CHILENO;;X;N/D;N/D;572980;2;2;0;0;0;2;2;572980;NTBK Aspire 5 R5-3500U/12GB/256SSD GB/15P FHD;COMPUTACION
17183905;;F;33;CHILENO;;Millenial;TALCA                         ;MAULE;159980;2;1;0;0;0;2;1;159980;TABLET TCL TAB 10NEO BLACK+ KEYBOARD;COMPUTACION
12859684;;M;46;CHILENO;;X;LO PRADO                      ;METROPOLITANA;341990;1;1;0;0;0;1;1;341990;NTBK 255 G8 Ryzen 5-5500U/8GB/256GB SSD/15P;COMPUTACION
26970412;;F;43;VENEZOLANO;;Extranjero;"";"";147130;2;1;0;0;0;2;1;147130;TAB Galaxy A7 Lite (8.7, 32GB, WIFI);COMPUTACION
17284372;;F;32;CHILENO;;Millenial;EL BOSQUE                     ;METROPOLITANA;39990;1;1;0;0;0;1;1;39990;TAB 7 PLAY AND LEARN PLUS PURPLE 8867;COMPUTACION
17618677;;M;30;CHILENO;;Millenial;LA CALERA;VALPARAISO;196980;2;1;2;1;196980;0;0;0;NTBK Inspiron 3501 Ci3-1115G4/4GB/1TB/14P;COMPUTACION
25673500;;F;55;PERUANO;;Extranjero;LAS CONDES                    ;METROPOLITANA;774530;5;2;0;0;0;5;2;774530;Multifuncional DCPT220;COMPUTACION
11906604;Casado;F;51;CHILENO;;X;RENCA                         ;METROPOLITANA;407980;2;1;2;1;407980;0;0;0;NTBK 245 G8 R5-5500U/8GB/256GB SSD/14P/Win10Pro;COMPUTACION
15854099;Casado;F;38;CHILENO;PSICOLOGO;Millenial;RENCA                         ;METROPOLITANA;65900;2;1;0;0;0;2;1;65900;TAB 7 PLAY AND LEARN PLUS PURPLE 8867;COMPUTACION
17399227;;F;32;CHILENO;;Millenial;MELIPILLA;METROPOLITANA;139990;1;1;1;1;139990;0;0;0;NTBK BR11 Celeron N4500/4GB/64GB eMMC/11P;COMPUTACION
15868562;;M;37;CHILENO;;Millenial;N/D;N/D;470760;5;4;0;0;0;5;4;470760;Multifuncional EcoTank L3210;COMPUTACION
15953061;;M;37;CHILENO;;Millenial;CONCON                        ;VALPARAISO;235980;2;1;2;1;235980;0;0;0;NTBK Inspiron 3505 Athlon 3050U/12GB/256 SSD/15P;COMPUTACION
10018279;;M;55;CHILENO;;Boomers;"";"";1672881;14;8;2;1;56980;12;7;1615901;Multifuncional Pixma TR4522 Wifi;COMPUTACION
26529767;;F;22;CHILENO;;Extranjero;MAIPU;METROPOLITANA;153980;2;1;2;1;153980;0;0;0;NTBK Inspiron 3502 Celeron/4GB/128GB SSD/+O365;COMPUTACION
19127478;;M;26;CHILENO;;Z;SAN FELIPE                    ;VALPARAISO;294980;2;2;1;1;74990;1;1;219990;TAB M7 3ra Gen MT8766 2+32GB 7 Wifi Iron grey;COMPUTACION
17992790;Soltero;M;30;CHILENO;;Millenial;PROVIDENCIA                   ;METROPOLITANA;149990;1;1;1;1;149990;0;0;0;NTBK 240 G8 Celeron N4020/4GB/500GB/14P;COMPUTACION
16146692;;M;36;CHILENO;;Millenial;SAN MIGUEL;METROPOLITANA;203980;2;1;2;1;203980;0;0;0;Galaxy Tab A8 (10.5, 64GB, WIFI) Silver;COMPUTACION
12559686;;F;47;CHILENO;;X;LOS ANGELES                   ;BIO BIO;139990;1;1;0;0;0;1;1;139990;NTBK 240 G8 Celeron N4020/4GB/500GB/14P;COMPUTACION
15409542;;F;49;CHILENO;;X;TALAGANTE                     ;METROPOLITANA;1287690;8;4;0;0;0;8;4;1287690;NTBK IP3 Ryzen 3-5300U/8GB/256GB SSD/14P FHD;COMPUTACION
26051323;;M;45;VENEZOLANO;;Extranjero;"";"";236940;6;4;4;2;178960;2;2;57980;NTBK BR11 Celeron N4500/4GB/64GB eMMC/11P;COMPUTACION
9417108;Casado;M;60;CHILENO;;Boomers;RENCA                         ;METROPOLITANA;23970;3;1;0;0;0;3;1;23970;TINTA EPSON BOTELLA CIAN T664220 SERIE L;COMPUTACION
10283369;;F;53;CHILENO;;X;SAN BERNARDO;METROPOLITANA;53980;2;1;2;1;53980;0;0;0;Multifuncional Pixma TR4522 Wifi;COMPUTACION
8083844;;F;63;CHILENO;;Millenial;BUIN                          ;METROPOLITANA;172971;4;3;0;0;0;4;3;172971;TAB M8 QC 2GB 32GB 8P Gris;COMPUTACION
24450315;;M;37;COLOMBIANO;;Extranjero;PROVIDENCIA                   ;METROPOLITANA;179940;4;1;4;1;179940;0;0;0;Galaxy Tab A8 (10.5, 32GB, WIFI) Silver;COMPUTACION
6581550;;F;71;CHILENO;;Silencioso;CAUQUENES                     ;MAULE;688090;5;3;0;0;0;5;3;688090;NTBK 15-ef1015la Ryzen 3-4300U/4GB/256GBSSD/15P;COMPUTACION
12398206;Soltero;M;48;CHILENO;;X;RENCA                         ;METROPOLITANA;896950;5;3;0;0;0;5;3;896950;Galaxy Tab A8 (10.5, 64GB, WIFI) Silver;COMPUTACION
16345755;;M;36;CHILENO;;Millenial;PROVIDENCIA                   ;METROPOLITANA;333980;2;1;2;1;333980;0;0;0;NTBK IP3 Ryzen 3-5300U/8GB/256GB SSD/14P FHD;COMPUTACION
25952303;;M;27;HAITIANO;;Extranjero;ESTACION CENTRAL              ;METROPOLITANA;464170;5;5;0;0;0;5;5;464170;Galaxy Tab A8 (10.5, 32GB, LTE) Gray;COMPUTACION
20277471;;F;22;CHILENO;;Z;PROVIDENCIA                   ;METROPOLITANA;34990;1;1;1;1;34990;0;0;0;TAB MLAB MBX 8 QUAD CORE 1G+16G 8716;COMPUTACION
6979695;Casado;M;67;CHILENO;INGENIERO;Boomers;PENALOLEN                     ;METROPOLITANA;143980;2;1;2;1;143980;0;0;0;Galaxy Tab A8 (10.5, 32GB, WIFI) Silver;COMPUTACION
16162266;;M;37;CHILENO;;Millenial;LOS VILOS                     ;COQUIMBO;301990;4;2;0;0;0;4;2;301990;Galaxy Tab A8 (10.5, 32GB, WIFI) Silver;COMPUTACION
20005516;;F;23;CHILENO;;Z;PROVIDENCIA                   ;METROPOLITANA;233190;3;2;0;0;0;3;2;233190;NTBK D330 Celeron N4020/4GB/64GB/10P+OfficeHS;COMPUTACION
10367936;Casado;M;55;CHILENO;;Boomers;RENCA                         ;METROPOLITANA;280980;2;1;2;1;280980;0;0;0;TAB S6 Lite (610) 4GB 64GB 10.4P BLUE;COMPUTACION
15909569;;F;37;CHILENO;;Millenial;"";"";639962;7;5;1;1;119990;6;4;519972;TAB Galaxy A7 Lite (8.7, 32GB, WIFI + 4G);COMPUTACION
18813791;;M;28;CHILENO;;Millenial;PROVIDENCIA                   ;METROPOLITANA;34990;1;1;1;1;34990;0;0;0;TAB MLAB MBX 8 QUAD CORE 1G+16G 8716;COMPUTACION
9060054;;M;62;CHILENO;;Boomers;NUEVA IMPERIAL                ;ARAUCANIA;582960;3;2;0;0;0;3;2;582960;NTBK 240 G8 Celeron N4020/4GB/500GB/14P;COMPUTACION
6618647;Soltero;F;67;CHILENO;;Boomers;PROVIDENCIA                   ;METROPOLITANA;313980;3;1;3;1;313980;0;0;0;NTBK 15-ef1015la Ryzen 3-4300U/4GB/256GBSSD/15P;COMPUTACION
19796505;;M;24;CHILENO;;Millenial;N/D;N/D;0;0;2;1;1;49990;-1;1;-49990;TAB MLAB MBX 8 QUAD CORE 1G+16G 8716;COMPUTACION
18344193;Soltero;M;28;CHILENO;;Silencioso;PROVIDENCIA                   ;METROPOLITANA;555450;5;2;5;2;555450;0;0;0;Monitor Emerald 27P 165Hz Full HD;COMPUTACION
15426569;;M;39;CHILENO;;X;PROVIDENCIA                   ;METROPOLITANA;404980;2;1;2;1;404980;0;0;0;NTBK D15 Core i3-10110U/8GB/256GB SSD/15P FHD;COMPUTACION
8199223;;M;62;CHILENO;;Boomers;PALMILLA                      ;L.G.B.OÂ´HIGGINS;299980;2;2;0;0;0;2;2;299980;Multifuncional EcoTank L3210;COMPUTACION
15955142;;M;37;CHILENO;;Millenial;N/D;N/D;802032;7;4;0;0;0;7;4;802032;NTBK 15-eh0006la Ryzen 5-4500U/8GB/512GB/15P;COMPUTACION
18651610;;F;28;CHILENO;;Millenial;PUENTE ALTO                   ;METROPOLITANA;293970;4;2;2;1;153980;2;1;139990;Galaxy Tab A8 (10.5, 32GB, WIFI) Gray;COMPUTACION
6002417;;M;69;CHILENO;;Silencioso;PROVIDENCIA                   ;METROPOLITANA;29980;2;1;2;1;29980;0;0;0;Tinta CL-244 Color;COMPUTACION
17485816;;M;32;CHILENO;;Millenial;PROVIDENCIA                   ;METROPOLITANA;89990;2;1;2;1;89990;0;0;0;TAB Galaxy A7 Lite (8.7, 32GB, WIFI);COMPUTACION
19320674;Soltero;F;26;CHILENO;PSICOLOGA;Z;PROVIDENCIA                   ;METROPOLITANA;283980;2;1;2;1;283980;0;0;0;TAB S6 Lite (610) 4GB 64GB 10.4P PINK;COMPUTACION
18680693;Soltero;M;28;CHILENO;;Millenial;PROVIDENCIA                   ;METROPOLITANA;336980;2;1;2;1;336980;0;0;0;TAB P11 6G-128GB Case + KB + Pen + Wifi +Â  Slate;COMPUTACION
12965239;;M;46;CHILENO;;X;MAULE                         ;MAULE;186970;3;3;0;0;0;3;3;186970;Multifuncional Smart Tank 515 Wifi;COMPUTACION
10971063;Casado;M;51;CHILENO;ABOGADO;Silencioso;PROVIDENCIA                   ;METROPOLITANA;49990;1;1;1;1;49990;0;0;0;365 Familia 6 usuarios Anual 6GQ-01604;COMPUTACION
8350951;Casado;M;59;CHILENO;MEDICO CIRUJANO;Boomers;PROVIDENCIA                   ;METROPOLITANA;273960;4;3;4;3;273960;0;0;0;NTBK BR11 Celeron N4500/4GB/64GB eMMC/11P;COMPUTACION
18030635;;F;30;CHILENO;;Millenial;PROVIDENCIA                   ;METROPOLITANA;159990;1;1;1;1;159990;0;0;0;Multifuncional EcoTank L3210;COMPUTACION
17464221;;F;32;CHILENO;;Millenial;BUIN;METROPOLITANA;143980;2;1;2;1;143980;0;0;0;Galaxy Tab A8 (10.5, 32GB, WIFI) Silver;COMPUTACION
10748530;;M;45;CHILENO;;X;PROVIDENCIA                   ;METROPOLITANA;296230;3;3;0;0;0;3;3;296230;NTBK 15-ef1015la Ryzen 3-4300U/4GB/256GBSSD/15P;COMPUTACION
16380460;;M;36;CHILENO;;Millenial;N/D;N/D;947960;4;2;4;2;947960;0;0;0;NTBK 15-ef1015la Ryzen 3-4300U/4GB/256GBSSD/15P;COMPUTACION
19758350;;F;24;CHILENO;;Z;PROVIDENCIA                   ;METROPOLITANA;59990;2;1;2;1;59990;0;0;0;Multifuncional Pixma TR4522 Wifi;COMPUTACION
19487225;;F;25;CHILENO;;Z;PROVIDENCIA                   ;METROPOLITANA;299990;2;1;2;1;299990;0;0;0;TAB P11 6G-128GB Case + KB + Pen + Wifi +Â  Slate;COMPUTACION
16214832;;M;37;CHILENO;;Millenial;QUILICURA                     ;METROPOLITANA;49990;1;1;1;1;49990;0;0;0;Multifuncional DeskJet Ink Advantage 2775 Wifi;COMPUTACION
15567426;;F;37;CHILENO;;Millenial;LINARES                       ;MAULE;97980;2;2;0;0;0;2;2;97980;Multifuncional DeskJet Ink Advantage 2775 Wifi;COMPUTACION
14042100;;F;41;CHILENO;;X;CHILLAN                       ;BIO BIO;179970;3;2;2;1;155980;1;1;23990;Multifuncional DCPT520W Wifi;COMPUTACION
16417477;;M;37;CHILENO;;Millenial;OVALLE                        ;COQUIMBO;199980;2;1;2;1;199980;0;0;0;NTBK BR11 Celeron N4500/4GB/64GB eMMC/11P;COMPUTACION
7298585;Casado;F;66;CHILENO;;Boomers;LAS CONDES                    ;METROPOLITANA;103980;2;1;2;1;103980;0;0;0;TABLET XIAOMI MI PAD 5 6/126GB;COMPUTACION
13313416;;M;44;CHILENO;;X;PROVIDENCIA                   ;METROPOLITANA;41990;1;1;1;1;41990;0;0;0;TAB MLAB MBX 8 QUAD CORE 1G+16G 8716;COMPUTACION
13121836;;M;46;CHILENO;;X;RENCA                         ;METROPOLITANA;289990;1;1;1;1;289990;0;0;0;NTBK 15-ef1015la Ryzen 3-4300U/4GB/256GBSSD/15P;COMPUTACION
18780348;;F;27;CHILENO;;Millenial;N/D;N/D;486970;3;2;2;1;276980;1;1;209990;NTBK IP S145 AMD A4-9125/4GB/500GB/14P;COMPUTACION
20541325;;M;21;CHILENO;;Z;PROVIDENCIA                   ;METROPOLITANA;799990;1;1;1;1;799990;0;0;0;NTBK GAMER GF66 Ci5-11400H/8GB/512GB/GTX1650 4GB;COMPUTACION
9095172;;F;59;CHILENO;;Boomers;N/D;N/D;1449630;3;2;3;2;1449630;0;0;0;NTBK M3500 R7-5800H/8GB/512GB SSD/RTX 3050 4GB;COMPUTACION
13830062;;M;42;CHILENO;;X;RENCA                         ;METROPOLITANA;78980;2;1;2;1;78980;0;0;0;Impresora Monofuncional Laser 107w;COMPUTACION
12879358;;M;46;CHILENO;;X;RENCA                         ;METROPOLITANA;258740;4;2;2;1;93980;2;1;164760;Multifuncional Laser DCP-1602 Monocromatica;COMPUTACION
8211043;Casado;F;66;CHILENO;;Boomers;PROVIDENCIA                   ;METROPOLITANA;79990;1;3;0;0;0;1;3;79990;TAB M7 3ra Gen MT8766 2+32GB 7 Wifi Iron grey;COMPUTACION
17362647;Soltero;M;32;CHILENO;;Millenial;PROVIDENCIA                   ;METROPOLITANA;49980;2;1;2;1;49980;0;0;0;TONER NEGRO TN1060;COMPUTACION
17565529;;F;31;CHILENO;;Millenial;SAN BERNARDO                  ;METROPOLITANA;103980;2;1;2;1;103980;0;0;0;NTBK DATACHABLE IDEAPAD D330 N4020 4G 128G W10PR;COMPUTACION
19191219;;F;25;CHILENO;;Z;PAINE                         ;METROPOLITANA;34990;1;1;0;0;0;1;1;34990;TAB MLAB MBX 8 QUAD CORE 1G+16G 8716;COMPUTACION
19922436;;F;24;CHILENO;;Z;PROVIDENCIA                   ;METROPOLITANA;736940;6;4;6;4;736940;0;0;0;NTBK 15-ef1015la Ryzen 3-4300U/4GB/256GBSSD/15P;COMPUTACION
17410778;;M;32;CHILENO;;Millenial;LONGAVI                       ;MAULE;993880;13;2;0;0;0;13;2;993880;NTBK 15-ef1015la Ryzen 3-4300U/4GB/256GBSSD/15P;COMPUTACION
20211352;;M;22;CHILENO;;Z;LLAILLAY                      ;VALPARAISO;149990;1;1;0;0;0;1;1;149990;Multifuncional EcoTank L3210;COMPUTACION
17979106;Soltero;M;31;CHILENO;;Millenial;COLINA;METROPOLITANA;173980;2;1;2;1;173980;0;0;0;Monitor 27MK400H-B.AWH 27P Full HD FreeSync;COMPUTACION
12142911;;M;51;CHILENO;;X;RENCA                         ;METROPOLITANA;53980;2;1;2;1;53980;0;0;0;Multifuncional DeskJet Ink Advantage 2775 Wifi;COMPUTACION
7631257;;M;66;CHILENO;;Boomers;N/D;N/D;761190;3;1;0;0;0;3;1;761190;NTBK 2 en 1 14-ea0510la Ci5/8GB/512SSD/13P FHD;COMPUTACION
26629821;;F;22;VENEZOLANO;;Extranjero;"";"";149990;1;1;1;1;149990;0;0;0;Multifuncional EcoTank L3210;COMPUTACION
19966046;;M;23;CHILENO;;Z;"";"";701260;4;1;0;0;0;4;1;701260;NTBK M14 Ryzen 5-5500U 8GB/256GB SSD/14P FHD;COMPUTACION
19072066;Soltero;F;26;CHILENO;ENFERMERA;Z;PROVIDENCIA                   ;METROPOLITANA;15980;2;1;0;0;0;2;1;15980;T544 DYE CYAN INK BOTTLE (65ml);COMPUTACION
6111530;;F;75;CHILENO;;Silencioso;COIHAIQUE                     ;AYSEN;2026870;13;7;0;0;0;13;7;2026870;Monitor Gamer Redragon Jade 27P 165Hz Full HD;COMPUTACION
10018394;;F;55;CHILENO;;Boomers;TALAGANTE                     ;METROPOLITANA;484000;2;1;0;0;0;2;1;484000;NTBK IP3 Core i3-1115G4/4GB/512GB SSD/14P FHD;COMPUTACION
7735866;;F;67;CHILENO;;Boomers;RENCA                         ;METROPOLITANA;139990;1;1;0;0;0;1;1;139990;Tab M10 Plus FHD 4GB 64GB 10.3P platinum grey;COMPUTACION
19421800;Soltero;F;25;CHILENO;;Z;PROVIDENCIA                   ;METROPOLITANA;66980;2;1;2;1;66980;0;0;0;Multifuncional Pixma TR4522 Wifi;COMPUTACION
16610106;;F;34;CHILENO;;Millenial;PROVIDENCIA                   ;METROPOLITANA;256980;2;1;2;1;256980;0;0;0;NTBK ASUS Ci3/4GB/128GB Win+Tec Ingles+S/adap;COMPUTACION
20398095;;F;22;CHILENO;;Z;PROVIDENCIA                   ;METROPOLITANA;143980;2;1;2;1;143980;0;0;0;Galaxy Tab A8 (10.5, 32GB, WIFI) Silver;COMPUTACION
19817213;;F;24;CHILENO;;Silencioso;PROVIDENCIA                   ;METROPOLITANA;64980;2;1;2;1;64980;0;0;0;Multifuncional DeskJet Ink Advantage 2775 Wifi;COMPUTACION
16187213;;F;36;CHILENO;;Millenial;TEMUCO                        ;ARAUCANIA;402990;3;2;0;0;0;3;2;402990;NTBK 14-dq2025la Ci3-1115G4/4GB/256GB+16GB/14P;COMPUTACION
14125642;;M;41;CHILENO;;X;PENAFLOR                      ;METROPOLITANA;280000;2;1;0;0;0;2;1;280000;NTBK 15-ef1015la Ryzen 3-4300U/4GB/256GBSSD/15P;COMPUTACION
17320428;Soltero;M;33;CHILENO;;Millenial;CORONEL                       ;BIO BIO;353290;4;2;0;0;0;4;2;353290;NTBK Herobook Celeron N4020/8GB/256SSD/14P FHD;COMPUTACION
11677195;Casado;M;52;CHILENO;INGENIERO FORESTAL;X;PROVIDENCIA                   ;METROPOLITANA;759980;2;1;2;1;759980;0;0;0;NTBK IP3 Ryzen 3-5300U/8GB/256GB SSD/14P FHD;COMPUTACION
24696913;;F;39;BRASILEÃO;;Extranjero;PROVIDENCIA                   ;METROPOLITANA;189990;1;1;1;1;189990;0;0;0;NTBK Herobook Celeron N4020/8GB/256SSD/14P FHD;COMPUTACION
11339666;;F;54;CHILENO;;X;"";"";131980;4;2;2;1;103980;2;1;28000;NTBK DATACHABLE IDEAPAD D330 N4020 4G 128G W10PR;COMPUTACION
16347382;;M;35;CHILENO;;Millenial;N/D;N/D;193970;3;2;2;1;153980;1;1;39990;Multifuncional EcoTank L3210;COMPUTACION
6604036;;F;70;CHILENO;;Silencioso;RINCONADA                     ;VALPARAISO;179990;1;1;0;0;0;1;1;179990;NTBK D330 Celeron N4020/4GB/64GB/10P+OfficeHS;COMPUTACION
17831947;;F;31;CHILENO;;Millenial;PROVIDENCIA                   ;METROPOLITANA;89990;1;1;1;1;89990;0;0;0;TAB Galaxy A7 Lite (8.7, 32GB, WIFI);COMPUTACION
16458285;;F;35;CHILENO;;Millenial;PROVIDENCIA                   ;METROPOLITANA;0;0;2;0;2;0;0;0;0;Multifuncional DCPT520W Wifi;COMPUTACION
9055476;;M;62;CHILENO;;Boomers;PUENTE ALTO                   ;METROPOLITANA;524460;2;1;0;0;0;2;1;524460;NTBK IP3 Ryzen 3-5300U/8GB/256GB SSD/14P FHD;COMPUTACION
11587978;;F;51;CHILENO;;X;VILLARICA                     ;ARAUCANIA;549980;2;2;0;0;0;2;2;549980;Multifuncional EcoTank L3210;COMPUTACION
12967328;;M;46;CHILENO;;X;LONGAVI                       ;MAULE;180000;2;1;0;0;0;2;1;180000;NTBK 15-dw1080la Celeron N4020/4GB/1TB/15P;COMPUTACION
25667246;;M;53;BOLIVIANO;;Extranjero;PAINE                         ;METROPOLITANA;566050;4;2;0;0;0;4;2;566050;Multifuncional Pixma TR4522 Wifi;COMPUTACION
16031782;;F;37;CHILENO;;Millenial;PIRQUE                        ;METROPOLITANA;129990;1;1;0;0;0;1;1;129990;Multifuncional DCPT220;COMPUTACION
12802588;;F;47;CHILENO;;X;RENCA                         ;METROPOLITANA;170480;2;1;2;1;170480;0;0;0;Multifuncional EcoTank L3210;COMPUTACION
8716339;;F;63;CHILENO;;Boomers;SAN RAMON                     ;METROPOLITANA;123930;2;1;0;0;0;2;1;123930;TAB GAMER 7 QUAD CORE 2G+16G 8715;COMPUTACION
7707239;;M;67;CHILENO;;Millenial;PROVIDENCIA                   ;METROPOLITANA;7990;1;1;1;1;7990;0;0;0;TINTA BOTELLA EPSON T664120 NEGRA SERIE L;COMPUTACION
13389637;;M;43;CHILENO;;X;N/D;N/D;271820;4;2;4;2;271820;0;0;0;Multifuncional EcoTank L3250 Wifi;COMPUTACION
8900555;;F;59;CHILENO;;Boomers;SAN FELIPE                    ;VALPARAISO;23970;3;1;0;0;0;3;1;23970;T544 DYE CYAN INK BOTTLE (65ml);COMPUTACION
18233807;;F;29;CHILENO;;Millenial;PROVIDENCIA                   ;METROPOLITANA;170480;2;1;2;1;170480;0;0;0;Multifuncional EcoTank L3210;COMPUTACION
19718773;;F;24;CHILENO;;Z;PROVIDENCIA                   ;METROPOLITANA;356140;2;1;0;0;0;2;1;356140;NTBK 15-ef1015la Ryzen 3-4300U/4GB/256GBSSD/15P;COMPUTACION
18298544;;F;29;CHILENO;;Millenial;VALPARAISO                    ;VALPARAISO;289990;1;1;1;1;289990;0;0;0;NTBK 15-ef1015la Ryzen 3-4300U/4GB/256GBSSD/15P;COMPUTACION
27619934;;M;26;CHILENO;;Extranjero;"";"";448280;4;2;0;0;0;4;2;448280;Galaxy Tab A8 (10.5, 64GB, WIFI) Gray;COMPUTACION
10399337;;M;54;CHILENO;;X;LA FLORIDA                    ;METROPOLITANA;681920;6;2;6;2;681920;0;0;0;NTBK IP3i Celeron N4020/4G/500GB/14P/Rojo;COMPUTACION
10822797;Casado;M;55;CHILENO;;Boomers;RENCA                         ;METROPOLITANA;7990;1;1;0;0;0;1;1;7990;TINTA BOTELLA NEGRA BTD60BK;COMPUTACION
18880273;;M;28;CHILENO;;Silencioso;PROVIDENCIA                   ;METROPOLITANA;99990;1;1;1;1;99990;0;0;0;TAB Galaxy A7 Lite (8.7, 32GB, WIFI);COMPUTACION
19141724;;F;27;CHILENO;;Z;SAN ANTONIO                   ;VALPARAISO;1173880;12;6;7;3;589930;5;3;583950;NTBK 15-dw1080la Celeron N4020/4GB/1TB/15P;COMPUTACION
20336977;;M;21;CHILENO;;Z;MAIPU;METROPOLITANA;289990;1;1;1;1;289990;0;0;0;NTBK X415 Core i3-10110U/4GB/256GB SSD/14P FHD;COMPUTACION
5804823;Casado;M;72;CHILENO;;Silencioso;RENCA                         ;METROPOLITANA;503980;2;1;0;0;0;2;1;503980;NTBK IP3 Ryzen 5-5500 8GB/256SSD/14P FHD;COMPUTACION
18596225;Soltero;M;28;CHILENO;PSICOLOGO;Millenial;PROVIDENCIA                   ;METROPOLITANA;299980;2;2;1;1;139990;1;1;159990;Multifuncional EcoTank L3210;COMPUTACION
20137253;;F;23;CHILENO;;Z;TALAGANTE                     ;METROPOLITANA;209990;1;1;1;1;209990;0;0;0;Galaxy Tab A8 (10.5, 64GB, WIFI) Gray;COMPUTACION
12631551;;F;48;CHILENO;;X;PENAFLOR                      ;METROPOLITANA;289971;5;3;4;2;199980;1;1;89991;TAB Galaxy A7 Lite (8.7, 32GB, WIFI);COMPUTACION
17682712;;F;31;CHILENO;;Millenial;MELIPILLA;METROPOLITANA;169980;2;2;2;2;169980;0;0;0;Multifuncional EcoTank L3210;COMPUTACION
18186494;;F;30;CHILENO;;Millenial;LA FLORIDA                    ;METROPOLITANA;59990;1;1;1;1;59990;0;0;0;Multifuncional DeskJet Ink Advantage 3775 Wifi;COMPUTACION
16386189;;M;35;CHILENO;;Millenial;N/D;N/D;245980;2;1;0;0;0;2;1;245980;Galaxy Tab A8 (10.5, 32GB, WIFI) Gray;COMPUTACION
19952836;;F;23;CHILENO;;Z;"";"";48960;4;4;0;0;0;4;4;48960;NTBK 240 G8 Core i3-1005G1/4GB/1TB/14P;COMPUTACION
20290861;;F;21;CHILENO;;Z;PROVIDENCIA                   ;METROPOLITANA;435980;2;1;2;1;435980;0;0;0;TAB Galaxy S7 FE (12.4, 128GB WIFI) SILVER;COMPUTACION
17929079;;M;30;CHILENO;;Millenial;N/D;N/D;179990;1;1;0;0;0;1;1;179990;NTBK 15-dw1080la Celeron N4020/4GB/1TB/15P;COMPUTACION
15337630;Casado;M;40;CHILENO;;X;PROVIDENCIA                   ;METROPOLITANA;48980;2;1;2;1;48980;0;0;0;ROUTER AX3 DUAL CORE;COMPUTACION
16024544;;F;36;CHILENO;;Millenial;PROVIDENCIA                   ;METROPOLITANA;149990;1;1;1;1;149990;0;0;0;Tab M10 Plus FHD 4GB 64GB 10.3P platinum grey;COMPUTACION
13276332;;M;45;CHILENO;;X;PENALOLEN                     ;METROPOLITANA;154131;3;1;0;0;0;3;1;154131;TAB Galaxy A7 Lite (8.7, 32GB, WIFI + 4G);COMPUTACION
16435003;;F;35;CHILENO;;Millenial;RENCA                         ;METROPOLITANA;456970;3;3;0;0;0;3;3;456970;Multifuncional EcoTank L3210;COMPUTACION
8438789;;M;64;CHILENO;;Boomers;PUENTE ALTO                   ;METROPOLITANA;203980;2;1;0;0;0;2;1;203980;NTBK IP S145 AMD A4-9125/4GB/500GB/14P;COMPUTACION
15375731;;F;39;CHILENO;;X;PROVIDENCIA                   ;METROPOLITANA;503940;6;4;6;4;503940;0;0;0;TAB Galaxy A7 Lite (8.7, 64GB, WIFI);COMPUTACION
25855094;Soltero;M;32;VENEZOLANO;MEDICO CIRUJANO;Extranjero;PROVIDENCIA                   ;METROPOLITANA;603980;2;1;2;1;603980;0;0;0;NTBK IP5 Ryzen 7-4700U/16GB/256GB SSD/15P FHD;COMPUTACION
12924639;;M;53;CHILENO;;X;N/D;N/D;391970;3;2;0;0;0;3;2;391970;Galaxy Tab A8 (10.5, 32GB, LTE) Gray;COMPUTACION
12681371;;M;48;CHILENO;;X;N/D;N/D;1948900;10;3;8;2;1538920;2;1;409980;NTBK IP3 Athlon 3050U/8GB/1TB/14P;COMPUTACION
24201606;;F;55;COLOMBIANO;;Extranjero;SANTIAGO                      ;METROPOLITANA;215980;2;1;0;0;0;2;1;215980;NTBK HT14 Celeron N4020 4GB/128GB SSD/14P;COMPUTACION
9940965;;M;59;CHILENO;;Boomers;VICTORIA                      ;ARAUCANIA;1394620;7;2;0;0;0;7;2;1394620;NTBK IP3 Ryzen 3-5300U/8GB/256GB SSD/14P FHD;COMPUTACION
18316749;;M;29;CHILENO;;Millenial;FREIRINA                      ;ATACAMA;1652770;10;5;8;4;1353800;2;1;298970;NTBK 348 G7 Core i5-10210U/4GB/1TB/14P;COMPUTACION
17605438;;M;33;CHILENO;;Millenial;RENCA                         ;METROPOLITANA;510000;7;1;0;0;0;7;1;510000;NTBK 15-dw1080la Celeron N4020/4GB/1TB/15P;COMPUTACION
15552984;;F;36;CHILENO;;Millenial;PUDAHUEL;METROPOLITANA;197960;4;2;4;2;197960;0;0;0;TAB GAMER 7 QUAD CORE 2G+16G 8715;COMPUTACION
9086523;Casado;M;61;CHILENO;CONTADOR GENERAL;Boomers;PROVIDENCIA                   ;METROPOLITANA;254980;2;1;2;1;254980;0;0;0;NTBK M3500 Ryzen 5 -5600H/8GB/512GB SSD/15P FHD;COMPUTACION
17720588;Soltero;F;28;CHILENO;INGENIERO EN PREVENCION DE RIESGOS;Millenial;CASTRO;LOS LAGOS;410980;2;1;2;1;410980;0;0;0;TAB Galaxy S7 FE (12.4, 64GB WIFI) SILVER;COMPUTACION
22201603;;F;23;EXTRANJERO - NO INFORMA NACIONALIDAD ;;Extranjero;PROVIDENCIA                   ;METROPOLITANA;64980;2;1;0;0;0;2;1;64980;TAB MLAB MBX 8 QUAD CORE 1G+16G 8716;COMPUTACION
15729650;;M;46;CHILENO;;X;NOGALES                       ;VALPARAISO;379990;1;1;0;0;0;1;1;379990;NTBK IP3 Ryzen 3-5300U/8GB/256GB SSD/14P FHD;COMPUTACION
6142813;;M;70;CHILENO;;Silencioso;CHILLAN                       ;BIO BIO;289980;2;2;0;0;0;2;2;289980;NTBK D330 Celeron N4020/4GB/64GB/10P+OfficeHS;COMPUTACION
12122455;;M;40;CHILENO;;X;PUTAENDO                      ;VALPARAISO;137990;1;1;0;0;0;1;1;137990;Multifuncional Smart tank 530 WiFi ADF;COMPUTACION
18173764;;F;29;CHILENO;;Millenial;VALDIVIA                      ;LOS RIOS;38990;1;1;0;0;0;1;1;38990;TAB 7 MB4 Plus 4Core 1GB 16GB 7 Plata;COMPUTACION
25907456;;M;29;ECUATORIANO;;Extranjero;N/D;N/D;189990;1;1;0;0;0;1;1;189990;NTBK IP S145 AMD A4-9125/4GB/500GB/14P;COMPUTACION
22938301;;M;42;PERUANO;;Extranjero;QUINTA NORMAL                 ;METROPOLITANA;279990;2;1;0;0;0;2;1;279990;NTBK 240 G8 Celeron N4020/4GB/500GB/14P;COMPUTACION
16132900;;M;37;CHILENO;;Millenial;ANTOFAGASTA                   ;ANTOFAGASTA;433940;6;2;0;0;0;6;2;433940;NTBK HT14 Celeron N4020 4GB/128GB SSD/14P;COMPUTACION
13598517;;M;42;CHILENO;;X;OSORNO;LOS LAGOS;149990;1;1;0;0;0;1;1;149990;Multifuncional EcoTank L3210;COMPUTACION
14109095;;M;41;CHILENO;;X;"";"";233960;4;3;0;0;0;4;3;233960;Multifuncional DeskJet Ink Advantage 3775 Wifi;COMPUTACION
12945949;;F;45;CHILENO;;X;LOS VILOS                     ;COQUIMBO;519990;1;1;1;1;519990;0;0;0;NTBK Aspire 5 Ci3-10110U/12GB/512GB SSD/15P FHD;COMPUTACION
10566501;;M;54;CHILENO;;X;PENAFLOR                      ;METROPOLITANA;369990;1;1;0;0;0;1;1;369990;NTBK IP3 Athlon 3050U/8GB/1TB/14P;COMPUTACION
16504674;;M;35;CHILENO;;Millenial;N/D;N/D;235980;2;1;0;0;0;2;1;235980;Multifuncional EcoTank L3250 Wifi;COMPUTACION
16974541;;F;34;CHILENO;;Millenial;COLLIPULLI                    ;ARAUCANIA;159990;1;1;0;0;0;1;1;159990;Multifuncional EcoTank L3210;COMPUTACION
19560549;;F;25;CHILENO;;Z;CALERA DE TANGO               ;METROPOLITANA;49980;2;1;2;1;49980;0;0;0;Impresora Laser HL-1202 Monocromatica;COMPUTACION
25435885;;M;36;HAITIANO;;Extranjero;SAN ANTONIO                   ;VALPARAISO;296970;3;2;0;0;0;3;2;296970;NTBK 15-dw1080la Celeron N4020/4GB/1TB/15P;COMPUTACION
9324379;;M;60;CHILENO;;Boomers;LO ESPEJO                     ;METROPOLITANA;149990;1;1;0;0;0;1;1;149990;Multifuncional EcoTank L3210;COMPUTACION
12568913;;M;47;CHILENO;;X;RENCA                         ;METROPOLITANA;390980;2;1;0;0;0;2;1;390980;NTBK Herobook Celeron N4020/8GB/256SSD/14P FHD;COMPUTACION
26984744;;M;30;BOLIVIANO;;Extranjero;N/D;N/D;569360;3;4;0;0;0;3;4;569360;NTBK 240 G8 Core i3-1005G1/4GB/1TB/14P;COMPUTACION
26336429;;F;58;EXTRANJERO - NO INFORMA NACIONALIDAD;;Extranjero;PROVIDENCIA                   ;METROPOLITANA;519970;4;2;0;0;0;4;2;519970;Multifuncional EcoTank L3210;COMPUTACION
18450043;;F;29;CHILENO;;Millenial;"";"";155840;2;1;2;1;155840;0;0;0;Multifuncional EcoTank L3210;COMPUTACION
12212335;;M;50;CHILENO;;Millenial;N/D;N/D;341980;2;1;0;0;0;2;1;341980;NTBK IP3i Celeron N4020/4G/500GB/14P/Rojo;COMPUTACION
12543744;Casado;M;52;CHILENO;;X;PROVIDENCIA                   ;METROPOLITANA;533960;4;3;0;0;0;4;3;533960;NTBK IP3 Ryzen 3-5300U/8GB/256GB SSD/14P FHD;COMPUTACION
13926942;;M;42;CHILENO;;X;CERRO NAVIA                   ;METROPOLITANA;1163560;3;2;0;0;0;3;2;1163560;NTBK GAMER GF66 Ci5-11400H/8GB/512GB/GTX1650 4GB;COMPUTACION
9811483;Casado;F;58;CHILENO;TECNICO;Boomers;RENCA                         ;METROPOLITANA;587800;18;5;18;5;587800;0;0;0;Impresora Laser HL-1202 Monocromatica;COMPUTACION
16642152;;M;35;CHILENO;;Millenial;PROVIDENCIA                   ;METROPOLITANA;239990;1;1;1;1;239990;0;0;0;NTBK 14-cf2097la Pentium Gold 6405U/8GB/256GB/14;COMPUTACION
17756332;;F;31;CHILENO;;Millenial;N/D;N/D;39990;1;1;0;0;0;1;1;39990;TAB 7 MB4 Plus 4Core 1GB 16GB 7 Plata;COMPUTACION
10956504;;F;53;CHILENO;;X;PROVIDENCIA                   ;METROPOLITANA;54990;1;1;0;0;0;1;1;54990;TAB 7 PLAY AND LEARN PLUS BLUE 8868;COMPUTACION
26247161;;F;30;VENEZOLANO;;Extranjero;"";"";243980;2;1;2;1;243980;0;0;0;NTKB X415MA-EK490T;COMPUTACION
7010991;;M;54;CHILENO;;X;LAS CONDES                    ;METROPOLITANA;126980;2;2;0;0;0;2;2;126980;Multifuncional Pixma TR4522 Wifi;COMPUTACION
13482944;;M;44;CHILENO;;X;PROVIDENCIA                   ;METROPOLITANA;499990;1;1;1;1;499990;0;0;0;NTBK M14 Ryzen 5-5500U 8GB/256GB SSD/14P FHD;COMPUTACION
18142763;;F;30;CHILENO;;Millenial;SAN PEDRO DE LA PAZ           ;BIO BIO;282230;3;1;0;0;0;3;1;282230;NTBK HT14 Celeron N4020 4GB/128GB SSD/14P;COMPUTACION
19876841;;M;23;CHILENO;;Z;PROVIDENCIA                   ;METROPOLITANA;244980;2;1;2;1;244980;0;0;0;NTBK 14-cf2097la Pentium Gold 6405U/8GB/256GB/14;COMPUTACION
18139523;;F;30;CHILENO;;Millenial;VILLARICA                     ;ARAUCANIA;212970;3;2;0;0;0;3;2;212970;Tab M10 HD 2G-32GB 10.1 Iron grey WiFi;COMPUTACION
22527723;;M;42;BOLIVIANO;;Extranjero;N/D;N/D;715970;3;2;0;0;0;3;2;715970;NTBK IP3 Athlon 3050U/8GB/1TB/14P;COMPUTACION
19297707;Soltero;M;25;CHILENO;;Z;"";"";119990;1;1;0;0;0;1;1;119990;Multifuncional Pixma TR4522 Wifi;COMPUTACION
8165356;;F;64;CHILENO;;Boomers;OVALLE                        ;COQUIMBO;231990;1;1;0;0;0;1;1;231990;NTBK IP Chromebook Octacore/4GB/128GB/10P FHD;COMPUTACION
9495383;;M;57;CHILENO;;Boomers;CERRO NAVIA                   ;METROPOLITANA;229990;1;1;0;0;0;1;1;229990;NTBK 240 G8 Celeron N4020/4GB/500GB/14P;COMPUTACION
11895024;;M;51;CHILENO;;X;MAULE                         ;MAULE;1450240;7;3;0;0;0;7;3;1450240;NTBK 240 G8 Celeron N4020/4GB/500GB/14P;COMPUTACION
16323655;Casado;M;35;CHILENO;INGENIERO EN TELECOMUNICACIONES;Millenial;PROVIDENCIA                   ;METROPOLITANA;399990;1;1;1;1;399990;0;0;0;NTBK IP3 Ryzen 3-5300U/8GB/256GB SSD/14P FHD;COMPUTACION
15063756;;F;41;CHILENO;;X;N/D;N/D;186940;6;4;3;1;74970;3;3;111970;TAB 7 MB4 Plus 4Core 1GB 16GB 7 Plata;COMPUTACION
18482615;Soltero;F;29;CHILENO;PSICOLOGO;Millenial;PROVIDENCIA                   ;METROPOLITANA;45990;1;1;0;0;0;1;1;45990;TAB MLAB MBX 8 QUAD CORE 1G+16G 8716;COMPUTACION
10454648;;F;58;CHILENO;;Boomers;EL BOSQUE                     ;METROPOLITANA;245980;2;1;0;0;0;2;1;245980;NTBK IP3i Celeron N4020/4G/500GB/14P/Rojo;COMPUTACION
16324705;;M;36;CHILENO;;Millenial;PROVIDENCIA                   ;METROPOLITANA;84990;1;1;0;0;0;1;1;84990;Tab M7 1G-16GB 7 IPS HD LTE/4G;COMPUTACION
9731471;;M;59;CHILENO;;Boomers;ISLA DE MAIPO                 ;METROPOLITANA;235980;2;1;0;0;0;2;1;235980;NTBK IP3i Celeron N4020/4G/500GB/14P/Rojo;COMPUTACION
15757220;;M;38;CHILENO;;Millenial;N/D;N/D;144980;2;2;0;0;0;2;2;144980;TAB M8 QC 2GB 32GB 8P Gris;COMPUTACION
17596700;;M;32;CHILENO;;Millenial;CURACAVI;METROPOLITANA;108970;3;1;3;1;108970;0;0;0;TAB 7 PLAY AND LEARN PLUS BLUE 8868;COMPUTACION
9753152;;M;57;CHILENO;;Boomers;COPIAPO                       ;ATACAMA;0;0;2;0;0;0;0;2;0;Multifuncional DeskJet Ink Advantage 2752 Wifi;COMPUTACION
13908153;;M;42;CHILENO;;X;RENCA                         ;METROPOLITANA;139990;1;1;1;1;139990;0;0;0;Tab M10 FHD Plus LTE 10.3IN 2GB 32GB;COMPUTACION
17358973;;F;33;CHILENO;;Millenial;VALDIVIA;LOS LAGOS;34990;1;1;1;1;34990;0;0;0;TAB 7 MB4 Plus 4Core 1GB 16GB 7 Plata;COMPUTACION
18810951;Soltero;F;27;CHILENO;PROFESOR;Millenial;PROVIDENCIA                   ;METROPOLITANA;375840;2;1;2;1;375840;0;0;0;NTBK Aspire 3 Athlon 3020e/8GB/256GB SSD/14P;COMPUTACION
18749795;Soltero;F;28;CHILENO;;Millenial;PROVIDENCIA                   ;METROPOLITANA;303980;2;1;2;1;303980;0;0;0;TAB P11 6GB128SG Pen Slate Grey;COMPUTACION
18494318;;M;29;CHILENO;;Millenial;LA SERENA                     ;COQUIMBO;507540;2;1;2;1;507540;0;0;0;TAB Galaxy S7 FE (12.4, 128GB WIFI) BLACK;COMPUTACION
9112726;;M;60;CHILENO;;Boomers;ARAUCO                        ;BIO BIO;399990;1;3;0;0;0;1;3;399990;NTBK IP3 Ryzen 3-3250U/8GB/1TB/15P;COMPUTACION
10194637;;F;58;CHILENO;;Boomers;ANTOFAGASTA                   ;ANTOFAGASTA;399980;2;1;0;0;0;2;1;399980;NTBK 240 G8 Core i3-1005G1/4GB/1TB/14P;COMPUTACION
20007258;;M;22;CHILENO;;Z;PROVIDENCIA                   ;METROPOLITANA;49990;1;1;1;1;49990;0;0;0;TAB MLAB MBX 8 QUAD CORE 1G+16G 8716;COMPUTACION
18749779;Soltero;F;27;CHILENO;;Millenial;N/D;N/D;303980;2;1;2;1;303980;0;0;0;TAB S6 Lite (610) 4GB 64GB 10.4P PINK;COMPUTACION
17833841;;F;31;CHILENO;;Extranjero;PROVIDENCIA                   ;METROPOLITANA;53980;2;1;2;1;53980;0;0;0;TAB 7 PLAY AND LEARN PLUS PURPLE 8867;COMPUTACION
17096322;;M;33;CHILENO;;Millenial;PROVIDENCIA                   ;METROPOLITANA;269990;1;1;1;1;269990;0;0;0;NTBK IP3 Core i3-1115G4/4GB/512GB SSD/14P FHD;COMPUTACION
20194594;;M;23;CHILENO;;Z;N/D;N/D;157970;3;2;0;0;0;3;2;157970;TAB Galaxy A7 Lite (8.7, 32GB, WIFI);COMPUTACION
16382861;;M;36;CHILENO;;Millenial;PROVIDENCIA                   ;METROPOLITANA;223980;2;1;2;1;223980;0;0;0;NTBK IP3i Celeron N4020/4G/500GB/14P/Rojo;COMPUTACION
19502578;;F;24;CHILENO;;Z;PROVIDENCIA                   ;METROPOLITANA;658540;2;1;2;1;658540;0;0;0;PC OMG! Serie IRX560BSO;COMPUTACION
6112039;;M;73;CHILENO;;Silencioso;N/D;N/D;624980;2;1;2;1;624980;0;0;0;NTBK 14-dq2028la Ci5-1135G7/8GB256GB+16GB/FHD;COMPUTACION
18627616;Soltero;F;28;CHILENO;;Extranjero;PROVIDENCIA                   ;METROPOLITANA;38980;2;1;2;1;38980;0;0;0;TABLET MLAB 7 MB4 PLUS 1+16GB RED;COMPUTACION
20534105;;F;21;CHILENO;;Z;CERRILLOS                     ;METROPOLITANA;48980;2;1;0;0;0;2;1;48980;TAB 7 MB4 Plus 4Core 1GB 16GB 7 Negra;COMPUTACION
7532933;;M;65;CHILENO;;Boomers;LEBU                          ;BIO BIO;419990;1;1;0;0;0;1;1;419990;NTBK IP3 Ryzen 3-3250U/8GB/1TB/15P;COMPUTACION
17290541;;F;33;CHILENO;;Millenial;COIHAIQUE                     ;AYSEN;384970;3;2;1;1;239990;2;1;144980;Multifuncional Pixma TR4522 Wifi;COMPUTACION
20140464;;F;23;CHILENO;;Z;PROVIDENCIA                   ;METROPOLITANA;38980;2;1;2;1;38980;0;0;0;TABLET MLAB 7 MB4 PLUS 1+16GB RED;COMPUTACION
14065102;;F;41;CHILENO;;X;N/D;N/D;388960;4;2;2;1;223980;2;1;164980;MONITOR LS27F350FHLXZS 1920X1080 PLANO;COMPUTACION
17998470;;F;30;CHILENO;;Millenial;LA SERENA                     ;COQUIMBO;134530;3;2;3;2;134530;0;0;0;TAB Galaxy A7 Lite (8.7, 32GB, WIFI);COMPUTACION
17007220;;M;33;CHILENO;;Millenial;N/D;N/D;49990;1;1;0;0;0;1;1;49990;TAB MLAB MBX 8 QUAD CORE 1G+16G 8716;COMPUTACION
24452775;;F;31;BOLIVIANO;;Extranjero;ANTOFAGASTA                   ;ANTOFAGASTA;34990;1;1;0;0;0;1;1;34990;TAB 7 MB4 Plus 4Core 1GB 16GB 7 Negra;COMPUTACION
14046974;;F;40;CHILENO;;X;PROVIDENCIA                   ;METROPOLITANA;34990;1;1;0;0;0;1;1;34990;TABLET MLAB 7 MB4 PLUS 1+16GB RED;COMPUTACION
23754905;;M;53;COLOMBIANO;;Extranjero;ANTOFAGASTA                   ;ANTOFAGASTA;302960;4;2;0;0;0;4;2;302960;NTBK 240G7 CelN4020 14 4GB/500 PC;COMPUTACION
17288181;;M;32;CHILENO;;Millenial;PROVIDENCIA                   ;METROPOLITANA;399990;1;1;1;1;399990;0;0;0;NTBK IP3 Ryzen 3-5300U/8GB/256GB SSD/14P FHD;COMPUTACION
9734882;;M;58;CHILENO;;Boomers;RENGO                         ;L.G.B.OÂ´HIGGINS;109990;1;1;0;0;0;1;1;109990;Tablet HMS Matepad T10;COMPUTACION
4874042;;M;78;CHILENO;;Silencioso;"";"";244970;3;1;0;0;0;3;1;244970;Tab M10 HD 2G-32GB 10.1 Iron grey WiFi;COMPUTACION
15779221;;F;37;CHILENO;;Millenial;TALAGANTE                     ;METROPOLITANA;651940;6;3;6;3;651940;0;0;0;NTBK ASUS Ci3/4GB/128GB Win+Tec Ingles+S/adap;COMPUTACION
17240199;;F;32;CHILENO;;Millenial;PROVIDENCIA                   ;METROPOLITANA;139980;2;1;0;0;0;2;1;139980;Tab M10 HD 2G-32GB 10.1 Iron grey WiFi;COMPUTACION
17594293;;F;32;CHILENO;;Millenial;COIHAIQUE                     ;AYSEN;1233900;10;7;0;0;0;10;7;1233900;NTBK 240 G8 Celeron N4020/4GB/500GB/14P;COMPUTACION
15925792;Soltero;M;38;CHILENO;TECNICO EN AUTOMATIZACION Y CONTROL INDUSTRIAL;Millenial;PROVIDENCIA                   ;METROPOLITANA;49990;1;1;1;1;49990;0;0;0;TAB MLAB MBX 8 QUAD CORE 1G+16G 8716;COMPUTACION
18586825;Soltero;M;28;CHILENO;;Millenial;VICTORIA                      ;ARAUCANIA;104980;3;2;0;0;0;3;2;104980;TAB MLAB MBX 8 QUAD CORE 1G+16G 8716;COMPUTACION
19230712;;F;25;CHILENO;;Z;PADRE HURTADO                 ;METROPOLITANA;129980;2;1;0;0;0;2;1;129980;TAB M8 QC 2GB 32GB 8P Gris;COMPUTACION
16005315;;F;35;CHILENO;;Millenial;PROVIDENCIA                   ;METROPOLITANA;88980;2;1;2;1;88980;0;0;0;TAB M8 QC 2GB 32GB 8P Gris;COMPUTACION
15429951;;M;40;CHILENO;;X;N/D;N/D;99990;1;1;1;1;99990;0;0;0;TAB Galaxy A7 Lite (8.7, 32GB, WIFI);COMPUTACION
18517141;;M;28;CHILENO;;Millenial;LA LIGUA                      ;VALPARAISO;501980;2;1;0;0;0;2;1;501980;NTBK IP3 Ryzen 3-3250U/8GB/1TB/15P;COMPUTACION
8177516;;M;64;CHILENO;;Boomers;N/D;N/D;571960;4;1;0;0;0;4;1;571960;Tab Yoga Smart;COMPUTACION
24364063;;F;35;COLOMBIANO;;Extranjero;N/D;N/D;298980;2;1;2;1;298980;0;0;0;TAB S6 Lite (610) 4GB 64GB 10.4P PINK;COMPUTACION
20317973;;M;22;CHILENO;;Silencioso;COIHAIQUE                     ;AYSEN;452980;2;1;0;0;0;2;1;452980;NTBK Aspire 3 Athlon 3020e/8GB/256GB SSD/14P;COMPUTACION
12672885;;F;48;CHILENO;;X;N/D;N/D;54990;2;1;2;1;54990;0;0;0;TABLET 7 KIDS + KID CASE 1+16;COMPUTACION
19514858;;M;25;CHILENO;;Silencioso;PROVIDENCIA                   ;METROPOLITANA;89990;2;3;2;3;89990;0;0;0;Galaxy Tab A7 (10.4 ,32GB, WIFI) Dark Gray;COMPUTACION
19696098;;F;25;CHILENO;;Z;PROVIDENCIA                   ;METROPOLITANA;664990;2;1;2;1;664990;0;0;0;TABLET GALAXY S7 (T870) 128GB 11P Cooper;COMPUTACION
20610742;;F;21;CHILENO;;Z;PROVIDENCIA                   ;METROPOLITANA;283960;4;2;4;2;283960;0;0;0;TABLET TCL TAB 10NEO CREAM MINT + KEYBOARD;COMPUTACION
8452086;;M;51;CHILENO;;X;LA SERENA                     ;COQUIMBO;591990;1;1;0;0;0;1;1;591990;NTBK 15-dk1028la Ci5-10300H/8GB/256SSD/1050 3GB;COMPUTACION
16740761;;F;35;CHILENO;;Millenial;N/D;N/D;109980;3;1;3;1;109980;0;0;0;TABLET 7 KIDS + KID CASE 1+16;COMPUTACION
8182771;;F;63;CHILENO;;Boomers;SAN FABIAN                    ;BIO BIO;339990;1;1;0;0;0;1;1;339990;AIO IC Athlon 3050U 4GB 1TB 21.5P;COMPUTACION
8361560;;M;65;CHILENO;;Boomers;ARICA                         ;ARICA Y PARINACOTA;79990;1;1;0;0;0;1;1;79990;Multifuncional DeskJet Ink Advantage 3775 Wifi;COMPUTACION
10560435;;F;56;CHILENO;;Boomers;ARAUCO                        ;BIO BIO;524980;2;2;0;0;0;2;2;524980;TAB Galaxy A7 Lite (8.7, 32GB, WIFI);COMPUTACION
9160869;;F;60;CHILENO;;Boomers;HIJUELAS                      ;VALPARAISO;298670;2;1;0;0;0;2;1;298670;NTBK IP1 AMD 3020e/4GB/64GB eMMC/14P;COMPUTACION
19142657;;F;26;CHILENO;;Z;N/D;N/D;109990;1;1;0;0;0;1;1;109990;Matepad T10S WIFI 2+32 GB;COMPUTACION
25520426;;M;44;HAITIANO;;Extranjero;SAN BERNARDO                  ;METROPOLITANA;117470;2;1;0;0;0;2;1;117470;Tab M7 1G-16GB 7 IPS HD LTE/4G;COMPUTACION
10361776;Casado;M;56;CHILENO;;Boomers;RENCA                         ;METROPOLITANA;866360;3;1;0;0;0;3;1;866360;NTBK 15-dk0007la Core i7 16GB 1TB+128 1660ti 6GB;COMPUTACION
11425933;;F;53;CHILENO;;X;PROVIDENCIA                   ;METROPOLITANA;278670;2;1;0;0;0;2;1;278670;MULTIFUNCIONAL ECOTANK L5190 Wifi/ Fax;COMPUTACION
10864364;;M;53;CHILENO;;X;SAN BERNARDO                  ;METROPOLITANA;408660;3;2;0;0;0;3;2;408660;MULTIFUNCIONAL ECOTANK L5190 Wifi/ Fax;COMPUTACION
12545159;;M;48;CHILENO;;X;PARRAL                        ;MAULE;309990;1;1;0;0;0;1;1;309990;TAB S6 Lite (610) 4GB 64GB 10.4P DARK GREY;COMPUTACION
15445835;;F;39;CHILENO;;X;PROVIDENCIA                   ;METROPOLITANA;299990;1;1;1;1;299990;0;0;0;NTBK 240 G8 Core i3-1005G1/4GB/1TB/14P;COMPUTACION
18326627;;F;29;CHILENO;;Millenial;LAMPA;METROPOLITANA;133980;2;1;2;1;133980;0;0;0;Galaxy Tab A7 (10.4 ,32GB, WIFI) Dark Gray;COMPUTACION
17044724;;F;33;CHILENO;;Millenial;PROVIDENCIA                   ;METROPOLITANA;1153980;2;1;2;1;1153980;0;0;0;MBP 13.3 SPG/8C CPU/8C GPU/8GB/256GB-BES (MYD82B;COMPUTACION
20458142;;M;21;CHILENO;;Z;"";"";207540;2;1;2;1;207540;0;0;0;Monitor Emerald 27P 165Hz Full HD;COMPUTACION
18109513;Soltero;M;30;CHILENO;;Millenial;CHILLAN                       ;BIO BIO;591990;1;1;0;0;0;1;1;591990;NTBK 15-dk1028la Ci5-10300H/8GB/256SSD/1050 3GB;COMPUTACION
5820318;;M;72;CHILENO;;Silencioso;TALCAHUANO                    ;BIO BIO;99990;1;1;0;0;0;1;1;99990;Tablet HMS Matepad T10;COMPUTACION
18671488;;M;27;CHILENO;;Millenial;CANETE                        ;BIO BIO;139990;1;1;0;0;0;1;1;139990;Galaxy Tab A7 (10.4 ,32GB, WIFI + 4G) Dark Gray;COMPUTACION
11437358;;M;53;CHILENO;;X;CHEPICA                       ;L.G.B.OÂ´HIGGINS;109990;1;1;1;1;109990;0;0;0;Multifuncional Pixma TR4522 Wifi;COMPUTACION
16867110;;F;37;CHILENO;;Millenial;PROVIDENCIA                   ;METROPOLITANA;139990;1;1;0;0;0;1;1;139990;Multifuncional Ink Tank 415 Wifi;COMPUTACION
18648901;Soltero;M;27;CHILENO;;Millenial;RANCAGUA;O HIGGINS;454950;5;4;3;3;309970;2;1;144980;Tab M10 HD 2G-32GB 10.1 Iron grey WiFi;COMPUTACION
12723326;;F;49;CHILENO;;X;PROVIDENCIA                   ;METROPOLITANA;369970;3;2;3;2;369970;0;0;0;TAB Galaxy A 8 + S Pen (8, 32GB, WIFI);COMPUTACION
20454508;;F;21;CHILENO;;Z;ANGOL                         ;ARAUCANIA;129990;1;1;1;1;129990;0;0;0;Galaxy Tab A7 (10.4 ,32GB, WIFI) Dark Gray;COMPUTACION
15853807;Soltero;M;38;CHILENO;INGENIERO CIVIL INFORMATICO;Millenial;RENCA                         ;METROPOLITANA;363960;4;2;4;2;363960;0;0;0;Multifuncional DCPT520W Wifi;COMPUTACION
22268688;;F;41;ECUATORIANO;;Extranjero;LINARES                       ;MAULE;379980;2;1;0;0;0;2;1;379980;NTBK GemiBook Celeron/12GB/256GB/2K/Tec-Ingles;COMPUTACION
17908090;;F;30;CHILENO;;Millenial;PROVIDENCIA                   ;METROPOLITANA;89990;2;1;2;1;89990;0;0;0;TAB Galaxy A7 Lite (8.7, 32GB, WIFI);COMPUTACION
16120370;;M;36;CHILENO;;Millenial;RETIRO                        ;MAULE;222080;4;2;0;0;0;4;2;222080;Tab M10 HD 2G-32GB 10.1 Iron grey WiFi;COMPUTACION
7126131;;F;63;CHILENO;;Boomers;MAIPU                         ;METROPOLITANA;320359;3;1;0;0;0;3;1;320359;NTBK IP1 AMD 3020e/4GB/64GB eMMC/14P;COMPUTACION
9310452;Casado;M;59;CHILENO;;Boomers;CORONEL                       ;BIO BIO;99990;1;1;0;0;0;1;1;99990;TAB Galaxy A7 Lite (8.7, 32GB, WIFI);COMPUTACION
16789918;;F;34;CHILENO;;Millenial;QUINTA NORMAL                 ;METROPOLITANA;479990;2;1;2;1;479990;0;0;0;NTBK D15 Core i3-10110U/8GB/256GB SSD/15P FHD;COMPUTACION
18257485;Soltero;F;29;CHILENO;;Millenial;PROVIDENCIA                   ;METROPOLITANA;274980;2;1;2;1;274980;0;0;0;NTBK 240 G8 Celeron N4020/4GB/500GB/14P;COMPUTACION
15749524;;M;38;CHILENO;;Millenial;N/D;N/D;89990;1;1;1;1;89990;0;0;0;TAB Galaxy A7 Lite (8.7, 32GB, WIFI);COMPUTACION
19161350;;F;27;CHILENO;;Silencioso;PROVIDENCIA                   ;METROPOLITANA;129990;1;1;1;1;129990;0;0;0;Galaxy Tab A7 (10.4 ,32GB, WIFI) Dark Gray;COMPUTACION
17415156;;M;32;CHILENO;;Millenial;N/D;N/D;629990;2;1;2;1;629990;0;0;0;NTBK Gaming 3 Ryzen 5 4600H 8GB 512SSD G1650 4GB;COMPUTACION
14136369;;F;41;CHILENO;;X;PROVIDENCIA                   ;METROPOLITANA;198860;3;1;0;0;0;3;1;198860;Galaxy Tab A7 (10.4 ,32GB, WIFI + 4G) Dark Gray;COMPUTACION
11505884;;F;52;CHILENO;;X;ARICA                         ;ARICA Y PARINACOTA;365260;2;1;0;0;0;2;1;365260;NTBK 240G7 CelN4020 14 4GB/500 PC;COMPUTACION
16653711;;F;36;CHILENO;;Silencioso;PROVIDENCIA                   ;METROPOLITANA;89990;2;1;2;1;89990;0;0;0;TAB Galaxy A7 Lite (8.7, 32GB, WIFI);COMPUTACION
14383588;;F;41;CHILENO;;Millenial;LA FLORIDA                    ;METROPOLITANA;223970;3;1;3;1;223970;0;0;0;TAB Galaxy A7 Lite (8.7, 32GB, WIFI + 4G);COMPUTACION
19104266;;F;26;CHILENO;;Z;ANTOFAGASTA                   ;ANTOFAGASTA;54990;1;1;1;1;54990;0;0;0;TAB 7 PLAY AND LEARN PLUS BLUE 8868;COMPUTACION
16110568;;F;37;CHILENO;;Millenial;OVALLE                        ;COQUIMBO;149990;1;1;0;0;0;1;1;149990;Monitor Display 23.8;COMPUTACION
26004034;Soltero;M;44;VENEZOLANO;;Extranjero;PROVIDENCIA                   ;METROPOLITANA;133980;2;1;2;1;133980;0;0;0;Galaxy Tab A7 (10.4 ,32GB, WIFI) Dark Gray;COMPUTACION
18284877;;M;30;CHILENO;;Millenial;N/D;N/D;54990;1;1;0;0;0;1;1;54990;Multifuncional XP-2101 wifi;COMPUTACION
13897612;;F;42;CHILENO;;X;QUILLOTA                      ;VALPARAISO;524980;2;1;2;1;524980;0;0;0;NTBK CoreBook X i5-8259U/ 8GB/ 512GB SSD/ 14/ W1;COMPUTACION
9204778;;M;60;CHILENO;;Boomers;RENCA                         ;METROPOLITANA;340370;2;1;0;0;0;2;1;340370;NTBK 240G7 CelN4020 14 4GB/500 PC;COMPUTACION
17738172;;F;31;CHILENO;;Millenial;PROVIDENCIA                   ;METROPOLITANA;89990;2;1;2;1;89990;0;0;0;TAB Galaxy A7 Lite (8.7, 32GB, WIFI);COMPUTACION
19645728;;M;25;CHILENO;;Silencioso;PROVIDENCIA                   ;METROPOLITANA;93980;2;1;2;1;93980;0;0;0;TAB Galaxy A7 Lite (8.7, 32GB, WIFI);COMPUTACION
16283491;;F;35;CHILENO;;Silencioso;PROVIDENCIA                   ;METROPOLITANA;55840;2;1;2;1;55840;0;0;0;Impresora Monofuncional Laser 107w;COMPUTACION
11984765;;F;50;CHILENO;;X;TALCAHUANO                    ;BIO BIO;519990;1;1;1;1;519990;0;0;0;NTBK M14 Ryzen 5-5500U 8GB/256GB SSD/14P FHD;COMPUTACION
26889273;;F;34;EXTRANJERO - NO INFORMA NACIONALIDAD;;Extranjero;N/D;N/D;86370;2;1;0;0;0;2;1;86370;Multifuncional XP-2101 wifi;COMPUTACION
15694598;Casado;F;38;CHILENO;PROFESOR;Millenial;RENCA                         ;METROPOLITANA;631540;2;1;2;1;631540;0;0;0;NTBK Vivobook 15.6 FHD i7-1065G7, 8GB, RAM - 1TB;COMPUTACION
13062095;;F;46;CHILENO;;X;RENCA                         ;METROPOLITANA;329990;2;1;2;1;329990;0;0;0;NTBK IP3 Athlon 3050U/8GB/1TB/14P;COMPUTACION
9555891;;F;60;CHILENO;;Boomers;N/D;N/D;449990;2;1;2;1;449990;0;0;0;NTBK CoreBook X i5-8259U/ 8GB/ 512GB SSD/ 14/ W1;COMPUTACION
8316234;;M;60;CHILENO;;Silencioso;PROVIDENCIA                   ;METROPOLITANA;69980;3;1;3;1;69980;0;0;0;Impresora Laser HL-1202 Monocromatica;COMPUTACION
19810999;;F;23;CHILENO;;Z;PROVIDENCIA                   ;METROPOLITANA;636980;2;1;2;1;636980;0;0;0;NTBK Gaming 3 Ryzen 5 4600H 8GB 512SSD G1650 4GB;COMPUTACION
18311451;Soltero;M;29;CHILENO;;Silencioso;PROVIDENCIA                   ;METROPOLITANA;103980;2;1;2;1;103980;0;0;0;TAB Galaxy A7 Lite (8.7, 32GB, WIFI + 4G);COMPUTACION
7627881;;M;62;CHILENO;;Boomers;PROVIDENCIA                   ;METROPOLITANA;153980;2;1;2;1;153980;0;0;0;Multifuncional DCPT520W Wifi;COMPUTACION
15276306;;M;39;CHILENO;;X;N/D;N/D;164400;2;1;0;0;0;2;1;164400;Tab M10 HD 2G-32GB 10.1 Iron grey WiFi;COMPUTACION
9407029;;F;63;CHILENO;;Boomers;N/D;N/D;269990;1;1;1;1;269990;0;0;0;NTBK 240G7 CelN4020 14 4GB/500 PC;COMPUTACION
26956972;;F;33;EXTRANJERO - NO INFORMA NACIONALIDAD;;Extranjero;N/D;N/D;611850;4;3;2;1;533980;2;2;77870;NTBK D15 Core i3-10110U/8GB/256GB SSD/15P FHD;COMPUTACION
19845603;;M;24;CHILENO;;Z;N/D;N/D;1017960;3;1;3;1;1017960;0;0;0;NTBK GAMER GF66 Ci5-11400H/8GB/512GB/GTX1650 4GB;COMPUTACION
6679886;;F;68;CHILENO;;Silencioso;N/D;N/D;159990;1;1;0;0;0;1;1;159990;TAB Galaxy A7 Lite (8.7, 32GB, WIFI + 4G);COMPUTACION
17651898;;M;31;CHILENO;;Silencioso;PROVIDENCIA                   ;METROPOLITANA;33980;2;1;2;1;33980;0;0;0;Impresora Laser HL-1202 Monocromatica;COMPUTACION
14364631;;F;41;CHILENO;;X;PROVIDENCIA                   ;METROPOLITANA;78980;2;1;0;0;0;2;1;78980;IMPRESORA LASER PASHER 3020;COMPUTACION
14535238;;F;48;CHILENO;;X;RENCA                         ;METROPOLITANA;163980;2;1;2;1;163980;0;0;0;Galaxy Tab A7 (10.4 ,64GB, WIFI) Dark Gray;COMPUTACION
16177067;Soltero;M;36;CHILENO;TECNICO MECANICO;Millenial;RENCA                         ;METROPOLITANA;34960;4;1;0;0;0;4;1;34960;T544 DYE MAGENTA INK BOTTLE (65ml);COMPUTACION
20104528;;F;23;CHILENO;;Extranjero;PROVIDENCIA                   ;METROPOLITANA;706980;2;1;2;1;706980;0;0;0;NTBK Gaming 3 Ryzen 5 4600H 8GB 512SSD G1650 4GB;COMPUTACION
11454115;;M;53;CHILENO;;X;DALCAHUE                      ;LOS LAGOS;1136740;3;1;0;0;0;3;1;1136740;NTBK GAMER N5 Ci5-10300H/16GB/512SSD/GTX1650 4GB;COMPUTACION
17451295;;M;32;CHILENO;;Millenial;N/D;N/D;227540;2;1;0;0;0;2;1;227540;Galaxy Tab A7 (10.4 ,32GB, WIFI) Dark Gray;COMPUTACION
11541466;;M;51;CHILENO;;X;PROVIDENCIA                   ;METROPOLITANA;1058540;2;1;2;1;1058540;0;0;0;NTBK Legion 5 R7 16GB 1TB 128SSD 6V W10H;COMPUTACION
13208672;;F;47;CHILENO;;X;LA HIGUERA                    ;COQUIMBO;169990;1;1;0;0;0;1;1;169990;MULTIFUNCIONAL ECOTANK L3150 Wifi;COMPUTACION
18410852;;M;29;CHILENO;;Millenial;CURANILAHUE                   ;BIO BIO;497070;2;1;0;0;0;2;1;497070;NTBK 14-ck2091la i3-10110U 4GB 128GB 14 HD;COMPUTACION
13119768;;M;46;CHILENO;;X;SANTIAGO                      ;METROPOLITANA;253980;2;1;2;1;253980;0;0;0;MULTIFUNCIONAL ECOTANK L5190 Wifi/ Fax;COMPUTACION
19018677;;F;27;CHILENO;;Z;RANCAGUA;O HIGGINS;0;0;0;0;0;0;0;0;0;AIO/Athlon 3050U/4GB/1TB + 256GB/UMA/White;COMPUTACION
19593960;;M;25;CHILENO;;Z;PROVIDENCIA                   ;METROPOLITANA;0;0;0;0;0;0;0;0;0;NTBK 240 G8 Core i3-1005G1/4GB/1TB/14P;COMPUTACION
18439647;;M;28;CHILENO;;Millenial;VICTORIA                      ;ARAUCANIA;0;0;0;0;0;0;0;0;0;Galaxy Tab A7 (10.4 ,32GB, WIFI) Silver;COMPUTACION
8429242;;M;64;CHILENO;;Boomers;LA SERENA                     ;COQUIMBO;0;0;0;0;0;0;0;0;0;NTBK 348G7 i3-10110U 14 4GB/1T PC WHOME;COMPUTACION
9930015;;F;57;CHILENO;;Boomers;CALDERA                       ;ATACAMA;0;0;0;0;0;0;0;0;0;IMPRESORA LASER PASHER 3020;COMPUTACION
16448303;;F;34;CHILENO;;Millenial;LAS CABRAS                    ;L.G.B.OÂ´HIGGINS;0;0;0;0;0;0;0;0;0;MULTIFUNCIONAL ECOTANK L3150 Wifi;COMPUTACION
18200614;;F;29;CHILENO;;Millenial;PROVIDENCIA                   ;METROPOLITANA;0;0;0;0;0;0;0;0;0;Multifuncional DCPT720DW Wifi, Duplex y ADF;COMPUTACION
9080504;;M;61;CHILENO;;Boomers;RENCA                         ;METROPOLITANA;0;0;0;0;0;0;0;0;0;Monitor 24 FHD 75Hz HDMI VGA/Flat IPS/Black;COMPUTACION
6786107;;F;71;CHILENO;;Silencioso;YERBAS BUENAS                 ;MAULE;0;0;0;0;0;0;0;0;0;Multifuncional XP-2101 wifi;COMPUTACION
12753923;;M;47;CHILENO;;X;N/D;N/D;0;0;0;0;0;0;0;0;0;Multifuncional DCPT520W Wifi;COMPUTACION
18266425;;F;29;CHILENO;;Millenial;CURACAUTIN                    ;ARAUCANIA;0;0;0;0;0;0;0;0;0;NTBK 240 G8 Core i3-1005G1/4GB/1TB/14P;COMPUTACION
12938873;Soltero;M;45;CHILENO;INGENIERO EN ADMINISTRACION DE EMPRESAS;X;RENCA                         ;METROPOLITANA;0;0;0;0;0;0;0;0;0;Multifuncional DCPT720DW Wifi, Duplex y ADF;COMPUTACION
19021341;;F;26;CHILENO;;Z;N/D;N/D;0;0;0;0;0;0;0;0;0;Multifuncional DCPT520W Wifi;COMPUTACION
17593098;;F;31;CHILENO;;Millenial;N/D;N/D;0;0;0;0;0;0;0;0;0;TAB Galaxy A 8 + S Pen (8, 32GB, WIFI);COMPUTACION
12725507;;M;47;CHILENO;;X;SANTIAGO                      ;METROPOLITANA;0;0;0;0;0;0;0;0;0;TAB Galaxy A7 Lite (8.7, 32GB, WIFI);COMPUTACION
14735678;;F;62;BRASILEÃO;;Extranjero;ANTOFAGASTA                   ;ANTOFAGASTA;0;0;0;0;0;0;0;0;0;Galaxy Tab A7 (10.4 ,32GB, WIFI + 4G) Dark Gray;COMPUTACION
15523759;;F;39;CHILENO;;X;SANTIAGO                      ;METROPOLITANA;0;0;0;0;0;0;0;0;0;TINTA 664 NEGRA;COMPUTACION
15443378;;M;39;CHILENO;;Extranjero;"";"";0;0;0;0;0;0;0;0;0;NTBK 348G7 i3-10110U 14 4GB/1T PC WHOME;COMPUTACION
17088056;;F;33;CHILENO;;Silencioso;PROVIDENCIA                   ;METROPOLITANA;0;0;0;0;0;0;0;0;0;T544 DYE BLACK INK BOTTLE (65ml);COMPUTACION
17894158;;F;31;CHILENO;;Millenial;IQUIQUE                       ;TARAPACA;0;0;0;0;0;0;0;0;0;NTBK 15-dk1028la Ci5-10300H/8GB/256SSD/1050 3GB;COMPUTACION
16834494;;M;34;CHILENO;;Millenial;N/D;N/D;0;0;0;0;0;0;0;0;0;MULTIFUNCIONAL ECOTANK L3150 Wifi;COMPUTACION
17284744;;M;33;CHILENO;;Millenial;N/D;N/D;0;0;0;0;0;0;0;0;0;IMPRESORA LASER 107a;COMPUTACION
17795321;;M;31;CHILENO;;Millenial;CURICO                        ;MAULE;0;0;0;0;0;0;0;0;0;TINTA BOTELLA NEGRA BTD60BK;COMPUTACION
6156519;;M;69;CHILENO;;Silencioso;SAN VICENTE                   ;L.G.B.OÂ´HIGGINS;0;0;0;0;0;0;0;0;0;AIO 330-20IGM J4025 500 4G;COMPUTACION
15046452;;M;39;CHILENO;;X;PROVIDENCIA                   ;METROPOLITANA;0;0;0;0;0;0;0;0;0;NTBK 240 G8 Core i3-1005G1/4GB/1TB/14P;COMPUTACION
11919109;Casado;M;50;CHILENO;;X;RENCA                         ;METROPOLITANA;0;0;0;0;0;0;0;0;0;TAB S6 Lite (610) 4GB 64GB 10.4P DARK GREY;COMPUTACION
13653703;;F;42;CHILENO;;X;N/D;N/D;0;0;0;0;0;0;0;0;0;Tab M10 HD 2G-32GB 10.1 Iron grey WiFi;COMPUTACION
13972514;;M;40;CHILENO;;X;ALGARROBO                     ;VALPARAISO;0;0;0;0;0;0;0;0;0;Multifuncional Ink Tank 315;COMPUTACION
18649388;;M;27;CHILENO;;Millenial;N/D;N/D;0;0;0;0;0;0;0;0;0;TAB P11 6GB128SG Pen Slate Grey;COMPUTACION
16678010;;F;34;CHILENO;;Millenial;QUILPUE                       ;VALPARAISO;0;0;0;0;0;0;0;0;0;TAB MLAB MBX 8 QUAD CORE 1G+16G 8716;COMPUTACION
19129638;;F;27;CHILENO;;Z;SAN FELIPE                    ;VALPARAISO;0;0;0;0;0;0;0;0;0;MULTIFUNCIONAL ECOTANK L3110;COMPUTACION
15691055;;M;39;CHILENO;;X;"";"";0;0;0;0;0;0;0;0;0;NTBK Aspire 5 Ci3-10110U/12GB/512GB SSD/15P FHD;COMPUTACION
18892240;;F;27;CHILENO;;Millenial;N/D;N/D;0;0;0;0;0;0;0;0;0;MULTIFUNCIONAL ECOTANK L3110;COMPUTACION
18381940;;F;29;CHILENO;;Millenial;VINA DEL MAR                  ;VALPARAISO;0;0;0;0;0;0;0;0;0;NTBK Herobook Celeron N4020/8GB/256SSD/14P FHD;COMPUTACION
10983354;;F;54;CHILENO;;X;QUELLON                       ;LOS LAGOS;0;0;0;0;0;0;0;0;0;TAB Galaxy Tab A 8 4Core 2GB 32GB 8 Gris;COMPUTACION
10905739;;F;52;CHILENO;;X;CANETE                        ;BIO BIO;0;0;0;0;0;0;0;0;0;NTBK 15-da2031la OPP i5-10210U 4GB 1TB 15IN Silv;COMPUTACION
9968598;Divorciado;F;58;CHILENO;;Boomers;RENCA                         ;METROPOLITANA;0;0;0;0;0;0;0;0;0;NTBK 240 G8 Core i3-1005G1/4GB/1TB/14P;COMPUTACION
20349099;;M;22;CHILENO;;Silencioso;PROVIDENCIA                   ;METROPOLITANA;0;0;0;0;0;0;0;0;0;NTBK 15-dk1043la i5-10300H 8GB512SSD4V W10H;COMPUTACION
18274627;;M;29;CHILENO;;Millenial;PROVIDENCIA                   ;METROPOLITANA;0;0;0;0;0;0;0;0;0;TAB Galaxy Tab A 8 4Core 2GB 32GB 8 Gris;COMPUTACION
8259997;;M;62;CHILENO;;Silencioso;PROVIDENCIA                   ;METROPOLITANA;0;0;0;0;0;0;0;0;0;Tab M10 HD 2G-32GB 10.1 Iron grey WiFi;COMPUTACION
16321013;;F;35;CHILENO;;Silencioso;PROVIDENCIA                   ;METROPOLITANA;0;0;0;0;0;0;0;0;0;Tab M10 HD 2G-32GB 10.1 Iron grey WiFi;COMPUTACION
18731069;;F;28;CHILENO;;Millenial;LA CISTERNA                   ;METROPOLITANA;0;0;0;0;0;0;0;0;0;NTBK 14-dk1004la OPP R3-3250U DC 4GB 1TB 14INHD;COMPUTACION
13126502;;M;44;CHILENO;;X;CHILLAN                       ;BIO BIO;0;0;0;0;0;0;0;0;0;NTBK 240 G8 Core i3-1005G1/4GB/1TB/14P;COMPUTACION
20175213;;M;22;CHILENO;;Z;PROVIDENCIA                   ;METROPOLITANA;0;0;0;0;0;0;0;0;0;NTBK 15-dk1028la Ci5-10300H/8GB/256SSD/1050 3GB;COMPUTACION
16535339;;F;35;CHILENO;;Millenial;SAN CARLOS                    ;BIO BIO;0;0;0;0;0;0;0;0;0;NTBK 14-cf2051la i3-10110U 4GB 256GB+16GB 14 HD;COMPUTACION
18812220;;F;28;CHILENO;;Millenial;PROVIDENCIA                   ;METROPOLITANA;0;0;0;0;0;0;0;0;0;TAB Galaxy Tab A 8 4Core 2GB 32GB 8 Gris;COMPUTACION
13416107;;M;43;CHILENO;;X;PROVIDENCIA                   ;METROPOLITANA;0;0;0;0;0;0;0;0;0;NTBK 15-dk1028la Ci5-10300H/8GB/256SSD/1050 3GB;COMPUTACION
5827900;;F;76;CHILENO;;Silencioso;N/D;N/D;0;0;0;0;0;0;0;0;0;Multifuncional Smart Tank 515 Wifi;COMPUTACION
9823583;;M;58;CHILENO;;Boomers;RENCA                         ;METROPOLITANA;0;0;0;0;0;0;0;0;0;NTBK Y11 11.6 Intel Celeron 8GB RAM + 256GB SDD;COMPUTACION
12072153;Casado;M;54;CHILENO;INGENIERO;Silencioso;PROVIDENCIA                   ;METROPOLITANA;0;0;0;0;0;0;0;0;0;NTBK 14-cf2051la i3-10110U 4GB 256GB+16GB 14 HD;COMPUTACION
12382385;;M;48;CHILENO;;X;PROVIDENCIA                   ;METROPOLITANA;0;0;0;0;0;0;0;0;0;NTBK 15-dk1028la Ci5-10300H/8GB/256SSD/1050 3GB;COMPUTACION
15738618;;F;38;CHILENO;;Millenial;PROVIDENCIA                   ;METROPOLITANA;0;0;0;0;0;0;0;0;0;TAB M7 7 1GB RAM 8 GB ROM Platinum Grey;COMPUTACION
26272618;;M;31;VENEZOLANO;;Extranjero;N/D;N/D;0;0;0;0;0;0;0;0;0;NTBK 15-da2031la OPP i5-10210U 4GB 1TB 15IN Silv;COMPUTACION
16829062;;F;33;CHILENO;;Silencioso;PROVIDENCIA                   ;METROPOLITANA;0;0;0;0;0;0;0;0;0;NTBK 15-dk1043la i5-10300H 8GB512SSD4V W10H;COMPUTACION
13531624;;F;43;CHILENO;;X;VALLENAR;ATACAMA;0;0;0;0;0;0;0;0;0;TAB M8 QC 2GB 32GB 8P Gris;COMPUTACION
16769685;;F;35;CHILENO;;Millenial;ARICA                         ;TARAPACA;0;0;0;0;0;0;0;0;0;TAB Galaxy Tab A 8 4G 4Core 2GB 32GB 8 Gris;COMPUTACION
15169598;;F;35;CHILENO;;Millenial;RANCAGUA                      ;L.G.B.OÂ´HIGGINS;0;0;0;0;0;0;0;0;0;NTBK 15-da2031la OPP i5-10210U 4GB 1TB 15IN Silv;COMPUTACION
19026953;;F;27;CHILENO;;Silencioso;PROVIDENCIA                   ;METROPOLITANA;0;0;0;0;0;0;0;0;0;NTBK IP S540 Core i5/16GB/512SSD/13.3P QHD;COMPUTACION
13126989;;F;45;CHILENO;;X;SAN CARLOS                    ;BIO BIO;0;0;0;0;0;0;0;0;0;TINTA 664 TRI COLOR;COMPUTACION
6128469;;F;74;CHILENO;;Silencioso;COIHAIQUE                     ;AYSEN;0;0;0;0;0;0;0;0;0;AIO 21-b0021la Pentium J5040 8GB 1TB;COMPUTACION
16984761;;F;33;CHILENO;;Millenial;EL MONTE                      ;METROPOLITANA;0;0;0;0;0;0;0;0;0;NTBK 14-cf2051la i3-10110U 4GB 256GB+16GB 14 HD;COMPUTACION
17129967;;M;33;CHILENO;;Millenial;N/D;N/D;0;0;0;0;0;0;0;0;0;TABLET MatePad Pro 10.8 + M-Pencil;COMPUTACION
10055353;;F;56;CHILENO;;Boomers;SAN BERNARDO                  ;METROPOLITANA;0;0;0;0;0;0;0;0;0;NTBK 14-dq1004la Core i5-1035G1 8GB 256SSD 14P;COMPUTACION
19099576;Soltero;M;26;CHILENO;;X;PROVIDENCIA                   ;METROPOLITANA;0;0;0;0;0;0;0;0;0;TAB Matepad 10.4;COMPUTACION
11750725;Casado;F;51;CHILENO;CONTADOR GENERAL;X;RENCA                         ;METROPOLITANA;0;0;0;0;0;0;0;0;0;Tab M10 HD 2G-32GB 10.1 Iron grey WiFi;COMPUTACION
16137038;;F;37;CHILENO;;Millenial;CONCEPCION                    ;BIO BIO;0;0;0;0;0;0;0;0;0;MULTIFUNCIONAL ECOTANK L3150 Wifi;COMPUTACION
10075723;;M;58;CHILENO;;Boomers;VALPARAISO                    ;VALPARAISO;0;0;0;0;0;0;0;0;0;TAB Galaxy Tab A 8 4Core 2GB 32GB 8 Gris;COMPUTACION
8816023;;F;60;CHILENO;;Boomers;ILLAPEL                       ;COQUIMBO;0;0;0;0;0;0;0;0;0;NTBK IP3 AMD Ryzen 5-4500U 8GB 1TB 15P;COMPUTACION
18631394;;F;28;CHILENO;;Millenial;VILLARICA                     ;ARAUCANIA;0;0;0;0;0;0;0;0;0;NTBK 14-ck2096la CeleronN4020 4GB500GB W10H;COMPUTACION
5442310;;F;86;CHILENO;;Silencioso;PANGUIPULLI                   ;LOS RIOS;0;0;0;0;0;0;0;0;0;Tab M10 HD 2G-32GB 10.1 Iron grey WiFi;COMPUTACION
7546269;;F;63;CHILENO;;Boomers;N/D;N/D;0;0;0;0;0;0;0;0;0;TAB M7 7 1GB RAM 8 GB ROM Platinum Grey;COMPUTACION
18788609;Casado;F;28;CHILENO;;Millenial;PROVIDENCIA                   ;METROPOLITANA;0;0;0;0;0;0;0;0;0;NTBK 14-cf2051la i3-10110U 4GB 256GB+16GB 14 HD;COMPUTACION
12947007;;F;46;CHILENO;;X;PROVIDENCIA                   ;METROPOLITANA;0;0;0;0;0;0;0;0;0;MULTIFUNCIONAL ECOTANK L3110;COMPUTACION
11522633;;M;51;CHILENO;;X;ALGARROBO                     ;VALPARAISO;0;0;0;0;0;0;0;0;0;NTBK 14-cf2051la i3-10110U 4GB 256GB+16GB 14 HD;COMPUTACION
19335367;Soltero;M;25;CHILENO;;Z;PROVIDENCIA                   ;METROPOLITANA;0;0;0;0;0;0;0;0;0;NTBK 15-dk1028la Ci5-10300H/8GB/256SSD/1050 3GB;COMPUTACION
4916453;;M;79;CHILENO;;Silencioso;CALERA                        ;VALPARAISO;0;0;0;0;0;0;0;0;0;TAB Galaxy Tab A 8 4G 4Core 2GB 32GB 8 Gris;COMPUTACION
18682824;;F;27;CHILENO;;Millenial;PROVIDENCIA                   ;METROPOLITANA;0;0;0;0;0;0;0;0;0;Multifuncional Laser DCP-1602 Monocromatica;COMPUTACION
13263268;;F;44;CHILENO;;X;RENCA                         ;METROPOLITANA;0;0;0;0;0;0;0;0;0;TAB Galaxy Tab A 8 4Core 2GB 32GB 8 Gris;COMPUTACION
12459363;;F;49;CHILENO;;X;RENCA                         ;METROPOLITANA;0;0;0;0;0;0;0;0;0;TAB Galaxy Tab A 8 4Core 2GB 32GB 8 Negra;COMPUTACION
12554084;;M;47;CHILENO;;X;PENCO                         ;BIO BIO;0;0;0;0;0;0;0;0;0;NTBK 14-ck2091la i3-10110U 4GB 128GB 14 HD;COMPUTACION
19946074;;M;24;CHILENO;;Z;PROVIDENCIA                   ;METROPOLITANA;0;0;0;0;0;0;0;0;0;Multifuncional DCPT220;COMPUTACION
19798720;;M;23;CHILENO;;Z;PROVIDENCIA                   ;METROPOLITANA;0;0;0;0;0;0;0;0;0;NTBK 15-dy2051la i3-1115G4 8GB 256GB+16GB 15IN S;COMPUTACION
8513453;;F;63;CHILENO;;Boomers;PROVIDENCIA                   ;METROPOLITANA;0;0;0;0;0;0;0;0;0;TAB Galaxy Tab A 8 4Core 2GB 32GB 8 Negra;COMPUTACION
16031893;;F;37;CHILENO;;Millenial;PUENTE ALTO                   ;METROPOLITANA;0;0;0;0;0;0;0;0;0;NTBK 14-dq1004la Core i5-1035G1 8GB 256SSD 14P;COMPUTACION
18538485;;M;29;CHILENO;;Millenial;PROVIDENCIA                   ;METROPOLITANA;0;0;0;0;0;0;0;0;0;Galaxy Tab A7 (10.4 ,64GB, WIFI) Dark Gray;COMPUTACION
19643636;;M;25;CHILENO;;Silencioso;PROVIDENCIA                   ;METROPOLITANA;0;0;0;0;0;0;0;0;0;NTBK 245 G7 AMD Ryzen 5 3500U 8GB 1TB 14P;COMPUTACION
18317884;;M;29;CHILENO;;Silencioso;PROVIDENCIA                   ;METROPOLITANA;0;0;0;0;0;0;0;0;0;NTBK 15-da2031la OPP i5-10210U 4GB 1TB 15IN Silv;COMPUTACION
15408626;;M;39;CHILENO;;Silencioso;PROVIDENCIA                   ;METROPOLITANA;0;0;0;0;0;0;0;0;0;NTBK 14-dq1004la Core i5-1035G1 8GB 256SSD 14P;COMPUTACION
18217872;Soltero;M;29;CHILENO;INGENIERO EN MAQUINARIA;Millenial;PROVIDENCIA                   ;METROPOLITANA;0;0;0;0;0;0;0;0;0;NTBK 15-dy2051la i3-1115G4 8GB 256GB+16GB 15IN S;COMPUTACION
27330598;;M;30;"";;Extranjero;"";"";0;0;0;0;0;0;0;0;0;TINTA EPSON T504 NG BOTELLA C13T03N12A;COMPUTACION
9410984;;F;43;CHILENO;;X;QUILPUE;VALPARAISO;0;0;0;0;0;0;0;0;0;MULTIFUNCIONAL ECOTANK L3110;COMPUTACION
17519532;;M;32;CHILENO;;Millenial;TALAGANTE                     ;METROPOLITANA;0;0;0;0;0;0;0;0;0;MULTIFUNCIONAL ECOTANK L3150 Wifi;COMPUTACION
19285246;Soltero;F;25;CHILENO;;Silencioso;PROVIDENCIA                   ;METROPOLITANA;0;0;0;0;0;0;0;0;0;MULTIFUNCIONAL ECOTANK L4160 Wifi;COMPUTACION
11840053;Casado;F;51;CHILENO;LABORES ADMINISTRATIVAS;X;RENCA                         ;METROPOLITANA;0;0;0;0;0;0;0;0;0;NTBK 15-da2031la OPP i5-10210U 4GB 1TB 15IN Silv;COMPUTACION
6237923;;M;73;CHILENO;;Silencioso;PROVIDENCIA                   ;METROPOLITANA;0;0;0;0;0;0;0;0;0;AIO 21-b0021la Pentium J5040 8GB 1TB;COMPUTACION
7464487;;M;64;CHILENO;;Boomers;TEMUCO                        ;ARAUCANIA;0;0;0;0;0;0;0;0;0;TAB Galaxy Tab A+SPen 8Core 3GB 32GB 8 Gris;COMPUTACION
19318213;;F;26;CHILENO;;Silencioso;PROVIDENCIA                   ;METROPOLITANA;0;0;0;0;0;0;0;0;0;NTBK 14-dk1004la OPP R3-3250U DC 4GB 1TB 14INHD;COMPUTACION
19952969;;F;23;CHILENO;;Z;PROVIDENCIA                   ;METROPOLITANA;0;0;0;0;0;0;0;0;0;IMPRESORA EPSON L120;COMPUTACION
14470001;;F;48;CHILENO;;X;CHILLAN                       ;BIO BIO;0;0;0;0;0;0;0;0;0;TAB GALAXY S6 (T860) 6GB 128GB 10.5;COMPUTACION
6804388;;M;65;CHILENO;;Boomers;N/D;N/D;0;0;0;0;0;0;0;0;0;NTBK 14-cf2051la i3-10110U 4GB 256GB+16GB 14 HD;COMPUTACION
12361512;;M;49;CHILENO;;Silencioso;PROVIDENCIA                   ;METROPOLITANA;0;0;0;0;0;0;0;0;0;NTBK 15-dy2051la i3-1115G4 8GB 256GB+16GB 15IN S;COMPUTACION
20191060;;M;22;CHILENO;;Z;PROVIDENCIA                   ;METROPOLITANA;0;0;0;0;0;0;0;0;0;NTBK 14 Ryzen 5/12GB/512SSD;COMPUTACION
14574349;;F;47;CHILENO;;X;SAN BERNARDO                  ;METROPOLITANA;0;0;0;0;0;0;0;0;0;NTBK 14-ck2091la i3-10110U 4GB 128GB 14 HD;COMPUTACION
19539021;;F;25;CHILENO;;Z;PROVIDENCIA                   ;METROPOLITANA;0;0;0;0;0;0;0;0;0;NTBK 14-ck2091la i3-10110U 4GB 128GB 14 HD;COMPUTACION
6326848;;M;72;CHILENO;;Silencioso;CORONEL                       ;BIO BIO;0;0;0;0;0;0;0;0;0;NTBK 14-cf2051la i3-10110U 4GB 256GB+16GB 14 HD;COMPUTACION
17675524;Soltero;F;31;CHILENO;;Millenial;PROVIDENCIA                   ;METROPOLITANA;0;0;0;0;0;0;0;0;0;NTBK GAMING G5 5505 AMD R7 4800H 16GB 512SSD RX;COMPUTACION
19340429;Soltero;F;26;CHILENO;;Z;PROVIDENCIA                   ;METROPOLITANA;0;0;0;0;0;0;0;0;0;Multifuncional DCPT520W Wifi;COMPUTACION
16215700;;F;36;CHILENO;;Millenial;PROVIDENCIA                   ;METROPOLITANA;0;0;0;0;0;0;0;0;0;MULTIFUNCIONAL ECOTANK L3110;COMPUTACION
19445079;;F;25;CHILENO;;Z;PROVIDENCIA                   ;METROPOLITANA;0;0;0;0;0;0;0;0;0;TAB S6 Lite (610) 4GB 64GB 10.4P PINK;COMPUTACION
12867474;Soltero;M;46;CHILENO;ANALISTA DE SISTEMAS;X;"";"";0;0;0;0;0;0;0;0;0;TAB S6 Lite (610) 4GB 64GB 10.4P PINK;COMPUTACION
27033178;Soltero;F;41;VENEZOLANO;;Extranjero;"";"";0;0;0;0;0;0;0;0;0;IMPRESORA LASER 107a;COMPUTACION
11342261;;F;53;CHILENO;;X;ARICA                         ;ARICA Y PARINACOTA;0;0;0;0;0;0;0;0;0;Galaxy Tab A7 (10.4 ,32GB, WIFI + 4G) Dark Gray;COMPUTACION
17645022;Soltero;M;30;CHILENO;PROFESOR;Silencioso;PROVIDENCIA                   ;METROPOLITANA;0;0;0;0;0;0;0;0;0;NTBK 245 G7 AMD Ryzen 5 3500U 8GB 1TB 14P;COMPUTACION
14276966;Soltero;M;49;CHILENO;;X;PROVIDENCIA                   ;METROPOLITANA;0;0;0;0;0;0;0;0;0;NTBK 245 G7 AMD Ryzen 5 3500U 8GB 1TB 14P;COMPUTACION
17355795;Soltero;M;32;CHILENO;;Silencioso;PROVIDENCIA                   ;METROPOLITANA;0;0;0;0;0;0;0;0;0;TAB MLAB MBX 8 QUAD CORE 1G+16G 8716;COMPUTACION
15811066;;F;38;CHILENO;;Millenial;LOS ANGELES                   ;BIO BIO;0;0;0;0;0;0;0;0;0;NTBK 245 G7 AMD Ryzen 5 3500U 8GB 1TB 14P;COMPUTACION
13196672;;M;44;CHILENO;;X;SAN ANTONIO                   ;VALPARAISO;0;0;0;0;0;0;0;0;0;NTBK 245 G7 AMD Ryzen 5 3500U 8GB 1TB 14P;COMPUTACION
16133668;;M;37;CHILENO;;Millenial;RENCA                         ;METROPOLITANA;0;0;0;0;0;0;0;0;0;NTBK 245 G7 AMD Ryzen 5 3500U 8GB 1TB 14P;COMPUTACION
13172774;;F;44;CHILENO;;X;RENCA                         ;METROPOLITANA;0;0;0;0;0;0;0;0;0;Macbook Air Core I5 8GB 128SSD 13P;COMPUTACION
12762001;Soltero;M;46;CHILENO;;Silencioso;PROVIDENCIA                   ;METROPOLITANA;0;0;0;0;0;0;0;0;0;MULTIFUNCIONAL HP INK ADVANTAGE 3785/3775;COMPUTACION
17644010;;M;32;CHILENO;;Millenial;PROVIDENCIA                   ;METROPOLITANA;0;0;0;0;0;0;0;0;0;Multifuncional DCPT520W Wifi;COMPUTACION
15807017;;F;38;CHILENO;;Silencioso;PROVIDENCIA                   ;METROPOLITANA;0;0;0;0;0;0;0;0;0;TAB Galaxy Tab A 8 4Core 2GB 32GB 8 Negra;COMPUTACION
19566170;;F;25;CHILENO;;Z;PROVIDENCIA                   ;METROPOLITANA;0;0;0;0;0;0;0;0;0;Multifuncional Smart Tank 515 Wifi;COMPUTACION
14373900;Casado;F;46;CHILENO;INGENIERO;X;PROVIDENCIA                   ;METROPOLITANA;0;0;0;0;0;0;0;0;0;Multifuncional DCPT520W Wifi;COMPUTACION
12693391;Divorciado;F;47;CHILENO;INGENIERO AGROINDUSTRIAL;X;PROVIDENCIA                   ;METROPOLITANA;0;0;0;0;0;0;0;0;0;Multifuncional DCPT520W Wifi;COMPUTACION
12290112;;F;49;CHILENO;;X;RANCAGUA                      ;L.G.B.OÂ´HIGGINS;0;0;0;0;0;0;0;0;0;NTBK A514-53-59FH-1 Core i5 8GB 512SSD 14P;COMPUTACION
10826870;;F;54;CHILENO;;X;TEMUCO                        ;ARAUCANIA;0;0;0;0;0;0;0;0;0;NTBK 14-DQ1001 Core i3-1005G1 4+16 256SSD 14;COMPUTACION
14528293;Casado;F;46;CHILENO;;X;RENCA                         ;METROPOLITANA;0;0;0;0;0;0;0;0;0;NTBK INSPIRON 5505 AMD R5 4500U 8GB 512SSD;COMPUTACION
13175229;;M;44;CHILENO;;X;VALLENAR;ATACAMA;0;0;0;0;0;0;0;0;0;NTBK G7 240 Intel Celeron 4GB 500GB 14;COMPUTACION
14223778;;F;41;CHILENO;;X;PROVIDENCIA                   ;METROPOLITANA;0;0;0;0;0;0;0;0;0;MULTIFUNCIONAL ECOTANK L3110;COMPUTACION
11640928;;M;52;CHILENO;;X;LA FLORIDA                    ;METROPOLITANA;0;0;0;0;0;0;0;0;0;MULTIFUNCIONAL ECOTANK L3110;COMPUTACION
19006952;;M;27;CHILENO;;Millenial;CURICO                        ;MAULE;0;0;0;0;0;0;0;0;0;NTBK 15-DA2034LA PENTIUM GOLD 6405U 8GB1TB W10;COMPUTACION
11845997;;M;50;CHILENO;;X;N/D;N/D;0;0;0;0;0;0;0;0;0;NTBK 15-dw1051la Core i5-10210U 8GB 256SSD 15P;COMPUTACION
18248187;;F;29;CHILENO;;Millenial;N/D;N/D;0;0;0;0;0;0;0;0;0;TAB M8 4G QC 2GB 16GB 8P Gris;COMPUTACION
7364628;;F;71;CHILENO;;Silencioso;SAN JAVIER                    ;MAULE;0;0;0;0;0;0;0;0;0;MULTIFUNCIONAL ECOTANK L3110;COMPUTACION
17676127;;F;32;CHILENO;;Millenial;"";"";0;0;0;0;0;0;0;0;0;TINTA 664 NEGRA;COMPUTACION
15497290;;M;38;CHILENO;;X;PERALILLO                     ;L.G.B.OÂ´HIGGINS;0;0;0;0;0;0;0;0;0;NTBK G7 240 Intel Celeron 4GB 500GB 14;COMPUTACION
16705393;;F;34;CHILENO;;Millenial;ANTOFAGASTA                   ;ANTOFAGASTA;0;0;0;0;0;0;0;0;0;Galaxy Tab A7 (10.4 ,32GB, WIFI + 4G) Dark Gray;COMPUTACION
15874647;;F;37;CHILENO;;Millenial;ANCUD                         ;LOS LAGOS;0;0;0;0;0;0;0;0;0;NTBK Ideapad 5i Core i5 11va 8GB 512GB 15P FHD;COMPUTACION
12432797;;F;49;CHILENO;;X;TEMUCO                        ;ARAUCANIA;0;0;0;0;0;0;0;0;0;NTBK 14-DQ1001 Core i3-1005G1 4+16 256SSD 14;COMPUTACION
25512874;;M;47;HAITIANO;;Extranjero;N/D;N/D;0;0;0;0;0;0;0;0;0;NTBK G7 240 Intel Celeron 4GB 500GB 14;COMPUTACION
12878723;;M;46;CHILENO;;X;LO PRADO                      ;METROPOLITANA;0;0;0;0;0;0;0;0;0;Multifuncional DCPT520W Wifi;COMPUTACION
10670496;;F;57;CHILENO;;Boomers;PROVIDENCIA                   ;METROPOLITANA;0;0;0;0;0;0;0;0;0;NTBK G7 240 Intel Celeron 4GB 500GB 14;COMPUTACION
8148721;;M;64;CHILENO;;Boomers;PUTAENDO                      ;VALPARAISO;0;0;0;0;0;0;0;0;0;NTBK 14-DQ1001 Core i3-1005G1 4+16 256SSD 14;COMPUTACION
17572904;;F;31;CHILENO;;Millenial;N/D;N/D;0;0;0;0;0;0;0;0;0;NTBK 15-cw1020la Ryzen 5-3500U 8GB 256GB 15P;COMPUTACION
9244014;;M;58;CHILENO;;Boomers;VALLENAR;ATACAMA;0;0;0;0;0;0;0;0;0;NTBK 240 G7 Core i3-1005G1 4GB 1TB 14P;COMPUTACION
12948593;;M;46;CHILENO;;X;RENCA                         ;METROPOLITANA;0;0;0;0;0;0;0;0;0;NTBK 14-dq1004la Core i5-1035G1 8GB 256SSD 14P;COMPUTACION
15101161;;F;39;CHILENO;;X;RENCA                         ;METROPOLITANA;0;0;0;0;0;0;0;0;0;NTBK G7 240 Intel Celeron 4GB 500GB 14;COMPUTACION
7068289;;M;73;CHILENO;;Silencioso;SAN BERNARDO                  ;METROPOLITANA;0;0;0;0;0;0;0;0;0;NTBK A314-22-R7EL-1 Ryzen 3-3250U 8GB 256SSD 14P;COMPUTACION
18569381;Soltero;M;29;CHILENO;;Silencioso;PROVIDENCIA                   ;METROPOLITANA;0;0;0;0;0;0;0;0;0;TAB MLAB MBX 8 QUAD CORE 1G+16G 8716;COMPUTACION
16250056;;F;35;CHILENO;;Millenial;COPIAPO                       ;ATACAMA;0;0;0;0;0;0;0;0;0;Multifuncional Smart Tank 515 Wifi;COMPUTACION
11225811;;F;54;CHILENO;;X;RENCA                         ;METROPOLITANA;0;0;0;0;0;0;0;0;0;NTBK 14-DQ1001 Core i3-1005G1 4+16 256SSD 14;COMPUTACION
13667578;;M;42;CHILENO;;X;MAIPU                         ;METROPOLITANA;0;0;0;0;0;0;0;0;0;Macbook Air Core I5 8GB 128SSD 13P;COMPUTACION
7444266;Soltero;F;64;CHILENO;PROFESOR;Boomers;ARICA                         ;ARICA Y PARINACOTA;0;0;0;0;0;0;0;0;0;NTBK 14-dq1004la Core i5-1035G1 8GB 256SSD 14P;COMPUTACION
17823851;;M;30;CHILENO;;Millenial;TALCA                         ;MAULE;0;0;0;0;0;0;0;0;0;Impresora Laser HL-1202 Monocromatica;COMPUTACION
20317027;;F;21;CHILENO;;Z;PARRAL                        ;MAULE;0;0;0;0;0;0;0;0;0;Multifuncional DCPT520W Wifi;COMPUTACION
11726240;;F;51;CHILENO;;X;RENCA                         ;METROPOLITANA;0;0;0;0;0;0;0;0;0;NTBK 240 G7 Core i3-1005G1 4GB 1TB 14P;COMPUTACION
16760523;;M;34;CHILENO;;Millenial;CORONEL                       ;BIO BIO;0;0;0;0;0;0;0;0;0;TAB Mediapad T3 10 4Core 2GB 16GB 9,6 Gris;COMPUTACION
6523275;;M;70;CHILENO;;Silencioso;COQUIMBO                      ;COQUIMBO;0;0;0;0;0;0;0;0;0;TAB M5 Lite Octa Core 32GB 10P FHD;COMPUTACION
17373472;;M;32;CHILENO;;Silencioso;PROVIDENCIA                   ;METROPOLITANA;0;0;0;0;0;0;0;0;0;NTBK 14-DQ1001 Core i3-1005G1 4+16 256SSD 14;COMPUTACION
10474067;;M;56;CHILENO;;Boomers;PROVIDENCIA                   ;METROPOLITANA;0;0;0;0;0;0;0;0;0;Multifuncional Laser HP 137fnw;COMPUTACION
12926081;;M;46;CHILENO;;X;LOTA                          ;BIO BIO;0;0;0;0;0;0;0;0;0;NTBK 15-cw1020la Ryzen 5-3500U 8GB 256GB 15P;COMPUTACION
18050430;Soltero;F;30;CHILENO;;Millenial;PROVIDENCIA                   ;METROPOLITANA;0;0;0;0;0;0;0;0;0;NTBK 15-cw1021la Ryzen 3-3300U 12GB 256SSD 15P;COMPUTACION
13319900;;F;47;CHILENO;;X;VALDIVIA                      ;LOS RIOS;0;0;0;0;0;0;0;0;0;NTBK 15-dk0015 Core i5-9300H 8GB 256SSD 1050 3GB;COMPUTACION
18971325;Soltero;M;27;CHILENO;;Silencioso;PROVIDENCIA                   ;METROPOLITANA;0;0;0;0;0;0;0;0;0;Galaxy Tab A7 (10.4 ,32GB, WIFI + 4G) Dark Gray;COMPUTACION
11838176;;F;50;CHILENO;;X;SAN BERNARDO                  ;METROPOLITANA;0;0;0;0;0;0;0;0;0;TAB GAMER 7 QUAD CORE 2G+16G 8715;COMPUTACION
11564216;;M;52;CHILENO;;X;PROVIDENCIA                   ;METROPOLITANA;0;0;0;0;0;0;0;0;0;TAB 7 PLAY AND LEARN PLUS PURPLE 8867;COMPUTACION
14014195;Casado;M;43;CHILENO;;X;RENCA                         ;METROPOLITANA;0;0;0;0;0;0;0;0;0;NTBK HP 15-da0082la Pentium 4GB 500GB 15P;COMPUTACION
11247326;;F;54;CHILENO;;X;CERRO NAVIA                   ;METROPOLITANA;0;0;0;0;0;0;0;0;0;NTBK A315-42-R0W1-1 Ryzen 7-3700U 8GB 256SSD 15P;COMPUTACION
11583083;;M;51;CHILENO;;X;MAIPU                         ;METROPOLITANA;0;0;0;0;0;0;0;0;0;TAB Galaxy Tab A 8 4Core 2GB 32GB 8 Negra;COMPUTACION
17922079;Soltero;M;31;CHILENO;INGENIERO EN TELECOMUNICACIONES;Millenial;RENCA                         ;METROPOLITANA;0;0;0;0;0;0;0;0;0;TABLET GALAXY S7 (T875) 4G 128GB 11P Negra;COMPUTACION
18581469;Soltero;M;28;CHILENO;;Millenial;PROVIDENCIA                   ;METROPOLITANA;0;0;0;0;0;0;0;0;0;NTBK 15-cw1020la Ryzen 5-3500U 8GB 256GB 15P;COMPUTACION
15694618;;F;43;CHILENO;;X;ARICA                         ;ARICA Y PARINACOTA;0;0;0;0;0;0;0;0;0;NTBK G7 240 Intel Celeron 4GB 500GB 14;COMPUTACION
11281766;;F;54;CHILENO;;X;CURICO                        ;MAULE;0;0;0;0;0;0;0;0;0;TABLET MLAB 7 MB4 PLUS 1+16GB RED;COMPUTACION
13862579;;F;42;CHILENO;;X;TALAGANTE                     ;METROPOLITANA;0;0;0;0;0;0;0;0;0;TAB M8 QC 2GB 32GB 8P Gris;COMPUTACION
12387074;;F;49;CHILENO;;X;RENCA                         ;METROPOLITANA;0;0;0;0;0;0;0;0;0;NTBK S150 AMD A4-9120e 4GB 64GB eMMc 14P;COMPUTACION
16695685;;M;34;CHILENO;;Millenial;PROVIDENCIA                   ;METROPOLITANA;0;0;0;0;0;0;0;0;0;TAB M8 QC 2GB 32GB 8P Gris;COMPUTACION
13216502;;F;45;CHILENO;;X;CALAMA                        ;ANTOFAGASTA;0;0;0;0;0;0;0;0;0;Tablet HMS Matepad T10;COMPUTACION
16791838;;M;34;CHILENO;;Millenial;RENCA                         ;METROPOLITANA;0;0;0;0;0;0;0;0;0;TAB MLAB MBX 8 QUAD CORE 1G+16G 8716;COMPUTACION
25879892;;F;35;VENEZOLANO;;Extranjero;LA SERENA                     ;COQUIMBO;0;0;0;0;0;0;0;0;0;NTBK Gaming 3i Core i5-10300H 8GB 1TB 1650 4GB;COMPUTACION
17696086;;F;31;CHILENO;;Millenial;PUENTE ALTO                   ;METROPOLITANA;0;0;0;0;0;0;0;0;0;TAB Galaxy Tab A 8 4Core 2GB 32GB 8 Gris;COMPUTACION
10956167;Soltero;M;48;CHILENO;;X;PROVIDENCIA                   ;METROPOLITANA;0;0;0;0;0;0;0;0;0;TAB M8 QC 2GB 32GB 8P Gris;COMPUTACION
13383973;Soltero;F;43;CHILENO;;X;PROVIDENCIA                   ;METROPOLITANA;0;0;0;0;0;0;0;0;0;NTBK 15-dk0015 Core i5-9300H 8GB 256SSD 1050 3GB;COMPUTACION
10667303;;M;43;CHILENO;;X;PROVIDENCIA                   ;METROPOLITANA;0;0;0;0;0;0;0;0;0;Router Huawei AX3 WIFI Quad core;COMPUTACION
16904249;;M;34;CHILENO;;Millenial;PROVIDENCIA                   ;METROPOLITANA;0;0;0;0;0;0;0;0;0;TAB 7 MB4 Plus 4Core 1GB 16GB 7 Plata;COMPUTACION
19040616;;M;27;CHILENO;;Z;PROVIDENCIA                   ;METROPOLITANA;0;0;0;0;0;0;0;0;0;NTBK 15-cw1020la Ryzen 5-3500U 8GB 256GB 15P;COMPUTACION
19379491;;M;25;CHILENO;;Z;RANCAGUA                      ;L.G.B.OÂ´HIGGINS;0;0;0;0;0;0;0;0;0;NTBK Matebook D15 AMD Ryzen 5 8GB 256SSD 15P;COMPUTACION
3117861;;F;86;CHILENO;;Silencioso;CHIGUAYANTE                   ;BIO BIO;0;0;0;0;0;0;0;0;0;Galaxy Tab A7 (10.4 ,32GB, WIFI) Dark Gray;COMPUTACION
14274850;;F;49;CHILENO;;X;SAN ANTONIO                   ;VALPARAISO;0;0;0;0;0;0;0;0;0;Galaxy Tab A7 (10.4 ,32GB, WIFI) Dark Gray;COMPUTACION
12179673;;F;50;CHILENO;;X;RENCA                         ;METROPOLITANA;0;0;0;0;0;0;0;0;0;TAB M5 Lite Octa Core 32GB 10P FHD;COMPUTACION
17711645;;F;31;CHILENO;;Millenial;N/D;N/D;0;0;0;0;0;0;0;0;0;TAB M5 Lite Octa Core 32GB 10P FHD;COMPUTACION
14152890;;F;40;CHILENO;;X;LAMPA                         ;METROPOLITANA;0;0;0;0;0;0;0;0;0;NTBK 15-dk0015 Core i5-9300H 8GB 256SSD 1050 3GB;COMPUTACION
19757859;;F;24;CHILENO;;Z;PROVIDENCIA                   ;METROPOLITANA;0;0;0;0;0;0;0;0;0;TAB Matepad 10.4;COMPUTACION
13774195;;F;42;CHILENO;;X;PROVIDENCIA                   ;METROPOLITANA;0;0;0;0;0;0;0;0;0;NTBK IP3 Ryzen 3-3250U/8GB/1TB/15P;COMPUTACION
17491677;;M;32;CHILENO;;Millenial;COPIAPO                       ;ATACAMA;0;0;0;0;0;0;0;0;0;TAB 7 MB4 Plus 4Core 1GB 16GB 7 Plata;COMPUTACION
15036071;Soltero;M;36;CHILENO;;Millenial;PROVIDENCIA                   ;METROPOLITANA;0;0;0;0;0;0;0;0;0;MULTIFUNCIONAL ECOTANK L3110;COMPUTACION
17452835;Soltero;M;32;CHILENO;ANALISTA DE SISTEMAS;Millenial;PROVIDENCIA                   ;METROPOLITANA;0;0;0;0;0;0;0;0;0;NTBK 15-ek0010la Core i5 8+32 512SSD 2060 6GB;COMPUTACION
14387919;;M;43;CHILENO;;X;LIMACHE                       ;VALPARAISO;0;0;0;0;0;0;0;0;0;NTBK IP3 Athlon 3050U/4GB/500GB/15P;COMPUTACION
11955549;;F;50;CHILENO;;X;RENCA                         ;METROPOLITANA;0;0;0;0;0;0;0;0;0;TAB Galaxy Tab A 10.1 8Core 2GB 32GB 10 Negra;COMPUTACION
12833935;;M;47;CHILENO;;X;PROVIDENCIA                   ;METROPOLITANA;0;0;0;0;0;0;0;0;0;NTBK IP3 Ryzen 3-3250U/8GB/1TB/15P;COMPUTACION
18414982;;F;29;CHILENO;;Millenial;CORONEL                       ;BIO BIO;0;0;0;0;0;0;0;0;0;TAB Galaxy Tab A 8 4Core 2GB 32GB 8 Negra;COMPUTACION
13867047;;M;42;CHILENO;;X;PROVIDENCIA                   ;METROPOLITANA;0;0;0;0;0;0;0;0;0;TAB 7 MB4 Plus 4Core 1GB 16GB 7 Plata;COMPUTACION
14908867;;F;42;CHILENO;;X;HUALPEN;BIO BIO;0;0;0;0;0;0;0;0;0;TAB M7 QC 1GB 8GB 7P Gris;COMPUTACION
6760015;;M;68;CHILENO;;Boomers;PROVIDENCIA                   ;METROPOLITANA;0;0;0;0;0;0;0;0;0;Tab M10 Plus FHD 4GB 64GB 10.3P platinum grey;COMPUTACION
8720823;;F;60;CHILENO;;Boomers;RENCA                         ;METROPOLITANA;0;0;0;0;0;0;0;0;0;NTBK AN515-54-59UV-1 Core i5 8GB 1TB 1650 4GB;COMPUTACION
11049646;;F;56;CHILENO;;Boomers;PUENTE ALTO                   ;METROPOLITANA;0;0;0;0;0;0;0;0;0;NTBK IP3 Ryzen 3-3250U/8GB/1TB/15P;COMPUTACION
19676551;;F;24;CHILENO;;Z;PROVIDENCIA                   ;METROPOLITANA;0;0;0;0;0;0;0;0;0;TAB 7 MB4 Plus 4Core 1GB 16GB 7 Plata;COMPUTACION
10260343;;F;51;CHILENO;;X;"";"";0;0;0;0;0;0;0;0;0;Impresora Laser HL-1202 Monocromatica;COMPUTACION
13189495;;M;45;CHILENO;;X;PROVIDENCIA                   ;METROPOLITANA;0;0;0;0;0;0;0;0;0;TAB Galaxy Tab A 8 4Core 2GB 32GB 8 Gris;COMPUTACION
20015356;;M;23;CHILENO;;Z;PROVIDENCIA                   ;METROPOLITANA;0;0;0;0;0;0;0;0;0;TAB Galaxy Tab A 8 4Core 2GB 32GB 8 Negra;COMPUTACION
17932691;;F;30;CHILENO;;Millenial;MAULE                         ;MAULE;0;0;0;0;0;0;0;0;0;TAB Galaxy Tab A 8 4Core 2GB 32GB 8 Negra;COMPUTACION
9313569;;F;57;CHILENO;;Boomers;N/D;N/D;0;0;0;0;0;0;0;0;0;NTBK IP3 Ryzen 3-3250U/8GB/1TB/15P;COMPUTACION
12570056;;F;48;CHILENO;;X;"";"";0;0;0;0;0;0;0;0;0;TAB Galaxy Tab A 8 4Core 2GB 32GB 8 Negra;COMPUTACION
5522756;Casado;F;74;CHILENO;;Silencioso;PROVIDENCIA                   ;METROPOLITANA;0;0;0;0;0;0;0;0;0;TAB 7 MB4 Plus 4Core 1GB 16GB 7 Plata;COMPUTACION
17012231;Soltero;M;33;CHILENO;INGENIERO EN INFORMATICA;Millenial;ARICA                         ;ARICA Y PARINACOTA;0;0;0;0;0;0;0;0;0;TAB S6 Lite (610) 4GB 64GB 10.4P PINK;COMPUTACION
17442562;Soltero;F;32;CHILENO;TECNICO EN ADMINISTRACION DE EMPRESAS;Millenial;RENCA                         ;METROPOLITANA;0;0;0;0;0;0;0;0;0;TAB M5 Lite Octa Core 32GB 10P FHD;COMPUTACION
17211709;;M;33;CHILENO;;Millenial;PROVIDENCIA                   ;METROPOLITANA;0;0;0;0;0;0;0;0;0;NTBK IP3 AMD Ryzen 5-4500U 8GB 1TB 15P;COMPUTACION
17599830;Soltero;M;31;CHILENO;;Millenial;PROVIDENCIA                   ;METROPOLITANA;0;0;0;0;0;0;0;0;0;NTBK Matebook 13 Core i5-10210U 8GB 512SSD 13P;COMPUTACION
13388020;;M;43;CHILENO;;X;N/D;N/D;0;0;0;0;0;0;0;0;0;TAB Galaxy Tab A 8 4Core 2GB 32GB 8 Negra;COMPUTACION
23932581;;F;40;BOLIVIANO;;Extranjero;N/D;N/D;0;0;0;0;0;0;0;0;0;NTBK 15-ek0010la Core i5 8+32 512SSD 2060 6GB;COMPUTACION
8599409;Soltero;F;64;CHILENO;;Boomers;PROVIDENCIA                   ;METROPOLITANA;0;0;0;0;0;0;0;0;0;NTBK 15-dw1051la Core i5-10210U 8GB 256SSD 15P;COMPUTACION
18053385;;F;31;CHILENO;;Millenial;PROVIDENCIA                   ;METROPOLITANA;0;0;0;0;0;0;0;0;0;NTBK G7 240 Intel Celeron 4GB 500GB 14;COMPUTACION
13145166;;F;44;CHILENO;;X;LOS ANGELES                   ;BIO BIO;0;0;0;0;0;0;0;0;0;AIO 20-c421la CeleroN 4 GB 1TB Windows;COMPUTACION
15017019;;F;40;CHILENO;;X;PROVIDENCIA                   ;METROPOLITANA;0;0;0;0;0;0;0;0;0;NTBK IP S340 Core I5-1035G4 4GB 256GB SSD 14P;COMPUTACION
26936125;;M;28;VENEZOLANO;;Extranjero;TEMUCO                        ;ARAUCANIA;0;0;0;0;0;0;0;0;0;TAB M8 QC 2GB 32GB 8P Gris;COMPUTACION
16918818;Soltero;F;34;CHILENO;;Millenial;PROVIDENCIA                   ;METROPOLITANA;0;0;0;0;0;0;0;0;0;NTBK IP3 Athlon 3050U/4GB/500GB/15P;COMPUTACION
13252385;Casado;M;45;CHILENO;;X;PROVIDENCIA                   ;METROPOLITANA;0;0;0;0;0;0;0;0;0;Multifuncional Laser DCP-1602 Monocromatica;COMPUTACION
8429354;;F;65;CHILENO;;Boomers;LA SERENA                     ;COQUIMBO;0;0;0;0;0;0;0;0;0;NTBK G7 240 Intel Celeron 4GB 500GB 14;COMPUTACION
26494393;;F;36;VENEZOLANO;;Extranjero;CONCEPCION                    ;BIO BIO;0;0;0;0;0;0;0;0;0;NTBK IP3 Athlon 3050U/4GB/500GB/15P;COMPUTACION
12824178;Casado;M;47;CHILENO;;X;PROVIDENCIA                   ;METROPOLITANA;0;0;0;0;0;0;0;0;0;NTBK 15-dw1051la Core i5-10210U 8GB 256SSD 15P;COMPUTACION
22133506;;M;26;CHILENO;;Extranjero;N/D;N/D;0;0;0;0;0;0;0;0;0;IMPRESORA HP NEVERSTOP LASER 1200W;COMPUTACION
14202492;;F;41;CHILENO;;X;RANCAGUA                      ;L.G.B.OÂ´HIGGINS;0;0;0;0;0;0;0;0;0;NTBK 16-a0001 Core i5-10300H 8GB 512SSD 1650 4GB;COMPUTACION
13990038;;M;41;CHILENO;;X;PROVIDENCIA                   ;METROPOLITANA;0;0;0;0;0;0;0;0;0;TAB Galaxy Tab A+SPen 8Core 3GB 32GB 8 Gris;COMPUTACION
11336079;;F;54;CHILENO;;X;MAIPU                         ;METROPOLITANA;0;0;0;0;0;0;0;0;0;NTBK 15-dk0015 Core i5-9300H 8GB 256SSD 1050 3GB;COMPUTACION
17031186;;F;33;CHILENO;;Millenial;MAIPU                         ;METROPOLITANA;0;0;0;0;0;0;0;0;0;Multifuncional Smart tank 530 WiFi ADF;COMPUTACION
13472764;;M;44;CHILENO;;X;PROVIDENCIA                   ;METROPOLITANA;0;0;0;0;0;0;0;0;0;NTBK AN515-54-59UV-1 Core i5 8GB 1TB 1650 4GB;COMPUTACION
26042311;;M;28;HAITIANO;;Extranjero;PROVIDENCIA                   ;METROPOLITANA;0;0;0;0;0;0;0;0;0;TAB 7 MB4 Plus 4Core 1GB 16GB 7 Plata;COMPUTACION
19813064;;F;24;CHILENO;;Z;PROVIDENCIA                   ;METROPOLITANA;0;0;0;0;0;0;0;0;0;TABLET MLAB 7 MB4 PLUS 1+16GB RED;COMPUTACION
13976907;;M;40;CHILENO;;X;PROVIDENCIA                   ;METROPOLITANA;0;0;0;0;0;0;0;0;0;Multifuncional Smart Tank 515 Wifi;COMPUTACION
17015458;;F;33;CHILENO;;Millenial;VICUNA                        ;COQUIMBO;0;0;0;0;0;0;0;0;0;Multifuncional Ink Tank 415 Wifi;COMPUTACION
8655779;;M;62;CHILENO;;Boomers;VALPARAISO                    ;VALPARAISO;0;0;0;0;0;0;0;0;0;TAB 7 MB4 PLUS 3G 1+16GB BLACK 8761;COMPUTACION
11719686;;F;51;CHILENO;;X;RENCA                         ;METROPOLITANA;0;0;0;0;0;0;0;0;0;TAB Galaxy Tab A 8 4Core 2GB 32GB 8 Gris;COMPUTACION
12517451;;F;50;CHILENO;;X;PROVIDENCIA                   ;METROPOLITANA;0;0;0;0;0;0;0;0;0;Impresora Monofuncional Laser 107w;COMPUTACION
14010523;;F;46;CHILENO;;X;SAN PEDRO                     ;METROPOLITANA;0;0;0;0;0;0;0;0;0;TAB M8 QC 2GB 32GB 8P Gris;COMPUTACION
5288245;;M;78;CHILENO;;Silencioso;RENCA                         ;METROPOLITANA;0;0;0;0;0;0;0;0;0;TAB Galaxy Tab A 10.1 8Core 2GB 32GB 10 Negra;COMPUTACION
12465730;Casado;M;49;CHILENO;MECANICO AUTOMOTRIZ EN SISTEMAS ELECTRONICOS;X;PROVIDENCIA                   ;METROPOLITANA;0;0;0;0;0;0;0;0;0;TAB Galaxy Tab A 8 4Core 2GB 32GB 8 Gris;COMPUTACION
8525325;;M;62;CHILENO;;Boomers;RENCA                         ;METROPOLITANA;0;0;0;0;0;0;0;0;0;NTBK 245 A4-9125 4GB 500GB 14 SIN WINDOWS;COMPUTACION
12332463;;M;49;CHILENO;;X;N/D;N/D;0;0;0;0;0;0;0;0;0;NTBK G7 240 Intel Celeron 4GB 500GB 14;COMPUTACION
16616803;;F;35;CHILENO;;Millenial;PROVIDENCIA                   ;METROPOLITANA;0;0;0;0;0;0;0;0;0;TAB M7 QC 1GB 8GB 7P Gris;COMPUTACION
13375623;;M;44;CHILENO;;X;LAS CONDES                    ;METROPOLITANA;0;0;0;0;0;0;0;0;0;NTBK Matebook D15 AMD Ryzen 5 8GB 256SSD 15P;COMPUTACION
25962193;;M;35;VENEZOLANO;;Extranjero;SANTIAGO                      ;METROPOLITANA;0;0;0;0;0;0;0;0;0;NTBK 14-ds002la AMD A4 4GB 64GB eMMC 14P;COMPUTACION
9308999;;F;60;CHILENO;;Boomers;N/D;N/D;0;0;0;0;0;0;0;0;0;AIO 20-c421la CeleroN 4 GB 1TB Windows;COMPUTACION
10617941;;F;51;CHILENO;;X;ARAUCO                        ;BIO BIO;0;0;0;0;0;0;0;0;0;NTBK 240 G7 Core i3-1005G1 4GB 1TB 14P;COMPUTACION
16657874;;M;35;CHILENO;;Millenial;PROVIDENCIA                   ;METROPOLITANA;0;0;0;0;0;0;0;0;0;NTBK AN515-54-59UV-1 Core i5 8GB 1TB 1650 4GB;COMPUTACION
7609156;;F;69;CHILENO;;Silencioso;MARIA PINTO                   ;METROPOLITANA;0;0;0;0;0;0;0;0;0;NTBK 14-DQ1001 Core i3-1005G1 4+16 256SSD 14;COMPUTACION
13120782;;M;45;CHILENO;;X;PROVIDENCIA                   ;METROPOLITANA;0;0;0;0;0;0;0;0;0;NTBK 15-gw0016la AMD Athlon 8GB 256GBSSD 15P;COMPUTACION
26008078;;M;28;EXTRANJERO - NO INFORMA NACIONALIDAD;;Extranjero;"";"";0;0;0;0;0;0;0;0;0;NTBK 16-a0001 Core i5-10300H 8GB 512SSD 1650 4GB;COMPUTACION
14094738;;M;41;CHILENO;;X;QUILICURA                     ;METROPOLITANA;0;0;0;0;0;0;0;0;0;MULTIFUNCIONAL DCP-T510 Wifi;COMPUTACION
18619767;;M;28;CHILENO;;Millenial;VALDIVIA                      ;LOS RIOS;0;0;0;0;0;0;0;0;0;NTBK IP3 Athlon 3050U/4GB/500GB/15P;COMPUTACION
13655363;;M;43;CHILENO;;Silencioso;PROVIDENCIA                   ;METROPOLITANA;0;0;0;0;0;0;0;0;0;TAB Galaxy Tab A+SPen 8Core 3GB 32GB 8 Gris;COMPUTACION
19596650;;F;25;CHILENO;;Z;PROVIDENCIA                   ;METROPOLITANA;0;0;0;0;0;0;0;0;0;TAB S6 Lite (610) 4GB 64GB 10.4P BLUE;COMPUTACION
15443163;;F;39;CHILENO;;X;EL BOSQUE                     ;METROPOLITANA;0;0;0;0;0;0;0;0;0;NTBK IP3 Athlon 3050U/4GB/500GB/15P;COMPUTACION
15471708;Soltero;M;39;CHILENO;CONTADOR AUDITOR;X;PROVIDENCIA                   ;METROPOLITANA;0;0;0;0;0;0;0;0;0;NTBK IP3 Ryzen 3-3250U/8GB/1TB/15P;COMPUTACION
6904919;Viudo;M;67;CHILENO;;Boomers;RENCA                         ;METROPOLITANA;0;0;0;0;0;0;0;0;0;Multifuncional Smart Tank 515 Wifi;COMPUTACION
15519984;Casado;M;34;CHILENO;;Millenial;PROVIDENCIA                   ;METROPOLITANA;0;0;0;0;0;0;0;0;0;TAB S6 Lite (610) 4GB 64GB 10.4P PINK;COMPUTACION
12111988;Casado;F;51;CHILENO;AUXILIAR DE ENFERMERIA;X;RENCA                         ;METROPOLITANA;0;0;0;0;0;0;0;0;0;NTBK IP3 Athlon 3050U/4GB/500GB/15P;COMPUTACION
13900375;;M;41;CHILENO;;X;PROVIDENCIA                   ;METROPOLITANA;0;0;0;0;0;0;0;0;0;MULTIFUNCIONAL ECOTANK L3150 Wifi;COMPUTACION
19721968;;F;25;CHILENO;;Z;PROVIDENCIA                   ;METROPOLITANA;0;0;0;0;0;0;0;0;0;NTBK 14-DQ1001 Core i3-1005G1 4+16 256SSD 14;COMPUTACION
17446128;;F;32;CHILENO;;Millenial;PROVIDENCIA                   ;METROPOLITANA;0;0;0;0;0;0;0;0;0;NTBK Matebook D15 AMD Ryzen 5 8GB 256SSD 15P;COMPUTACION
7501456;;M;67;CHILENO;;Boomers;ARAUCO                        ;BIO BIO;0;0;0;0;0;0;0;0;0;TAB Galaxy Tab A 8 4Core 2GB 32GB 8 Gris;COMPUTACION
16215047;;M;36;CHILENO;;Millenial;LAJA                          ;BIO BIO;0;0;0;0;0;0;0;0;0;TAB Galaxy Tab A 8 4Core 2GB 32GB 8 Gris;COMPUTACION
9583336;Divorciado;F;54;CHILENO;TECNICO;Boomers;RENCA                         ;METROPOLITANA;0;0;0;0;0;0;0;0;0;AIO 330 A6-9200 4GB 500GB 19,5;COMPUTACION
14024114;Casado;M;41;CHILENO;;X;RENCA                         ;METROPOLITANA;0;0;0;0;0;0;0;0;0;Multifuncional Smart tank 530 WiFi ADF;COMPUTACION
18667840;Soltero;M;28;CHILENO;INGENIERIA EN ADMINISTRACION DE EMPRESAS MENCION FINANZAS;Millenial;RENCA                         ;METROPOLITANA;0;0;0;0;0;0;0;0;0;NTBK HP 14-cf0011la Ci3-8130U 4GB 128SSD 14P;COMPUTACION
16765069;Soltero;M;34;CHILENO;PSICOLOGO;Millenial;PROVIDENCIA                   ;METROPOLITANA;0;0;0;0;0;0;0;0;0;NTBK 15-ek0010la Core i5 8+32 512SSD 2060 6GB;COMPUTACION
18535132;Soltero;F;28;CHILENO;PROFESOR;Millenial;PROVIDENCIA                   ;METROPOLITANA;0;0;0;0;0;0;0;0;0;TAB S6 Lite (610) 4GB 64GB 10.4P DARK GREY;COMPUTACION
13010766;;F;45;CHILENO;;X;PROVIDENCIA                   ;METROPOLITANA;0;0;0;0;0;0;0;0;0;IMPRESORA EPSON TINTA CONTINUA A3+ ECOTANK L1300;COMPUTACION
18150284;;F;29;CHILENO;;Millenial;N/D;N/D;0;0;0;0;0;0;0;0;0;MULTIFUNCIONAL ECOTANK L3150 Wifi;COMPUTACION
16288693;;F;37;CHILENO;;Millenial;PETORCA                       ;VALPARAISO;0;0;0;0;0;0;0;0;0;TAB Galaxy Tab A 8 4G 4Core 2GB 32GB 8 Gris;COMPUTACION
9402672;;F;58;CHILENO;;Boomers;N/D;N/D;0;0;0;0;0;0;0;0;0;Multifuncional Smart Tank 515 Wifi;COMPUTACION
7143915;;M;68;CHILENO;;Boomers;ANTOFAGASTA                   ;ANTOFAGASTA;0;0;0;0;0;0;0;0;0;Multifuncional Ecotank Epson L6191 WiFi/Ethernet;COMPUTACION
19944876;;F;24;CHILENO;;Z;N/D;N/D;40020;3;3;0;0;0;3;3;40020;ALTEC LANSING AUDIFONO Nano Pods TWS ICE BLUE 89;ACCESORIOS
13140937;;M;45;CHILENO;;X;REQUINOA                      ;L.G.B.OÂ´HIGGINS;109980;2;2;0;0;0;2;2;109980;Kit gamer 3 en 1;ACCESORIOS
19859882;;M;24;CHILENO;;Z;PROVIDENCIA                   ;METROPOLITANA;19990;1;1;1;1;19990;0;0;0;Teclado Gamer Pro M858;ACCESORIOS
11579792;;M;51;CHILENO;;X;LOS ANGELES                   ;BIO BIO;11990;1;1;0;0;0;1;1;11990;SOPORTE TV 32-65 KTA03 KIOTO FIJO;ACCESORIOS
10892099;;M;55;CHILENO;;Boomers;PICA                          ;TARAPACA;514950;6;4;0;0;0;6;4;514950;KIT PREPAGO HD DIRECTV;ACCESORIOS
19665166;;F;23;CHILENO;;Z;N/D;N/D;14980;2;2;1;1;7990;1;1;6990;SOPORTE TV 26-56 KTA02 KIOTO FIJO;ACCESORIOS
12315268;;M;49;CHILENO;;X;N/D;N/D;29990;1;1;0;0;0;1;1;29990;Headset Pav Gam 400 Grn CAN/ENG;ACCESORIOS
19714031;;M;24;CHILENO;;Z;CURANILAHUE                   ;BIO BIO;2242760;10;6;5;3;1369810;5;3;872950;GALAXY WATCH4 42 MM SILVER;ACCESORIOS
15522210;;M;37;CHILENO;;Millenial;"";"";190970;3;2;3;2;190970;0;0;0;KLIP XTREME IMPRESIOUS NEGRO KHW-251BK;ACCESORIOS
19560565;;F;25;CHILENO;;Z;CHONCHI;LOS LAGOS;429960;4;4;1;1;229990;3;3;199970;SOPORTE TV 32-65 KTA03 KIOTO FIJO;ACCESORIOS
16119372;;M;37;CHILENO;;Millenial;CONCEPCION;BIO-BIO;188950;5;5;4;2;162960;1;3;25990;AUDIFONO ON ZX310AP ROJO;ACCESORIOS
17436106;;F;33;CHILENO;;Millenial;PROVIDENCIA                   ;N/D;49990;1;2;0;0;0;1;2;49990;PARLANTE KARAOKE FD-PKBT82 8 LUCES MIC/FM/BT/USB;ACCESORIOS
15135830;;M;39;CHILENO;;X;MAULE                         ;MAULE;694940;6;5;0;0;0;6;5;694940;GALAXY WATCH ACTIVE4 40 MM GOLD;ACCESORIOS
15133768;;M;40;CHILENO;;X;PROVIDENCIA                   ;METROPOLITANA;34980;2;2;0;0;0;2;2;34980;KIT PREPAGO HD DIRECTV;ACCESORIOS
17408025;;F;32;CHILENO;;Millenial;PUNTA ARENAS                  ;MAGALLANES;19990;1;1;0;0;0;1;1;19990;Travel Adapter SFC 25W Type C (w/o Cable);ACCESORIOS
11940284;;M;50;CHILENO;;X;ILLAPEL                       ;COQUIMBO;1558280;14;11;2;1;272980;12;10;1285300;AUDIFONO GALAXY BUDS2 BLACK;ACCESORIOS
17641944;Soltero;M;31;CHILENO;CIRUJANO DENTISTA;Millenial;"";"";8990;1;1;0;0;0;1;1;8990;MOUSE INAL M187 LOG AZUL;ACCESORIOS
15621813;;F;38;CHILENO;;Millenial;CASTRO                        ;LOS LAGOS;74970;3;3;0;0;0;3;3;74970;Audifonos Gamer Ultimate M2026;ACCESORIOS
19773492;;F;24;CHILENO;;Z;VALPARAISO;VALPARAISO;54960;4;2;4;2;54960;0;0;0;PARLANTE GO 2 BLUETOOTH ROJO;ACCESORIOS
7309625;;F;66;CHILENO;;Boomers;VALLENAR;ATACAMA;189980;2;2;2;2;189980;0;0;0;TRAVEL ADAPTER 15W - FAST CHARGER (TYPE-C CABLE);ACCESORIOS
22099004;;M;45;PERUANO;;Extranjero;N/D;N/D;28700;2;1;0;0;0;2;1;28700;KIT GAMER 3 EN 1 LVLUP TECLADO CON LUCES, MOUSE;ACCESORIOS
15215380;;M;40;CHILENO;;X;COIHUECO                      ;BIO BIO;178960;4;3;0;0;0;4;3;178960;SOPORTE TV 26-56 KTA02 KIOTO FIJO;ACCESORIOS
14601162;;M;45;CHILENO;;X;PELARCO                       ;MAULE;1025890;11;4;0;0;0;11;4;1025890;SOPORTE TV 26-56 KTA02 KIOTO FIJO;ACCESORIOS
20322424;;F;22;CHILENO;;Extranjero;PROVIDENCIA                   ;METROPOLITANA;7990;1;1;1;1;7990;0;0;0;SOPORTE TV 26-56 KTAT02 KIOTO MOVIL;ACCESORIOS
14189218;;M;40;CHILENO;;Silencioso;PROVIDENCIA                   ;METROPOLITANA;23980;2;1;2;1;23980;0;0;0;Teclado Gamer Pro M858;ACCESORIOS
16770941;;F;34;CHILENO;;Millenial;IQUIQUE;TARAPACA;61980;2;1;2;1;61980;0;0;0;Reloj Smartwatch Lhotse RD7 Dark Silver Cuero Ne;ACCESORIOS
24414537;Soltero;M;29;COLOMBIANO;;Extranjero;PROVIDENCIA                   ;METROPOLITANA;5990;1;1;1;1;5990;0;0;0;TYPE C TO TYPE C CABLE 3A (MAX 60W);ACCESORIOS
8750257;;F;62;CHILENO;;Boomers;"";"";9990;1;1;0;0;0;1;1;9990;MOUSE MICROSOFT Wireless Mbl 1850 Black;ACCESORIOS
9403209;;F;60;CHILENO;;Boomers;N/D;N/D;331550;4;4;0;0;0;4;4;331550;Parlante Karaoke Blik Screamer 2;ACCESORIOS
18672459;Soltero;F;28;CHILENO;;Millenial;LA GRANJA;METROPOLITANA;20980;2;1;2;1;20980;0;0;0;Audifonos Bluetooth Deportivos Lhotse Rm5;ACCESORIOS
17562810;;F;32;CHILENO;;Millenial;"";"";396000;9;5;2;1;28980;7;4;367020;SOPORTE TV 26-56 KTA02 KIOTO FIJO;ACCESORIOS
27065545;Soltero;F;29;EXTRANJERO - NO INFORMA NACIONALIDAD;;Extranjero;"";"";11990;1;1;0;0;0;1;1;11990;AUDIFONO MANOS LIBRES MOTOROLA SQUADS 200 AZUL;ACCESORIOS
16164168;;M;37;CHILENO;;Millenial;RENCA                         ;METROPOLITANA;6990;1;1;0;0;0;1;1;6990;SOPORTE TV 26-56 KTA02 KIOTO FIJO;ACCESORIOS
19047724;;M;27;CHILENO;;Z;"";"";54970;3;2;2;1;41980;1;1;12990;Reloj Smartwatch Lhotse RD9 Dark Silver Naranjo;ACCESORIOS
18745843;;M;29;CHILENO;;Millenial;CORONEL                       ;BIO BIO;147830;3;2;2;1;135840;1;1;11990;SOPORTE TV 32-65 KTA03 KIOTO FIJO;ACCESORIOS
10832777;Soltero;M;43;CHILENO;;X;ISLA DE MAIPO;METROPOLITANA;313970;5;2;5;2;313970;0;0;0;Smartwatch GT 2 BLACK;ACCESORIOS
15746963;;M;39;CHILENO;;X;PROVIDENCIA                   ;METROPOLITANA;592080;6;2;0;0;0;6;2;592080;SOPORTE TV 14-63 CON BRAZO KT-FM 3L;ACCESORIOS
12157191;;F;55;CHILENO;;Boomers;RANCAGUA                      ;L.G.B.OÂ´HIGGINS;132990;3;2;0;0;0;3;2;132990;Silla Gamer Balderi negra celeste;ACCESORIOS
19029122;;M;28;CHILENO;;Millenial;N/D;N/D;57980;2;2;0;0;0;2;2;57980;DISCO DURO CANVIO 1TB BASICS BLACK TOSHIBA;ACCESORIOS
16843070;;M;32;CHILENO;;Millenial;N/D;N/D;153870;5;3;0;0;0;5;3;153870;AUDIFONO KIDS FROZEN 2 ANNA ALAMBRICO;ACCESORIOS
17649538;;M;31;CHILENO;;Millenial;CASTRO                        ;LOS LAGOS;405970;3;3;0;0;0;3;3;405970;AUDIFONO GALAXY BUDS2 BLACK;ACCESORIOS
9462707;;M;59;CHILENO;;Boomers;MAIPU                         ;METROPOLITANA;14990;1;1;0;0;0;1;1;14990;SAMSUNG TYPE-C EARPHONES BLACK;ACCESORIOS
20126267;;F;23;CHILENO;;Z;N/D;N/D;475930;7;5;0;0;0;7;5;475930;Kit 4 en 1 Gamer M501;ACCESORIOS
17300585;;M;32;CHILENO;;Millenial;SAN FELIPE                    ;VALPARAISO;622970;3;2;1;1;11990;2;1;610980;Porta audifonos M650;ACCESORIOS
20603804;;M;21;CHILENO;;Z;MELIPILLA                     ;METROPOLITANA;295950;5;3;0;0;0;5;3;295950;AUDIFONOS GALAXY BUDS PRO BLACK;ACCESORIOS
27154738;;M;26;EXTRANJERO - NO INFORMA NACIONALIDAD;;Extranjero;N/D;N/D;37970;3;1;3;1;37970;0;0;0;Teclado + Mouse Legion KM300 RGB Gaming Combo -;ACCESORIOS
26546015;;F;49;NO INFORMA NACIONALIDAD;;Extranjero;"";"";97380;4;2;0;0;0;4;2;97380;HONOR TRUE WIRELESS STEREO EARBUDS;ACCESORIOS
18664498;Casado;F;28;CHILENO;TECNICO EN ADMINISTRACION DE EMPRESAS;Millenial;PROVIDENCIA                   ;METROPOLITANA;84990;1;1;1;1;84990;0;0;0;AUDIFONO GALAXY BUDS2 BLACK;ACCESORIOS
20111746;;F;23;CHILENO;;Z;NIQUEN                        ;BIO BIO;474950;5;3;1;1;19990;4;2;454960;Teclado Gamer Pro M858;ACCESORIOS
15793879;;M;42;CHILENO;;X;ESTACION CENTRAL              ;METROPOLITANA;25980;2;2;2;2;25980;0;0;0;Teclado + Mouse 510 Wireless Combo - LA Spanish;ACCESORIOS
7355385;Casado;M;67;CHILENO;;Boomers;RECOLETA;METROPOLITANA;228960;4;2;4;2;228960;0;0;0;PARLANTE 6985 MLAB VERTICAL BRITPOP BT;ACCESORIOS
13205581;Soltero;F;45;CHILENO;;X;RENCA                         ;METROPOLITANA;6990;1;1;0;0;0;1;1;6990;AUDIFONO IN PANASONIC RP-TCM130PPW BLANCO;ACCESORIOS
11699853;;F;51;CHILENO;;X;CANETE                        ;BIO BIO;193971;4;3;0;0;0;4;3;193971;ALTEC LANSING AUDIFONO HEADBAND BLUETOOTH COMFOR;ACCESORIOS
13153122;;F;45;CHILENO;;X;N/D;N/D;12990;1;1;0;0;0;1;1;12990;SOPORTE TV 26-56 KTAT02 KIOTO MOVIL;ACCESORIOS
10382396;;M;56;CHILENO;;Boomers;LA PINTANA                    ;METROPOLITANA;65930;4;2;0;0;0;4;2;65930;Parlante Karaoke Blik Screamer 2;ACCESORIOS
13095111;;M;45;CHILENO;;X;LO ESPEJO;METROPOLITANA;243110;3;2;0;0;0;3;2;243110;SAMSUNG TYPE-C EARPHONES BLACK;ACCESORIOS
18001159;;F;30;CHILENO;;Millenial;N/D;N/D;486961;4;4;0;0;0;4;4;486961;GALAXY WATCH ACTIVE4 40 MM LTE GOLD;ACCESORIOS
5406819;;M;73;CHILENO;;Silencioso;OVALLE                        ;COQUIMBO;379311;6;3;0;0;0;6;3;379311;SOPORTE TV 26-56 KTA02 KIOTO FIJO;ACCESORIOS
25281002;;M;26;DOMINICANO;;Extranjero;SANTIAGO                      ;METROPOLITANA;51980;2;2;1;1;39990;1;1;11990;SAMSUNG TYPE-C EARPHONES BLACK;ACCESORIOS
18185974;;F;30;CHILENO;;Millenial;PUENTE ALTO                   ;METROPOLITANA;26130;3;2;0;0;0;3;2;26130;Redmi Buds 3 Lite White;ACCESORIOS
14447979;;F;47;CHILENO;;X;ANCUD                         ;LOS LAGOS;16990;1;1;0;0;0;1;1;16990;ALTEC LANSING AUDIFONO HEADBAND BLUETOOTH COMFOR;ACCESORIOS
12898352;;F;47;CHILENO;;X;MELIPILLA                     ;METROPOLITANA;172980;2;2;0;0;0;2;2;172980;SOPORTE TV 26-56 KTAT02 KIOTO MOVIL;ACCESORIOS
20256555;;F;23;CHILENO;;Z;PROVIDENCIA                   ;METROPOLITANA;25990;1;1;0;0;0;1;1;25990;Redmi Buds 3 Lite White;ACCESORIOS
15311015;;F;39;CHILENO;;X;PUNTA ARENAS                  ;MAGALLANES;7990;1;1;0;0;0;1;1;7990;Audifonos Orejas De Gato Azul;ACCESORIOS
14167838;;M;41;CHILENO;;X;LONCOCHE                      ;ARAUCANIA;62972;3;7;0;0;0;3;7;62972;ALTEC LANSING AUDIFONO IN-EAR BLUETOOTH SPORT RU;ACCESORIOS
13533158;;M;43;CHILENO;;Millenial;"";"";15270;2;1;0;0;0;2;1;15270;TRAVEL ADAPTER 15W - FAST CHARGER (TYPE-C CABLE);ACCESORIOS
26315003;;F;48;VENEZOLANO;;Extranjero;CONCEPCION                    ;BIO BIO;24990;1;1;0;0;0;1;1;24990;ALTEC LANSING AUDIFONO Nanobuds TWS 2.0 GRAY BLA;ACCESORIOS
19895603;;M;24;CHILENO;;Z;PARRAL                        ;MAULE;6990;1;1;0;0;0;1;1;6990;AUDIFONO IN SAM HS1303C/ MIC AZUL;ACCESORIOS
18716980;;F;28;CHILENO;;Millenial;"";"";276980;4;3;0;0;0;4;3;276980;ALTEC LANSING AUDIFONO HEADBAND BLUETOOTH COMFOR;ACCESORIOS
7357766;;F;65;CHILENO;;Boomers;SAN BERNARDO                  ;METROPOLITANA;16270;2;1;0;0;0;2;1;16270;Parlante Karaoke Blik Screamer 2;ACCESORIOS
12572445;;M;48;CHILENO;;X;OVALLE                        ;COQUIMBO;19990;1;1;0;0;0;1;1;19990;Parlante Karaoke Blik Screamer 2;ACCESORIOS
18904916;;F;27;CHILENO;;Millenial;"";"";23000;2;1;0;0;0;2;1;23000;Redmi Buds 3 Lite White;ACCESORIOS
13261810;;F;45;CHILENO;;X;NUNOA                         ;METROPOLITANA;20000;2;1;0;0;0;2;1;20000;AUDIFONO IN SONY BT WI-C200 BLACK;ACCESORIOS
9417415;;F;62;CHILENO;;Boomers;TALAGANTE                     ;METROPOLITANA;9990;1;1;0;0;0;1;1;9990;WIRELESS MINI MOUSE M187 REFRESH CORAL;ACCESORIOS
20400853;;F;22;CHILENO;;Millenial;N/D;N/D;383970;3;1;3;1;383970;0;0;0;APPLE WATCH SERIE 3 38MM SILVER;ACCESORIOS
19388423;;F;25;CHILENO;;Z;"";"";296440;6;5;5;4;285450;1;1;10990;Silla Gamer Tyrus Negra;ACCESORIOS
15835052;;F;38;CHILENO;;Millenial;TALCA                         ;MAULE;66980;2;4;0;0;0;2;4;66980;Parlante Bluetooth Blik Booster 1;ACCESORIOS
10967967;;M;49;CHILENO;;X;PADRE LAS CASAS               ;ARAUCANIA;24970;3;2;0;0;0;3;2;24970;SOPORTE TV 26-56 KTA02 KIOTO FIJO;ACCESORIOS
15623270;;F;38;CHILENO;;X;RENCA                         ;METROPOLITANA;47980;2;1;0;0;0;2;1;47980;Parlante Karaoke Blik Screamer 1;ACCESORIOS
6969829;Casado;M;69;CHILENO;;Silencioso;CURANILAHUE                   ;BIO BIO;19990;1;1;0;0;0;1;1;19990;SOPORTE TV 14-42 KTAM02 KIOTO C/ BRAZO MOVIL;ACCESORIOS
17446624;Soltero;F;31;CHILENO;TECNICO DE NIVEL SUPERIOR EN ENFERMERIA;Millenial;PROVIDENCIA                   ;METROPOLITANA;17990;1;1;0;0;0;1;1;17990;Mouse Bluetooth Hdwr Mint;ACCESORIOS
19147121;Soltero;M;27;CHILENO;;Z;PROVIDENCIA                   ;METROPOLITANA;23990;1;1;1;1;23990;0;0;0;JBL AUDIFONOS ON-EAR BLUETOOTH TUNE 510BT NEGRO;ACCESORIOS
24897615;Casado;M;39;PERUANO;;Extranjero;PROVIDENCIA                   ;METROPOLITANA;57970;3;1;3;1;57970;0;0;0;3-PACK AMPOLLETA GU10 BLANCO;ACCESORIOS
13604448;Soltero;F;43;CHILENO;;X;PROVIDENCIA                   ;METROPOLITANA;324160;3;2;0;0;0;3;2;324160;Redmi Watch 2 Lite GL (black).;ACCESORIOS
8820570;;M;60;CHILENO;;Boomers;N/D;N/D;8990;1;1;0;0;0;1;1;8990;PARLANTE GBASS MICRO;ACCESORIOS
15380317;;F;40;CHILENO;;X;PROVIDENCIA                   ;METROPOLITANA;29990;1;1;0;0;0;1;1;29990;KLIP XTREME IMPRESIOUS NEGRO KHW-251BK;ACCESORIOS
16446443;;M;35;CHILENO;;Millenial;PROVIDENCIA                   ;METROPOLITANA;12990;1;1;1;1;12990;0;0;0;Parlante Bluetooth Blik Rockwood;ACCESORIOS
16013125;;M;37;CHILENO;;Millenial;ARAUCO                        ;BIO BIO;732400;10;6;5;3;168810;5;3;563590;Redmi Buds 3 Lite Black;ACCESORIOS
25841077;Casado;F;40;VENEZOLANO;;Extranjero;PROVIDENCIA                   ;METROPOLITANA;63980;2;1;2;1;63980;0;0;0;DISCO DURO CANVIO 2TB BASICS BLACK TOSHIBA;ACCESORIOS
15961903;Soltero;F;37;CHILENO;;Millenial;PROVIDENCIA                   ;METROPOLITANA;117970;3;2;3;2;117970;0;0;0;SAMSUNG TYPE-C EARPHONES WHITE;ACCESORIOS
17118394;;M;33;CHILENO;;Millenial;PROVIDENCIA                   ;METROPOLITANA;43980;2;1;2;1;43980;0;0;0;HUAWEI FREEBUDS 4i SILVER FROST;ACCESORIOS
16152891;;M;36;CHILENO;;Millenial;CONCEPCION                    ;BIO BIO;18980;2;1;0;0;0;2;1;18980;Parlante Karaoke Blik Screamer 1;ACCESORIOS
15872022;;M;37;CHILENO;;Millenial;SAN ANTONIO                   ;VALPARAISO;154980;2;2;1;1;54990;1;1;99990;PARLANTE FLIP ESSENTIAL BLUETOOTH;ACCESORIOS
18359835;;F;29;CHILENO;;Millenial;PROVIDENCIA                   ;METROPOLITANA;302960;4;3;0;0;0;4;3;302960;SOPORTE TV 14-42 KTAM02 KIOTO C/ BRAZO MOVIL;ACCESORIOS
15289302;;F;31;CHILENO;;Millenial;PROVIDENCIA                   ;METROPOLITANA;22990;1;1;0;0;0;1;1;22990;PARLANTE KARAOKE MGGLADIATOR NEGRO;ACCESORIOS
18944784;;F;26;CHILENO;;Z;PROVIDENCIA                   ;METROPOLITANA;14990;1;1;0;0;0;1;1;14990;AUDIFONO BLUETOOTH SPIDERMAN;ACCESORIOS
20031263;;F;23;CHILENO;;Z;COIHAIQUE                     ;AYSEN;26990;1;1;0;0;0;1;1;26990;JBL AUDIFONOS ON-EAR BLUETOOTH TUNE 510BT NEGRO;ACCESORIOS
6480138;;F;68;CHILENO;;Boomers;N/D;N/D;2545470;19;9;8;4;947580;11;5;1597890;PARLANTE FLIP ESSENTIAL BLUETOOTH;ACCESORIOS
19376293;Soltero;M;26;CHILENO;ANALISTA DE SISTEMAS;Z;PROVIDENCIA                   ;METROPOLITANA;13980;2;1;0;0;0;2;1;13980;SOPORTE TV 26-56 KTA02 KIOTO FIJO;ACCESORIOS
12729820;;F;46;CHILENO;;X;TOME                          ;BIO BIO;139980;2;2;0;0;0;2;2;139980;MI WATCH NEGRO XIAOMI;ACCESORIOS
18998327;;M;27;CHILENO;;Z;N/D;N/D;655840;15;7;15;7;655840;0;0;0;Mouse Inalambrico SPK7624 Negro;ACCESORIOS
15486796;;M;39;CHILENO;;X;SAN BERNARDO;METROPOLITANA;19990;1;1;0;0;0;1;1;19990;Parlante Bluetooth Blik Rockwood;ACCESORIOS
20139875;;F;23;CHILENO;;Z;PENAFLOR;METROPOLITANA;189073;3;2;3;2;189073;0;0;0;SAMSUNG TYPE-C EARPHONES WHITE;ACCESORIOS
6159678;;F;73;CHILENO;;Silencioso;RENCA                         ;METROPOLITANA;6990;1;1;0;0;0;1;1;6990;SOPORTE TV 26-56 KTA02 KIOTO FIJO;ACCESORIOS
19403798;Soltero;F;26;CHILENO;;Z;PROVIDENCIA                   ;METROPOLITANA;149990;1;1;1;1;149990;0;0;0;Galaxy Watch Active4 40 mm Black;ACCESORIOS
15652744;;M;38;CHILENO;;X;N/D;N/D;292960;4;5;0;0;0;4;5;292960;SOPORTE TV 14-42 KTAM02 KIOTO C/ BRAZO MOVIL;ACCESORIOS
8044559;Divorciado;M;63;CHILENO;;Boomers;RENCA                         ;METROPOLITANA;93980;2;1;2;1;93980;0;0;0;AUDIFONO GALAXY BUDS LIVE NEGRO;ACCESORIOS
18517018;;F;28;CHILENO;;Millenial;PROVIDENCIA                   ;METROPOLITANA;13990;1;1;0;0;0;1;1;13990;SOPORTE TV 14-42 KTAM02 KIOTO C/ BRAZO MOVIL;ACCESORIOS
15695130;;F;38;CHILENO;;Millenial;"";"";79990;1;1;1;1;79990;0;0;0;Silla Gamer Tyrus Blanco rosadosa;ACCESORIOS
20185557;;F;22;CHILENO;;Z;PROVIDENCIA                   ;METROPOLITANA;86980;2;1;2;1;86980;0;0;0;Silla Gamer Tyrus Blanco rosadosa;ACCESORIOS
27093401;;F;25;CHILENO;;Extranjero;BUIN                          ;METROPOLITANA;19990;1;1;0;0;0;1;1;19990;20000mAh REDMI 18W FAST CHARGE POWER BANK BLACK;ACCESORIOS
18072729;;M;29;CHILENO;;Millenial;SAN JAVIER                    ;MAULE;7990;1;1;0;0;0;1;1;7990;Funda Con Cierre 15;ACCESORIOS
13584822;;M;43;CHILENO;;X;PROVIDENCIA                   ;METROPOLITANA;90980;2;1;2;1;90980;0;0;0;Silla Gamer Tyrus Blanco rosadosa;ACCESORIOS
18785688;Soltero;M;27;CHILENO;;Millenial;PROVIDENCIA                   ;METROPOLITANA;13980;2;1;0;0;0;2;1;13980;SOPORTE TV 26-56 KTA02 KIOTO FIJO;ACCESORIOS
23384729;;F;32;PERUANO;;Extranjero;LA REINA                      ;METROPOLITANA;944920;9;5;6;3;643950;3;2;300970;AUDIFONO MANOS LIBRES MOTOROLA SQUADS 200 ROSADO;ACCESORIOS
18413335;Soltero;M;28;CHILENO;;Millenial;N/D;N/D;394960;4;2;4;2;394960;0;0;0;Galaxy Watch Active4 40 mm Black;ACCESORIOS
13860812;;M;41;CHILENO;;X;CHILLAN                       ;BIO BIO;12990;1;1;0;0;0;1;1;12990;SOPORTE TV 14-63 CON BRAZO KT-FM 3L;ACCESORIOS
17790657;Soltero;F;31;CHILENO;PROFESOR;Millenial;PROVIDENCIA                   ;METROPOLITANA;18980;2;1;0;0;0;2;1;18980;TRAVEL ADAPTER 15W - FAST CHARGER (TYPE-C CABLE);ACCESORIOS
18972640;;F;27;CHILENO;;Millenial;"";"";27980;2;3;0;0;0;2;3;27980;AUDIFONO SAMSUNG WIRELESS A08C;ACCESORIOS
16023294;Casado;M;37;CHILENO;MEDICO CIRUJANO;Millenial;PROVIDENCIA                   ;METROPOLITANA;42990;1;1;1;1;42990;0;0;0;365 Familia 6 usuarios Anual;ACCESORIOS
16163895;;M;36;CHILENO;;Silencioso;PROVIDENCIA                   ;METROPOLITANA;123980;2;3;2;1;123980;0;2;0;SAMSUNG TYPE-C EARPHONES BLACK;ACCESORIOS
15111314;;F;38;CHILENO;;Millenial;SAN VICENTE                   ;L.G.B.OÂ´HIGGINS;12990;1;1;0;0;0;1;1;12990;SOPORTE TV 14-63 CON BRAZO KT-FM 3L;ACCESORIOS
12946075;;M;46;CHILENO;;X;SALAMANCA                     ;COQUIMBO;9990;1;1;0;0;0;1;1;9990;Mouse 200 Silver Wireless;ACCESORIOS
10581187;;F;57;CHILENO;;Boomers;SAN RAFAEL                    ;MAULE;187970;3;2;0;0;0;3;2;187970;SOPORTE TV 14-63 CON BRAZO KT-FM 3L;ACCESORIOS
4708208;;F;80;CHILENO;;Silencioso;CAUQUENES                     ;MAULE;1145899;12;5;0;0;0;12;5;1145899;Escritorio Gamer Pro RGB;ACCESORIOS
11378103;;M;52;CHILENO;;X;PROVIDENCIA                   ;METROPOLITANA;24980;2;1;0;0;0;2;1;24980;Audifonos Gamer Ultimate M2026;ACCESORIOS
18684237;;F;28;CHILENO;;Millenial;N/D;N/D;2990;1;1;0;0;0;1;1;2990;CABLE MGCALIG;ACCESORIOS
15530352;;F;45;CHILENO;;X;N/D;N/D;12990;1;1;0;0;0;1;1;12990;SOPORTE TV 14-63 CON BRAZO KT-FM 3L;ACCESORIOS
16985719;;F;34;CHILENO;;Millenial;PUENTE ALTO                   ;METROPOLITANA;48980;2;2;0;0;0;2;2;48980;AUDIFONO MOTOROLA BLUETOOTH ESCAPE 220 BLANCO;ACCESORIOS
17010916;;M;34;CHILENO;;Millenial;VALLENAR;ATACAMA;109990;1;1;0;0;0;1;1;109990;AUDIFONOS GALAXY BUDS PRO BLACK;ACCESORIOS
13647991;;F;42;CHILENO;;X;COPIAPO                       ;ATACAMA;469910;10;3;0;0;0;10;3;469910;AUDIFONO MOTO BUDBS 100 TRUE WIRELESS WHITE;ACCESORIOS
18973848;;F;27;CHILENO;;Z;PROVIDENCIA                   ;METROPOLITANA;32980;2;1;0;0;0;2;1;32980;AUDIFONO MOTO BUDBS 100 TRUE WIRELESS WHITE;ACCESORIOS
16518026;;F;35;CHILENO;;Millenial;PUDAHUEL;METROPOLITANA;68980;2;1;2;1;68980;0;0;0;AUDIFONOS GAMER JBL QUANTUM 300 NEGRO;ACCESORIOS
5840962;;F;76;CHILENO;;Silencioso;RENCA                         ;METROPOLITANA;28980;2;2;0;0;0;2;2;28980;AUDIFONO HEADBAND BT NEGRO;ACCESORIOS
19730192;;M;25;CHILENO;;Z;PROVIDENCIA                   ;METROPOLITANA;38960;4;3;0;0;0;4;3;38960;TRAVEL ADAPTER 15W - FAST CHARGER (TYPE-C CABLE);ACCESORIOS
26019714;;M;38;HAITIANO;;Extranjero;CALERA                        ;VALPARAISO;298930;5;4;0;0;0;5;4;298930;BAND 6 BLACK HUAWEI;ACCESORIOS
16270946;;F;36;CHILENO;;Millenial;TALCA                         ;MAULE;139990;1;1;1;1;139990;0;0;0;WATCH GT2 PRO BLACK HUAWEI;ACCESORIOS
11931586;;M;49;CHILENO;;X;RENCA                         ;METROPOLITANA;19990;1;1;0;0;0;1;1;19990;KIT PREPAGO HD DIRECTV;ACCESORIOS
6288711;Divorciado;M;69;CHILENO;;Silencioso;RENCA                         ;METROPOLITANA;109990;2;1;2;1;109990;0;0;0;AUDIFONOS GALAXY BUDS PRO SILVER;ACCESORIOS
13729788;;M;44;CHILENO;;X;TEMUCO                        ;ARAUCANIA;9990;1;1;0;0;0;1;1;9990;AUDIFONO TEEN SPIDERMAN ALAMBRICO;ACCESORIOS
15805067;;M;38;CHILENO;;Millenial;RANCAGUA                      ;L.G.B.OÂ´HIGGINS;419981;3;2;0;0;0;3;2;419981;Galaxy Watch Active4 44 mm Black;ACCESORIOS
10309511;;M;56;CHILENO;;Boomers;ANGOL                         ;ARAUCANIA;287930;7;3;0;0;0;7;3;287930;SAMSUNG TYPE-C EARPHONES BLACK;ACCESORIOS
14573439;;M;46;CHILENO;;X;RENCA                         ;METROPOLITANA;175980;2;1;2;1;175980;0;0;0;GALAXY WATCH ACTIVE4 40 MM GOLD;ACCESORIOS
16439959;;F;35;CHILENO;;Millenial;CASTRO                        ;LOS LAGOS;299970;3;3;0;0;0;3;3;299970;Mi Smart Band 6 Negra Xiaomi;ACCESORIOS
19580205;;F;25;CHILENO;;Z;TEMUCO                        ;ARAUCANIA;162970;3;2;2;1;142980;1;1;19990;GALAXY WATCH4 42 MM BLACK;ACCESORIOS
19954853;;F;24;CHILENO;;Z;N/D;N/D;0;0;2;0;0;0;0;2;0;Mouse Gamer Ultimate M1019;ACCESORIOS
6774778;Casado;M;67;CHILENO;TECNICO EN ADMINISTRACION DE EMPRESAS;Boomers;CORONEL                       ;BIO BIO;14990;1;1;0;0;0;1;1;14990;Travel Adapter SFC 25W Type C (w/o Cable);ACCESORIOS
11561306;;F;51;CHILENO;;X;CONSTITUCION                  ;MAULE;286900;10;1;0;0;0;10;1;286900;BAND 6 BLACK HUAWEI;ACCESORIOS
10116054;;F;56;CHILENO;;Boomers;RANCAGUA                      ;L.G.B.OÂ´HIGGINS;25990;1;1;0;0;0;1;1;25990;SOPORTE TV 14-63 CON BRAZO KT-FM 3L;ACCESORIOS
20388503;;M;22;CHILENO;;Z;MAIPU;METROPOLITANA;105980;2;1;2;1;105980;0;0;0;AUDIFONO GALAXY BUDS LIVE NEGRO;ACCESORIOS
11937999;;F;50;CHILENO;;X;OVALLE                        ;COQUIMBO;1132900;10;7;0;0;0;10;7;1132900;MLAB AUDIFONO AIR-ACCES POP-UP CASE HANG UP WHIT;ACCESORIOS
15409892;;F;40;CHILENO;;X;RECOLETA;METROPOLITANA;46970;3;1;3;1;46970;0;0;0;ALTEC LANSING AUDIFONO Nano Pods TWS ICE BLUE 89;ACCESORIOS
17896097;Soltero;M;31;CHILENO;;Millenial;PROVIDENCIA                   ;METROPOLITANA;130980;2;1;2;1;130980;0;0;0;AUDIFONOS GALAXY BUDS PRO BLACK;ACCESORIOS
15521117;;M;39;CHILENO;;X;CALERA                        ;VALPARAISO;418740;5;3;0;0;0;5;3;418740;Kit 4 en 1 Gamer M501;ACCESORIOS
13843333;;M;42;CHILENO;;X;LOS ANGELES                   ;BIO BIO;20990;1;1;0;0;0;1;1;20990;AUDIFONO XIAOMI EARBUDS MI TRUE WIRELESS BASIC 2;ACCESORIOS
17498367;Soltero;M;32;CHILENO;;Millenial;PROVIDENCIA                   ;METROPOLITANA;16980;2;2;0;0;0;2;2;16980;AUDIFONO IN EX15AP SONY NEGRO;ACCESORIOS
18228049;;F;29;CHILENO;;Millenial;TALCA                         ;MAULE;205470;3;2;2;1;175480;1;1;29990;KIT GAMER 3 EN 1 LVLUP TECLADO CON LUCES, MOUSE;ACCESORIOS
16894644;Soltero;M;34;CHILENO;ABOGADO;Millenial;PROVIDENCIA                   ;METROPOLITANA;22990;1;1;0;0;0;1;1;22990;AUDIFONO XIAOMI EARPHONES MI TRUE WIRELESS 2 BAS;ACCESORIOS
14059886;;F;41;CHILENO;;X;TALCAHUANO                    ;BIO BIO;250370;7;4;0;0;0;7;4;250370;KARAOKE MLAB TOWER OUTDOOR MIC BT BK 8568;ACCESORIOS
19468246;;M;24;CHILENO;;Silencioso;"";"";274980;2;2;0;0;0;2;2;274980;GALAXY WATCH4 42 MM BLACK;ACCESORIOS
11964140;;F;50;CHILENO;;X;SANTIAGO                      ;METROPOLITANA;21990;1;1;0;0;0;1;1;21990;KARAOKE MLAB TOWER OUTDOOR MIC BT BK 8568;ACCESORIOS
26619577;Soltero;M;33;NO INFORMA NACIONALIDAD;;Extranjero;CERRO NAVIA                   ;METROPOLITANA;1139970;3;2;2;1;1129980;1;1;9990;MOUSE MICROSOFT Wireless Mbl 1850 Purple;ACCESORIOS
13614598;;F;43;CHILENO;;X;CAUQUENES                     ;MAULE;6990;1;1;0;0;0;1;1;6990;Mi In-Ear Headphones Basic (Black) XIAOMI;ACCESORIOS
7492989;;F;71;CHILENO;;Silencioso;TALCA                         ;MAULE;7990;1;1;0;0;0;1;1;7990;KARAOKE MINI MY LIL FIRST SING CON MIC CABLE RED;ACCESORIOS
17623965;;F;31;CHILENO;;Millenial;QUILICURA                     ;METROPOLITANA;823920;7;3;7;3;823920;0;0;0;Smartwatch GT 2 BLACK;ACCESORIOS
19587053;;M;24;CHILENO;;Z;N/D;N/D;32980;2;1;2;1;32980;0;0;0;PARLANTE BLUETOOTH JBL GO 2 AZUL;ACCESORIOS
17146291;;M;33;CHILENO;;Millenial;LA FLORIDA;METROPOLITANA;9990;1;1;0;0;0;1;1;9990;TRAVEL ADAPTER 15W - FAST CHARGER (TYPE-C CABLE);ACCESORIOS
19391147;Soltero;M;25;CHILENO;;Z;N/D;N/D;16990;1;1;0;0;0;1;1;16990;PARLANTE KARAOKE MGPANTERA NEGRO;ACCESORIOS
12951756;;M;46;CHILENO;;X;LA CRUZ                       ;VALPARAISO;170970;3;3;1;1;5990;2;2;164980;AUDIFONO IN SAM HS1303C/ MIC NEGRO;ACCESORIOS
20437805;;F;22;CHILENO;;X;CORONEL                       ;BIO BIO;77970;3;2;0;0;0;3;2;77970;AUDIFONO MOTO BUDBS 100 TRUE WIRELESS WHITE;ACCESORIOS
24553039;;M;54;PERUANO;;Extranjero;N/D;N/D;17990;1;1;0;0;0;1;1;17990;KIT GAMER 3 EN 1 LVLUP TECLADO CON LUCES, MOUSE;ACCESORIOS
13352201;;F;43;CHILENO;;X;CURICO                        ;MAULE;3990;1;1;0;0;0;1;1;3990;AUDIFONO MLAB ON HEADBAND P800 BLACK 7403;ACCESORIOS
11761982;;M;51;CHILENO;;X;COIHAIQUE                     ;AYSEN;260970;3;3;0;0;0;3;3;260970;Travel Adapter SFC 25W Type C (w/o Cable);ACCESORIOS
17290547;;M;33;CHILENO;;Millenial;COIHAIQUE                     ;AYSEN;289980;2;1;0;0;0;2;1;289980;GALAXY WATCH4 42 MM BLACK;ACCESORIOS
13045678;;M;45;CHILENO;;X;PROVIDENCIA                   ;METROPOLITANA;39980;2;2;0;0;0;2;2;39980;KARAOKE MLAB TOWER OUTDOOR MIC BT BK 8568;ACCESORIOS
6723094;;F;65;CHILENO;;Boomers;RENCA                         ;METROPOLITANA;7990;1;1;0;0;0;1;1;7990;AUDIFONO MOTOROLA EARBUDS M. LIBRES METAL DORADO;ACCESORIOS
12345722;;F;48;CHILENO;;X;ANCUD                         ;LOS LAGOS;9990;1;1;0;0;0;1;1;9990;Mouse Gamer Ultimate M1019;ACCESORIOS
12964117;;M;45;CHILENO;;X;LINARES                       ;MAULE;22990;1;1;0;0;0;1;1;22990;ALTEC LANSING AUDIFONO Nano Pods TWS PURPLE 8996;ACCESORIOS
15686089;;F;38;CHILENO;;Millenial;ARICA                         ;ARICA Y PARINACOTA;9990;1;1;0;0;0;1;1;9990;TRAVEL ADAPTER 15W - FAST CHARGER (TYPE-C CABLE);ACCESORIOS
10141568;;F;58;CHILENO;;Boomers;RANCAGUA                      ;L.G.B.OÂ´HIGGINS;12990;1;1;0;0;0;1;1;12990;PARLANTE ZUKABASS + MICROFONO MLAB BT;ACCESORIOS
19463885;;F;26;CHILENO;;Millenial;"";"";5990;1;1;0;0;0;1;1;5990;HUAWEI AUDIFONOS MANOS LIBRES AM115;ACCESORIOS
9004797;;F;61;CHILENO;;Boomers;EL BOSQUE                     ;METROPOLITANA;399140;12;6;0;0;0;12;6;399140;AUDIFONO INALAMBRICO ANC 21 FIDDLER;ACCESORIOS
27069573;;F;25;VENEZOLANO;;Extranjero;PROVIDENCIA                   ;METROPOLITANA;21990;1;1;0;0;0;1;1;21990;PARLANTES GAMER RGB DHE-6001;ACCESORIOS
19684433;;M;24;CHILENO;;Z;N/D;N/D;33980;2;1;2;1;33980;0;0;0;Microfono Gamer M59;ACCESORIOS
17421405;Soltero;F;32;CHILENO;;Millenial;PROVIDENCIA                   ;METROPOLITANA;9990;1;1;0;0;0;1;1;9990;TRAVEL ADAPTER 15W - FAST CHARGER (TYPE-C CABLE);ACCESORIOS
11567809;;M;52;CHILENO;;X;SAN CARLOS                    ;BIO BIO;289980;2;2;0;0;0;2;2;289980;Smartwatch GT 2E RED;ACCESORIOS
14596308;;F;40;CHILENO;;X;N/D;N/D;319950;5;2;0;0;0;5;2;319950;Smartwatch GT 2 BLACK;ACCESORIOS
12782595;;M;47;CHILENO;;X;N/D;N/D;14990;1;1;0;0;0;1;1;14990;Travel Adapter SFC 25W Type C (w/o Cable);ACCESORIOS
27397750;;M;39;CHILENO;;Extranjero;"";"";3000;2;1;0;0;0;2;1;3000;CABLE MGCATC;ACCESORIOS
16245066;;F;36;CHILENO;;Millenial;PROVIDENCIA                   ;METROPOLITANA;11980;2;1;0;0;0;2;1;11980;PARLANTE GBASS MICRO;ACCESORIOS
17912877;Soltero;M;30;CHILENO;;Millenial;RENCA                         ;METROPOLITANA;23990;1;1;0;0;0;1;1;23990;AUDIFONO MOTOROLA BLUETOOTH ESCAPE 220 BLANCO;ACCESORIOS
18526568;;M;27;CHILENO;;Millenial;PROVIDENCIA                   ;METROPOLITANA;25980;2;2;0;0;0;2;2;25980;MLAB AUDIFONO AIR-ACCES POP-UP CASE HANG UP WHIT;ACCESORIOS
18722600;;M;28;CHILENO;;Millenial;PLACILLA                      ;L.G.B.OÂ´HIGGINS;22990;1;1;0;0;0;1;1;22990;AUDIFONO MOTO BUDBS 100 TRUE WIRELESS WHITE;ACCESORIOS
16439272;;M;35;CHILENO;;Millenial;ANTOFAGASTA                   ;ANTOFAGASTA;59990;1;1;0;0;0;1;1;59990;MI WATCH LITE NEGRO XIAOMI;ACCESORIOS
7868836;;M;66;CHILENO;;Boomers;SALAMANCA                     ;COQUIMBO;670500;6;2;2;1;507540;4;1;162960;Smartwatch GT 2 BLACK;ACCESORIOS
16691792;;M;35;CHILENO;;Millenial;PROVIDENCIA                   ;METROPOLITANA;22980;2;1;0;0;0;2;1;22980;CARGADOR CP404;ACCESORIOS
19631202;;M;25;CHILENO;;Z;PROVIDENCIA                   ;METROPOLITANA;323960;4;2;4;2;323960;0;0;0;AUDIFONOS GALAXY BUDS PRO BLACK;ACCESORIOS
14103019;;M;42;CHILENO;;X;TOCOPILLA                     ;ANTOFAGASTA;23990;1;1;0;0;0;1;1;23990;BAND 4 AMBER SUNRISE;ACCESORIOS
18470433;;M;29;CHILENO;;Millenial;N/D;N/D;47990;1;1;0;0;0;1;1;47990;PARLANTE PL2 XBOOM GO BLUETHOOH 2020;ACCESORIOS
15558312;;F;39;CHILENO;;X;VALPARAISO;VALPARAISO;24990;1;1;1;1;24990;0;0;0;Kit 4 en 1 Gamer M501;ACCESORIOS
19575413;;F;25;CHILENO;;Z;PROVIDENCIA                   ;METROPOLITANA;17980;2;2;0;0;0;2;2;17980;PARLANTE GBASS MICRO;ACCESORIOS
16049280;;F;37;CHILENO;;Millenial;FUTRONO                       ;LOS LAGOS;90960;4;2;0;0;0;4;2;90960;BAND 6 PINK HUAWEI;ACCESORIOS
11945882;;F;50;CHILENO;;X;SAN ANTONIO                   ;VALPARAISO;19990;1;1;0;0;0;1;1;19990;PARLANTE KARAOKE MGGLADIATOR NEGRO;ACCESORIOS
15514897;;M;38;CHILENO;;X;RENCA                         ;METROPOLITANA;179990;1;1;1;1;179990;0;0;0;WATCH GT2 PRO BLACK HUAWEI;ACCESORIOS
6068468;;F;71;CHILENO;;Silencioso;PROVIDENCIA                   ;METROPOLITANA;43980;2;1;2;1;43980;0;0;0;AUDIFONOS IN-EAR TRULY WIRELESS JBL W100 TWS BLA;ACCESORIOS
15000350;;F;40;CHILENO;;X;IQUIQUE                       ;TARAPACA;21990;1;1;0;0;0;1;1;21990;AUDIFONO INALAMBRICO N68 FIDDLER;ACCESORIOS
18685524;;F;27;CHILENO;;Millenial;N/D;N/D;39990;1;1;0;0;0;1;1;39990;BAND 6 PINK HUAWEI;ACCESORIOS
13702483;;F;43;CHILENO;;X;LAS CABRAS                    ;L.G.B.OÂ´HIGGINS;65970;3;3;0;0;0;3;3;65970;AUDIFONO MOTOROLA BLUETOOTH ESCAPE 220 NEGRO;ACCESORIOS
15019749;;M;40;CHILENO;;X;PROVIDENCIA                   ;METROPOLITANA;213980;2;1;2;1;213980;0;0;0;GALAXY WATCH ACTIVE4 40 MM LTE GOLD;ACCESORIOS
15160147;;F;39;CHILENO;;X;CHILLAN                       ;BIO BIO;6990;1;1;0;0;0;1;1;6990;Mouse 200 Blue Wireless;ACCESORIOS
7474542;;F;60;CHILENO;;Boomers;TALAGANTE                     ;METROPOLITANA;7000;0;2;0;0;0;0;2;7000;SMARTWATCH HUAWEI BAND 4E ACTIVE MINERAL RED;ACCESORIOS
18390233;;F;28;CHILENO;;Millenial;PENCO                         ;BIO BIO;79980;2;2;0;0;0;2;2;79980;BAND 6 PINK HUAWEI;ACCESORIOS
18384565;;F;29;CHILENO;;Millenial;RINCONADA                     ;VALPARAISO;79980;2;1;0;0;0;2;1;79980;BAND 6 BLACK HUAWEI;ACCESORIOS
11534784;;M;52;CHILENO;;X;"";"";64990;1;1;0;0;0;1;1;64990;HUAWEI FREEBUDS 3I BLANCOS;ACCESORIOS
19209404;;F;25;CHILENO;;Z;NUNOA;METROPOLITANA;364980;2;2;0;0;0;2;2;364980;GALAXY WATCH ACTIVE4 40 MM GOLD;ACCESORIOS
11732118;;M;51;CHILENO;;X;CALERA                        ;VALPARAISO;94990;1;1;0;0;0;1;1;94990;Silla Gamer Python Roja;ACCESORIOS
10168633;;F;48;CHILENO;;X;VINA DEL MAR                  ;VALPARAISO;16990;1;1;0;0;0;1;1;16990;AUDIFONO TWS FULLY WIRELESS 8873;ACCESORIOS
14601569;;M;43;CHILENO;;X;TEMUCO                        ;ARAUCANIA;19990;1;1;0;0;0;1;1;19990;PARLANTE KARAOKE MGGLADIATOR NEGRO;ACCESORIOS
8656681;;M;62;CHILENO;;Boomers;TALCAHUANO                    ;BIO BIO;319990;6;3;0;0;0;6;3;319990;DISCO DURO CANVIO 4TB BASICS BLACK;ACCESORIOS
19284383;Soltero;F;26;CHILENO;;Z;PROVIDENCIA                   ;METROPOLITANA;18990;1;1;0;0;0;1;1;18990;AUDIFONO XIAOMI EARBUDS MI TRUE WIRELESS BASIC 2;ACCESORIOS
17180397;;M;33;CHILENO;;Millenial;PROVIDENCIA                   ;METROPOLITANA;79990;2;1;2;1;79990;0;0;0;AUDIFONO GALAXY BUDS2 VIOLET;ACCESORIOS
16533780;;M;35;CHILENO;;Millenial;N/D;N/D;109980;2;2;0;0;0;2;2;109980;AUDIFONOS HUAWEI FREEBUDS PRO SILVER;ACCESORIOS
17670520;;M;31;CHILENO;;Millenial;PROVIDENCIA                   ;METROPOLITANA;809980;2;2;1;1;799990;1;1;9990;TRAVEL ADAPTER 15W - FAST CHARGER (TYPE-C CABLE);ACCESORIOS
15732841;;M;38;CHILENO;;Millenial;BUIN                          ;METROPOLITANA;7990;1;1;0;0;0;1;1;7990;CABLE 2 EN 1 AP55;ACCESORIOS
18140102;;F;30;CHILENO;;Millenial;RENCA                         ;METROPOLITANA;14990;1;1;0;0;0;1;1;14990;Travel Adapter SFC 25W Type C (w/o Cable);ACCESORIOS
20228491;;M;22;CHILENO;;Z;PROVIDENCIA                   ;METROPOLITANA;189990;1;1;1;1;189990;0;0;0;GALAXY WATCH4 42 MM BLACK;ACCESORIOS
13369252;;M;43;CHILENO;;X;PROVIDENCIA                   ;METROPOLITANA;99990;1;1;0;0;0;1;1;99990;HUAWEI WATCH FIT NEW BLUE;ACCESORIOS
20316723;;F;22;CHILENO;;Z;PROVIDENCIA                   ;METROPOLITANA;18990;1;1;0;0;0;1;1;18990;AUDIFONO XIAOMI EARBUDS MI TRUE WIRELESS BASIC 2;ACCESORIOS
18957645;;F;27;CHILENO;;Z;PROVIDENCIA                   ;METROPOLITANA;103980;2;1;2;1;103980;0;0;0;AUDIFONOS GALAXY BUDS PRO VIOLET;ACCESORIOS
18679542;;F;28;CHILENO;;Millenial;LOS ANDES                     ;VALPARAISO;16990;1;1;0;0;0;1;1;16990;PARLANTE KARAOKE MGPANTERA NEGRO;ACCESORIOS
18848048;;M;27;CHILENO;;Millenial;PROVIDENCIA                   ;METROPOLITANA;103980;2;1;2;1;103980;0;0;0;AUDIFONOS GALAXY BUDS PRO BLACK;ACCESORIOS
11474943;;F;53;CHILENO;;X;CERRO NAVIA                   ;METROPOLITANA;316110;8;3;4;2;97960;4;1;218150;DISCO DURO CANVIO 2TB ADVANCE NEGRO;ACCESORIOS
17903312;Casado;M;30;CHILENO;;Millenial;PROVIDENCIA                   ;METROPOLITANA;507960;4;2;4;2;507960;0;0;0;BAND 6 BLACK HUAWEI;ACCESORIOS
19115616;;M;27;CHILENO;;Z;PROVIDENCIA                   ;METROPOLITANA;19990;1;1;0;0;0;1;1;19990;AUDIFONO XIAOMI EARBUDS MI TRUE WIRELESS BASIC 2;ACCESORIOS
9470922;;M;59;CHILENO;;Boomers;N/D;N/D;2990;1;1;0;0;0;1;1;2990;CABLE MGCALIG;ACCESORIOS
15773304;;F;39;CHILENO;;X;PROVIDENCIA                   ;METROPOLITANA;14990;1;1;0;0;0;1;1;14990;SAMSUNG TYPE-C EARPHONES BLACK;ACCESORIOS
11662598;Casado;M;52;CHILENO;;X;PROVIDENCIA                   ;METROPOLITANA;204980;2;1;2;1;204980;0;0;0;GALAXY WATCH4 42 MM BLACK;ACCESORIOS
7065406;;M;65;CHILENO;;Boomers;SAN FERNANDO                  ;L.G.B.OÂ´HIGGINS;199970;3;2;0;0;0;3;2;199970;MI WATCH NEGRO XIAOMI;ACCESORIOS
15047167;Casado;M;39;CHILENO;;X;LA LIGUA                      ;VALPARAISO;40980;2;2;0;0;0;2;2;40980;AUDIFONO XIAOMI EARBUDS MI TRUE WIRELESS BASIC 2;ACCESORIOS
19828436;;M;24;CHILENO;;Z;"";"";111540;2;1;2;1;111540;0;0;0;AUDIFONOS GALAXY BUDS PRO BLACK;ACCESORIOS
17025805;;F;33;CHILENO;;Millenial;PROVIDENCIA                   ;METROPOLITANA;246000;2;1;2;1;246000;0;0;0;Galaxy Watch4 46 mm Black;ACCESORIOS
9550083;Casado;M;59;CHILENO;;Boomers;RENCA                         ;METROPOLITANA;17990;1;1;0;0;0;1;1;17990;PARLANTE KARAOKE MGPANTERA NEGRO;ACCESORIOS
14468787;;F;48;CHILENO;;X;FRUTILLAR                     ;LOS LAGOS;34990;1;1;0;0;0;1;1;34990;PARLANTE BLUETHOOTH XBOOM GO PM1;ACCESORIOS
18524408;;M;29;CHILENO;;Millenial;N/D;N/D;7990;1;1;0;0;0;1;1;7990;Funda Reversible Fucsia/Negro 14;ACCESORIOS
13361561;;M;44;CHILENO;;X;CALERA                        ;VALPARAISO;204980;2;1;2;1;204980;0;0;0;Galaxy Watch Active4 44 mm Black;ACCESORIOS
17804016;;F;31;CHILENO;;Millenial;PROVIDENCIA                   ;METROPOLITANA;44990;1;1;0;0;0;1;1;44990;DISCO DURO CANVIO 1TB BASICS BLACK TOSHIBA;ACCESORIOS
16307301;;F;36;CHILENO;;Millenial;COQUIMBO;COQUIMBO;7990;1;1;0;0;0;1;1;7990;AUDIFONO HEADBAND BT NEGRO;ACCESORIOS
8715984;;F;62;CHILENO;;Boomers;RENCA                         ;METROPOLITANA;97960;4;2;4;2;97960;0;0;0;Disco Externo Elements Portable SE 1TB;ACCESORIOS
22356502;;F;43;ECUATORIANO;;Extranjero;ALTO HOSPICIO;TARAPACA;89970;3;2;0;0;0;3;2;89970;SMARTBAND XIAOMI MI BAND 5 NEGRO;ACCESORIOS
16246011;;F;36;CHILENO;;Millenial;N/D;N/D;34990;1;1;0;0;0;1;1;34990;SMARTBAND SAMSUNG GALAXY FIT 2 ROJO;ACCESORIOS
12598763;;F;48;CHILENO;;X;PROVIDENCIA                   ;METROPOLITANA;39990;1;1;0;0;0;1;1;39990;BAND 6 PINK HUAWEI;ACCESORIOS
9524739;;F;60;CHILENO;;Boomers;N/D;N/D;393520;4;2;4;2;393520;0;0;0;SILLA GAMER LEGI LBLU;ACCESORIOS
20154796;;M;23;CHILENO;;Silencioso;N/D;N/D;136980;2;2;1;1;16990;1;1;119990;MEMORIA MICROSD CLASE 10 128GB SANDISK;ACCESORIOS
20010454;;F;23;CHILENO;;Millenial;PROVIDENCIA                   ;METROPOLITANA;90980;2;2;1;1;69990;1;1;20990;KIT PREPAGO HD DIRECTV;ACCESORIOS
19143047;;F;26;CHILENO;;Z;SAN ANTONIO                   ;VALPARAISO;136980;2;2;0;0;0;2;2;136980;Smartwatch GT 2 BLACK;ACCESORIOS
16632985;;M;35;CHILENO;;Millenial;PROVIDENCIA                   ;METROPOLITANA;164980;2;1;0;0;0;2;1;164980;Smartwatch GT 2 BLACK;ACCESORIOS
17796931;Soltero;M;30;CHILENO;;Millenial;PROVIDENCIA                   ;METROPOLITANA;7990;1;1;0;0;0;1;1;7990;AUDIFONO IN EX15AP SONY NEGRO;ACCESORIOS
11965090;;F;49;CHILENO;;X;LEBU                          ;BIO BIO;13990;1;1;0;0;0;1;1;13990;PARLANTE ZUKABASS + MICROFONO MLAB BT ROJO;ACCESORIOS
15526075;;F;39;CHILENO;;X;RENGO                         ;L.G.B.OÂ´HIGGINS;0;0;2;0;0;0;0;2;0;AUDIFONO XIAOMI EARBUDS MI TRUE WIRELESS BASIC 2;ACCESORIOS
26276109;;M;44;VENEZOLANO;;Extranjero;N/D;N/D;93980;2;1;2;1;93980;0;0;0;PARLANTE PL7 XBOOM GO BLUETHOOH 2020;ACCESORIOS
13753859;;F;41;CHILENO;;X;"";"";8990;1;1;0;0;0;1;1;8990;PARLANTE GBASS MICRO;ACCESORIOS
12718253;Casado;M;47;CHILENO;;X;RENCA                         ;METROPOLITANA;26970;3;2;0;0;0;3;2;26970;SOPORTE TV 26-56 KTA02 KIOTO FIJO;ACCESORIOS
17180041;;M;33;CHILENO;;Millenial;CAUQUENES                     ;MAULE;173980;2;1;2;1;173980;0;0;0;WATCH GT2 PRO BLACK HUAWEI;ACCESORIOS
8601511;;M;59;CHILENO;;Boomers;PUNTA ARENAS                  ;MAGALLANES;18980;2;1;0;0;0;2;1;18980;PARLANTE GBASS MICRO;ACCESORIOS
12663190;;M;48;CHILENO;;X;N/D;N/D;39990;1;1;0;0;0;1;1;39990;Headset Pav Gam 400 Grn CAN/ENG;ACCESORIOS
17478125;;F;32;CHILENO;;Millenial;VALPARAISO                    ;VALPARAISO;8990;1;1;0;0;0;1;1;8990;PARLANTE GBASS MICRO;ACCESORIOS
10563264;;M;57;CHILENO;;Boomers;PENCO                         ;BIO BIO;32990;1;1;0;0;0;1;1;32990;SMARTBAND SAMSUNG GALAXY FIT 2 ROJO;ACCESORIOS
10779760;;M;45;CHILENO;;X;RENCA                         ;METROPOLITANA;31980;2;1;0;0;0;2;1;31980;BATERY PACK TIPO C 10.000 MAH SAMSUNG;ACCESORIOS
20305060;;F;22;CHILENO;;Z;PROVIDENCIA                   ;METROPOLITANA;94990;1;1;0;0;0;1;1;94990;SMARTWATCH HUAWEI WATCH FIT PINK;ACCESORIOS
19938298;;F;24;CHILENO;;Z;"";"";858520;5;3;5;3;858520;0;0;0;SMARTWATCH GALAXY WATCH 3 41MM MYSTIC BRONCE;ACCESORIOS
27192510;;M;36;EXTRANJERO - NO INFORMA NACIONALIDAD;;Extranjero;N/D;N/D;16990;1;1;0;0;0;1;1;16990;PARLANTE KARAOKE MGPANTERA NEGRO;ACCESORIOS
13300492;;F;45;CHILENO;;X;RENCA                         ;METROPOLITANA;12990;1;1;0;0;0;1;1;12990;PARLANTE ZUKABASS + MICROFONO MLAB BT ROJO;ACCESORIOS
13115564;;M;47;CHILENO;;X;TEMUCO                        ;ARAUCANIA;17980;2;1;0;0;0;2;1;17980;AUDIFONO HEADBAND BT BLANCO FIDDLER;ACCESORIOS
15130791;;F;39;CHILENO;;X;CURICO                        ;MAULE;6990;1;1;0;0;0;1;1;6990;AUDIFONO IN SAM HS1303C/ MIC BLANCO;ACCESORIOS
9543400;;M;57;CHILENO;;Boomers;N/D;N/D;41980;2;1;2;1;41980;0;0;0;BAND 6 PINK HUAWEI;ACCESORIOS
17451330;;M;32;CHILENO;;Millenial;N/D;N/D;54980;2;2;0;0;0;2;2;54980;BAND 4 BLACK;ACCESORIOS
19993780;;M;24;CHILENO;;Millenial;"";"";103980;2;1;2;1;103980;0;0;0;Smartwatch GT 2 BLACK;ACCESORIOS
17612177;;F;31;CHILENO;;Millenial;PROVIDENCIA                   ;METROPOLITANA;89980;2;1;0;0;0;2;1;89980;Disco Portatil Toshiba Canvio Gaming, Negro 1T;ACCESORIOS
16700150;;F;34;CHILENO;;Millenial;PUENTE ALTO;METROPOLITANA;89990;1;1;0;0;0;1;1;89990;AUDIFONO GALAXY BUDS PLUS NEGRO;ACCESORIOS
19256076;;M;34;CHILENO;;Millenial;N/D;N/D;579970;3;2;0;0;0;3;2;579970;SMARTWATCH GT 2 LATONA BROWN;ACCESORIOS
13147944;;M;50;CHILENO;;X;LA FLORIDA                    ;METROPOLITANA;21990;1;1;0;0;0;1;1;21990;PARLANTE 8247 MLAB SOUNDLAB BLACK;ACCESORIOS
14150736;;F;41;CHILENO;;X;PROVIDENCIA                   ;METROPOLITANA;35980;2;1;2;1;35980;0;0;0;PARLANTE KARAOKE MGGLADIATOR NEGRO;ACCESORIOS
5900908;;M;72;CHILENO;;Silencioso;LINARES                       ;MAULE;142060;3;2;0;0;0;3;2;142060;PARLANTE KARAOKE MGROCKET NEGRO;ACCESORIOS
18357650;;M;29;CHILENO;;Millenial;PROVIDENCIA                   ;METROPOLITANA;23980;2;1;2;1;23980;0;0;0;AUDIFONO TAT1235 PHILIPS BLANCO;ACCESORIOS
15691832;;F;38;CHILENO;;X;ANTOFAGASTA                   ;ANTOFAGASTA;79640;2;1;2;1;79640;0;0;0;STARTER KIT - Z FOLD 3 FLIP COVER W/ PEN + 25WTA;ACCESORIOS
18424068;;F;29;CHILENO;;Millenial;INDEPENDENCIA                 ;METROPOLITANA;33980;2;1;2;1;33980;0;0;0;EXPRESS MOD 3930 PURPLE;ACCESORIOS
18299326;;M;29;CHILENO;;Millenial;PROVIDENCIA                   ;METROPOLITANA;13990;1;1;0;0;0;1;1;13990;Mouse 530 Wireless (Abyss Blue);ACCESORIOS
9739187;;F;61;CHILENO;;Boomers;RENCA                         ;METROPOLITANA;19990;1;1;0;0;0;1;1;19990;KIT PREPAGO HD DIRECTV;ACCESORIOS
9753841;;M;56;CHILENO;;Boomers;LOS ALAMOS                    ;BIO BIO;16980;2;2;0;0;0;2;2;16980;AUDIFONO HEADBAND BT NEGRO;ACCESORIOS
10516251;;M;53;CHILENO;;X;N/D;N/D;39990;1;1;0;0;0;1;1;39990;DISCO DURO CANVIO 1TB BASICS BLACK TOSHIBA;ACCESORIOS
14164044;;F;40;CHILENO;;X;LINARES                       ;MAULE;41960;4;2;0;0;0;4;2;41960;AUDIFONO ON ZX110 SONY ROSA;ACCESORIOS
14018808;;M;41;CHILENO;;Millenial;TALCA                         ;MAULE;165480;2;1;2;1;165480;0;0;0;Silla Gaming PCH-102RD Roja;ACCESORIOS
15116776;Soltero;M;36;CHILENO;;Millenial;PROVIDENCIA                   ;METROPOLITANA;26990;1;1;0;0;0;1;1;26990;PARLANTE GO 2 BLUETOOTH AZUL;ACCESORIOS
18622720;;F;27;CHILENO;;Z;SAN PEDRO                     ;METROPOLITANA;985960;4;7;0;0;0;4;7;985960;Travel Adapter SFC 25W Type C (w/o Cable);ACCESORIOS
18645024;;M;27;CHILENO;;Silencioso;PROVIDENCIA                   ;METROPOLITANA;79990;1;1;1;1;79990;0;0;0;PARLANTE PL7 XBOOM GO BLUETHOOH 2020;ACCESORIOS
19578725;;F;26;CHILENO;;Z;TIRUA                         ;BIO BIO;7990;1;1;0;0;0;1;1;7990;Funda Reversible Fucsia/Negro 14;ACCESORIOS
13802738;;F;42;CHILENO;;X;LOS ALAMOS                    ;BIO BIO;8990;1;1;0;0;0;1;1;8990;Funda Con Cierre 14;ACCESORIOS
17480674;;F;32;CHILENO;;Millenial;PROVIDENCIA                   ;METROPOLITANA;12990;1;1;0;0;0;1;1;12990;PARLANTE 8531 MLAB MAX BASS BT;ACCESORIOS
7956597;;F;62;CHILENO;;Boomers;CONSTITUCION                  ;MAULE;6990;1;1;0;0;0;1;1;6990;SOPORTE TV 26-56 KTAT02 KIOTO MOVIL;ACCESORIOS
18162012;Soltero;F;30;CHILENO;;Millenial;PROVIDENCIA                   ;METROPOLITANA;183980;2;1;2;1;183980;0;0;0;SMARTWATCH GALAXY WATCH 3 41MM MYSTIC BRONCE;ACCESORIOS
18013003;Soltero;F;30;CHILENO;PSICOLOGO;Millenial;PROVIDENCIA                   ;METROPOLITANA;41980;2;1;2;1;41980;0;0;0;EXPRESS MOD 3930 PURPLE;ACCESORIOS
18072283;;M;34;CHILENO;;Millenial;VALDIVIA                      ;LOS RIOS;9086;2;1;0;0;0;2;1;9086;AUDIFONO IN SAM HS1303C/ MIC ROSADO;ACCESORIOS
16221351;;M;36;CHILENO;;Millenial;CHILLAN                       ;BIO BIO;26070;2;1;0;0;0;2;1;26070;PARLANTE KARAOKE MGGLADIATOR NEGRO;ACCESORIOS
10531697;;M;55;CHILENO;;Boomers;IQUIQUE                       ;TARAPACA;9990;1;1;0;0;0;1;1;9990;MINI PARLANTE BT GO2;ACCESORIOS
8597747;Casado;F;65;CHILENO;;Boomers;RENCA                         ;METROPOLITANA;19990;1;1;0;0;0;1;1;19990;SOPORTE ARTICULADO FULL MOTION 32-55 PULGADAS;ACCESORIOS
9791542;;M;57;CHILENO;;Boomers;N/D;N/D;16990;1;1;0;0;0;1;1;16990;PARLANTE KARAOKE MGPANTERA NEGRO;ACCESORIOS
19514817;Soltero;F;25;CHILENO;;Z;PROVIDENCIA                   ;METROPOLITANA;7990;1;1;0;0;0;1;1;7990;SOPORTE TV 26-56 KTA02 KIOTO FIJO;ACCESORIOS
18848440;;M;27;CHILENO;;Silencioso;PROVIDENCIA                   ;METROPOLITANA;367970;3;1;3;1;367970;0;0;0;Galaxy Watch4 46 mm Black;ACCESORIOS
13609033;;M;43;CHILENO;;X;ARAUCO                        ;BIO BIO;9990;1;1;0;0;0;1;1;9990;AUDIFONO IN SAM C/ MIC EG920 BLACK;ACCESORIOS
18158596;;F;37;CHILENO;;Millenial;"";"";19540;2;1;2;1;19540;0;0;0;Kit gamer 3 en 1;ACCESORIOS
18125481;Soltero;M;30;CHILENO;CHEF;Millenial;PROVIDENCIA                   ;METROPOLITANA;34990;1;1;0;0;0;1;1;34990;SMARTBAND SAMSUNG GALAXY FIT 2 ROJO;ACCESORIOS
17296050;;M;32;CHILENO;;Millenial;PROVIDENCIA                   ;METROPOLITANA;224540;2;1;2;1;224540;0;0;0;AUDIFONOS Airpods Pro (MWP22AM/A);ACCESORIOS
18201182;;F;29;CHILENO;;Millenial;N/D;N/D;6990;2;1;0;0;0;2;1;6990;AUDIFONO IN SAM HS1303C/ MIC ROSADO;ACCESORIOS
18117329;;M;30;CHILENO;;Millenial;"";"";223980;2;1;2;1;223980;0;0;0;AUDIFONOS Airpods Pro (MWP22AM/A);ACCESORIOS
9934485;;F;59;CHILENO;;Boomers;N/D;N/D;35184;2;1;0;0;0;2;1;35184;AUDIFONO ZERO BUDS TWS BOOMPODS;ACCESORIOS
20129852;;M;23;CHILENO;;Z;PROVIDENCIA                   ;METROPOLITANA;8990;1;1;0;0;0;1;1;8990;AUDIFONO HEADBAND BT NEGRO;ACCESORIOS
19271059;;F;25;CHILENO;;Z;PROVIDENCIA                   ;METROPOLITANA;26990;1;1;0;0;0;1;1;26990;PARLANTE GO 2 BLUETOOTH AZUL;ACCESORIOS
12332652;;F;49;CHILENO;;X;SAAVEDRA                      ;ARAUCANIA;10980;2;1;0;0;0;2;1;10980;AUDIFONO IN SAM HS1303C/ MIC ROSADO;ACCESORIOS
12582368;;F;47;CHILENO;;Silencioso;PROVIDENCIA                   ;METROPOLITANA;19990;1;1;0;0;0;1;1;19990;KIT PREPAGO HD DIRECTV;ACCESORIOS
16918721;Soltero;F;34;CHILENO;;Silencioso;PROVIDENCIA                   ;METROPOLITANA;24990;1;1;0;0;0;1;1;24990;MOUSE KTF-00016 MS MENTA;ACCESORIOS
19916773;;M;23;CHILENO;;Z;PROVIDENCIA                   ;METROPOLITANA;14990;1;1;1;1;14990;0;0;0;Mouse Bluetooth Hdwr Mint;ACCESORIOS
5374882;;F;74;CHILENO;;Silencioso;RENCA                         ;METROPOLITANA;16990;1;1;0;0;0;1;1;16990;SOPORTE TV 14-42 KTAM02 KIOTO C/ BRAZO MOVIL;ACCESORIOS
14333064;;F;45;CHILENO;;X;RENCA                         ;METROPOLITANA;9990;1;1;0;0;0;1;1;9990;Funda Con Cierre 15;ACCESORIOS
10638172;;F;54;CHILENO;;X;ARICA                         ;ARICA Y PARINACOTA;37970;3;1;0;0;0;3;1;37970;AUDIFONO ON ZX310AP ROJO;ACCESORIOS
18963094;;M;32;CHILENO;;Millenial;TEMUCO                        ;ARAUCANIA;65000;2;1;0;0;0;2;1;65000;HUAWEI FREEBUDS 3I NEGROS;ACCESORIOS
15233291;;F;37;CHILENO;;Millenial;VICTORIA                      ;ARAUCANIA;18990;1;1;0;0;0;1;1;18990;MLAB KARAOKE OUTDOOR FUN GREEN 8564;ACCESORIOS
19528056;Soltero;F;25;CHILENO;;Silencioso;PROVIDENCIA                   ;METROPOLITANA;183980;2;1;2;1;183980;0;0;0;SMARTWATCH GALAXY WATCH 3 41MM MYSTIC BRONCE;ACCESORIOS
19751607;;M;25;CHILENO;;Z;LAMPA                         ;METROPOLITANA;0;0;0;0;0;0;0;0;0;MI WATCH LITE NEGRO XIAOMI;ACCESORIOS
18411051;Soltero;F;28;CHILENO;PROFESOR;Millenial;PROVIDENCIA                   ;METROPOLITANA;0;0;0;0;0;0;0;0;0;PARLANTE GO 2 BLUETOOTH NEGRO;ACCESORIOS
19829427;;F;24;CHILENO;;Z;PROVIDENCIA                   ;METROPOLITANA;0;0;0;0;0;0;0;0;0;Mouse Bluetooth Hdwr Mint;ACCESORIOS
18974580;;M;27;CHILENO;;Millenial;PALMILLA                      ;L.G.B.OÂ´HIGGINS;0;0;0;0;0;0;0;0;0;AUDIFONO GALAXY BUDS PLUS BLANCO;ACCESORIOS
19399759;Soltero;M;26;CHILENO;TECNICO DE NIVEL MEDIO EN ATENCION DE ENFERMERIA;Z;CASTRO                        ;LOS LAGOS;0;0;0;0;0;0;0;0;0;DISCO DURO CANVIO 4TB BASICS BLACK;ACCESORIOS
18440652;Soltero;M;29;CHILENO;;Millenial;PROVIDENCIA                   ;METROPOLITANA;0;0;0;0;0;0;0;0;0;Travel Adapter SFC 25W Type C (w/o Cable);ACCESORIOS
16426785;;F;36;CHILENO;;Millenial;PROVIDENCIA                   ;METROPOLITANA;0;0;0;0;0;0;0;0;0;APPLE PENCIL (MK0C2LZ/A);ACCESORIOS
10437094;;M;56;CHILENO;;Boomers;PROVIDENCIA                   ;METROPOLITANA;0;0;0;0;0;0;0;0;0;MI WATCH NEGRO XIAOMI;ACCESORIOS
17519648;;F;31;CHILENO;;Millenial;MELIPILLA                     ;METROPOLITANA;0;0;0;0;0;0;0;0;0;SOPORTE TV 14-42 KTAM02 KIOTO C/ BRAZO MOVIL;ACCESORIOS
12622243;;M;48;CHILENO;;X;RENCA                         ;METROPOLITANA;0;0;0;0;0;0;0;0;0;KARAOKE MINI MY LIL FIRST SING CON MIC CABLE RED;ACCESORIOS
15803691;;M;37;CHILENO;;Millenial;PROVIDENCIA                   ;METROPOLITANA;0;0;0;0;0;0;0;0;0;DISCO DURO CANVIO 1TB BASICS BLACK TOSHIBA;ACCESORIOS
15187974;;F;40;CHILENO;;X;RENCA                         ;METROPOLITANA;0;0;0;0;0;0;0;0;0;AUDIFONO ZERO BUDS TWS BOOMPODS;ACCESORIOS
8622797;;M;63;CHILENO;;Boomers;RENCA                         ;METROPOLITANA;0;0;0;0;0;0;0;0;0;PARLANTE KARAOKE FD-PKBT82 8 LUCES MIC/FM/BT/USB;ACCESORIOS
19474708;;F;25;CHILENO;;Z;PROVIDENCIA                   ;METROPOLITANA;0;0;0;0;0;0;0;0;0;SOPORTE TV 32-65 KTA03 KIOTO FIJO;ACCESORIOS
14481729;;F;46;CHILENO;;X;SAN JAVIER                    ;MAULE;0;0;0;0;0;0;0;0;0;PARLANTE KARAOKE MGPANTERA NEGRO;ACCESORIOS
13868826;;F;42;CHILENO;;X;PROVIDENCIA                   ;METROPOLITANA;0;0;0;0;0;0;0;0;0;SILLA GAMER SAMURAI TENGU - NEGRO;ACCESORIOS
12792109;Soltero;F;47;CHILENO;;X;RENCA                         ;METROPOLITANA;0;0;0;0;0;0;0;0;0;Audifonos Orejas De Gato Rosado;ACCESORIOS
17436659;;M;32;CHILENO;;Millenial;PROVIDENCIA                   ;METROPOLITANA;0;0;0;0;0;0;0;0;0;AUDIFONO IN SPORT HS34PC PNS AZUL;ACCESORIOS
17714161;;M;31;CHILENO;;Millenial;N/D;N/D;0;0;0;0;0;0;0;0;0;AUDIFONO SAMSUNG WIRELESS A08C;ACCESORIOS
26003698;;M;30;VENEZOLANO;;Extranjero;INDEPENDENCIA                 ;METROPOLITANA;0;0;0;0;0;0;0;0;0;BAND 4 BLACK;ACCESORIOS
15669871;;M;38;CHILENO;;Silencioso;PROVIDENCIA                   ;METROPOLITANA;0;0;0;0;0;0;0;0;0;PARLANTES SRS-XB12/LC LA;ACCESORIOS
11891600;;F;51;CHILENO;;X;RANCAGUA                      ;L.G.B.OÂ´HIGGINS;0;0;0;0;0;0;0;0;0;KARAOKE MINI MY LIL FIRST SING CON MIC CABLE BLU;ACCESORIOS
19223431;;F;26;CHILENO;;Z;"";"";0;0;0;0;0;0;0;0;0;PARLANTE ZUKABASS 4 BT USB/SD/FM CALACAS;ACCESORIOS
20137463;;F;23;CHILENO;;Silencioso;PROVIDENCIA                   ;METROPOLITANA;0;0;0;0;0;0;0;0;0;AUDIFONO BLUETOOTH PANASONIC RP-HJE120B NEGRO;ACCESORIOS
13123473;;M;46;CHILENO;;X;COIHAIQUE                     ;AYSEN;0;0;0;0;0;0;0;0;0;KIT PREPAGO HD DIRECTV;ACCESORIOS
9147911;;F;50;CHILENO;;X;SAN CARLOS                    ;BIO BIO;0;0;0;0;0;0;0;0;0;PARLANTE KARAOKE MGROCKET NEGRO;ACCESORIOS
25456159;;M;27;COLOMBIANO;;Extranjero;SANTIAGO                      ;METROPOLITANA;0;0;0;0;0;0;0;0;0;BAND 4 BLACK;ACCESORIOS
15657642;;F;37;CHILENO;;Millenial;PROVIDENCIA                   ;METROPOLITANA;0;0;0;0;0;0;0;0;0;Mi In-Ear Headphones Basic (Black) XIAOMI;ACCESORIOS
14489647;;F;46;CHILENO;;X;"";"";0;0;0;0;0;0;0;0;0;SOPORTE TV 14-42 KTAM02 KIOTO C/ BRAZO MOVIL;ACCESORIOS
17437582;;M;32;CHILENO;;Millenial;PROVIDENCIA                   ;METROPOLITANA;0;0;0;0;0;0;0;0;0;AUDIFONO SAMSUNG WIRELESS 103B;ACCESORIOS
11134259;;F;54;CHILENO;;Boomers;OLMUE                         ;VALPARAISO;0;0;0;0;0;0;0;0;0;KIT 160 ALAMBRICO TECLADO Y MOUSE;ACCESORIOS
15805373;;M;38;CHILENO;;Millenial;RANCAGUA                      ;L.G.B.OÂ´HIGGINS;0;0;0;0;0;0;0;0;0;AUDIFONO ON ZX310AP ROJO;ACCESORIOS
18229214;;F;30;CHILENO;;Millenial;SAN FERNANDO                  ;L.G.B.OÂ´HIGGINS;0;0;0;0;0;0;0;0;0;SOPORTE TV 26-56 KTA02 KIOTO FIJO;ACCESORIOS
14354471;;M;43;CHILENO;;X;PROVIDENCIA                   ;METROPOLITANA;0;0;0;0;0;0;0;0;0;AUDIFONO WH-CH510/BZ UC;ACCESORIOS
10208680;;M;57;CHILENO;;Boomers;LA LIGUA                      ;VALPARAISO;0;0;0;0;0;0;0;0;0;Audifonos Huawei Headphones Lite Silver;ACCESORIOS
19505828;;M;25;CHILENO;;Z;N/D;N/D;0;0;0;0;0;0;0;0;0;AUDIFONO IN SAM HS1303C/ MIC BLANCO;ACCESORIOS
16059741;;M;37;CHILENO;;Millenial;IQUIQUE                       ;TARAPACA;0;0;0;0;0;0;0;0;0;TRAVEL ADAPTER 15W - FAST CHARGER (TYPE-C CABLE);ACCESORIOS
18536683;;F;28;CHILENO;;Millenial;N/D;N/D;0;0;0;0;0;0;0;0;0;AUDIFONO PANASONIC IN RP-HV096E-K NEGRO;ACCESORIOS
17363501;Soltero;F;32;CHILENO;ENFERMERA;Millenial;PROVIDENCIA                   ;METROPOLITANA;0;0;0;0;0;0;0;0;0;Headset Gamer Basic;ACCESORIOS
6999310;;F;67;CHILENO;;Boomers;CURANILAHUE                   ;BIO BIO;0;0;0;0;0;0;0;0;0;BATERY PACK TIPO C 10.000 MAH SAMSUNG;ACCESORIOS
7860290;;M;66;CHILENO;;Boomers;RENCA                         ;METROPOLITANA;0;0;0;0;0;0;0;0;0;SOPORTE TV 32-65 KTA03 KIOTO FIJO;ACCESORIOS
26069067;;M;33;EXTRANJERO - NO INFORMA NACIONALIDAD;;Extranjero;N/D;N/D;0;0;0;0;0;0;0;0;0;SOPORTE TV 26-56 KTA02 KIOTO FIJO;ACCESORIOS
19130562;Soltero;M;26;CHILENO;;Z;PROVIDENCIA                   ;METROPOLITANA;0;0;0;0;0;0;0;0;0;AUDIFONO ON ZX310AP NEGRO;ACCESORIOS
16437513;;F;35;CHILENO;;Millenial;PROVIDENCIA                   ;METROPOLITANA;0;0;0;0;0;0;0;0;0;AUDIFONO ON ZX310AP NEGRO;ACCESORIOS
15342108;;M;39;CHILENO;;X;N/D;N/D;0;0;0;0;0;0;0;0;0;KARAOKE MINI MY LIL FIRST SING CON MIC CABLE BLU;ACCESORIOS
24443208;;M;34;CHILENO;;Millenial;N/D;N/D;0;0;0;0;0;0;0;0;0;PARLANTE PL2 XBOOM GO BLUETHOOH 2020;ACCESORIOS
12562830;;F;48;CHILENO;;Silencioso;PROVIDENCIA                   ;METROPOLITANA;0;0;0;0;0;0;0;0;0;AUDIFONO ON ZX310AP NEGRO;ACCESORIOS
9403290;Casado;F;59;CHILENO;PROFESOR;Boomers;RENCA                         ;METROPOLITANA;0;0;0;0;0;0;0;0;0;BATERY PACK TIPO C 10.000 MAH SAMSUNG;ACCESORIOS
15526505;;F;38;CHILENO;;X;N/D;N/D;0;0;0;0;0;0;0;0;0;PARLANTE 8531 MLAB MAX BASS BT;ACCESORIOS
26158291;;M;43;EXTRANJERO - NO INFORMA NACIONALIDAD;;Extranjero;N/D;N/D;0;0;0;0;0;0;0;0;0;PARLANTE WIRELESS MAGNETIC SPEAKER;ACCESORIOS
12839715;;F;47;CHILENO;;X;N/D;N/D;0;0;0;0;0;0;0;0;0;AUDIFONO ON ZX110 SONY ROSA;ACCESORIOS
18472468;;M;29;CHILENO;;Millenial;PROVIDENCIA                   ;METROPOLITANA;0;0;0;0;0;0;0;0;0;MOUSE MICROSOFT Wireless Mbl 1850 Black;ACCESORIOS
5237407;;M;73;CHILENO;;Silencioso;MONTE PATRIA                  ;COQUIMBO;0;0;0;0;0;0;0;0;0;DISCO DURO CANVIO 1TB BASICS BLACK TOSHIBA;ACCESORIOS
16015144;Casado;M;37;CHILENO;MEDICO VETERINARIO;Silencioso;PROVIDENCIA                   ;METROPOLITANA;0;0;0;0;0;0;0;0;0;TRAVEL ADAPTER 15W - FAST CHARGER (TYPE-C CABLE);ACCESORIOS
12929475;;F;47;CHILENO;;X;TEMUCO                        ;ARAUCANIA;0;0;0;0;0;0;0;0;0;PARLANTE 8531 MLAB MAX BASS BT;ACCESORIOS
13029954;;F;46;CHILENO;;X;PROVIDENCIA                   ;METROPOLITANA;0;0;0;0;0;0;0;0;0;Headset Gamer Basic;ACCESORIOS
17174971;;F;32;CHILENO;;Millenial;N/D;N/D;0;0;0;0;0;0;0;0;0;AUDIFONO IN SAM HS1303C/ MIC ROSADO;ACCESORIOS
14293853;;F;47;CHILENO;;X;CHILLAN                       ;BIO BIO;0;0;0;0;0;0;0;0;0;AUDIFONO SONY MDRZX310APLZUC;ACCESORIOS
14642438;;M;45;CHILENO;;Silencioso;PROVIDENCIA                   ;METROPOLITANA;0;0;0;0;0;0;0;0;0;AUDIFONO IN E9LP SONY BZ NEGRO;ACCESORIOS
18562208;;F;29;CHILENO;;Millenial;N/D;N/D;0;0;0;0;0;0;0;0;0;PARLANTE ZUKABASS + MICROFONO MLAB BT ROJO;ACCESORIOS
19828793;;F;24;CHILENO;;Z;PROVIDENCIA                   ;METROPOLITANA;0;0;0;0;0;0;0;0;0;EXPRESS MOD 3930 PURPLE;ACCESORIOS
15661798;;F;41;CHILENO;;X;PROVIDENCIA                   ;METROPOLITANA;0;0;0;0;0;0;0;0;0;Kit gamer 3 en 1;ACCESORIOS
19513377;Soltero;M;25;CHILENO;;Z;PROVIDENCIA                   ;METROPOLITANA;0;0;0;0;0;0;0;0;0;Smartwatch ACTIVE 1 NEGRO;ACCESORIOS
20152982;;M;22;CHILENO;;Silencioso;PROVIDENCIA                   ;METROPOLITANA;0;0;0;0;0;0;0;0;0;Smartwatch GT 2 BLACK;ACCESORIOS
11005771;;F;57;CHILENO;;Boomers;FREIRE                        ;ARAUCANIA;0;0;0;0;0;0;0;0;0;PARLANTE 7284 MLAB ZUKABASS NARAN/VERDE BT;ACCESORIOS
19568866;;M;25;CHILENO;;Z;PROVIDENCIA                   ;METROPOLITANA;0;0;0;0;0;0;0;0;0;AUDIFONOS GALAXY BUDS PRO SILVER;ACCESORIOS
11336085;;F;54;CHILENO;;X;PROVIDENCIA                   ;METROPOLITANA;0;0;0;0;0;0;0;0;0;AUDIFONO SAMSUNG WIRELESS 103B;ACCESORIOS
19334120;;F;26;CHILENO;;Silencioso;PROVIDENCIA                   ;METROPOLITANA;0;0;0;0;0;0;0;0;0;BATERY PACK TIPO C 10.000 MAH SAMSUNG;ACCESORIOS
14390163;;M;44;CHILENO;;X;CURANILAHUE                   ;BIO BIO;0;0;0;0;0;0;0;0;0;BATERY PACK TIPO C 10.000 MAH SAMSUNG;ACCESORIOS
9762764;;F;60;CHILENO;;Boomers;SAN FERNANDO                  ;L.G.B.OÂ´HIGGINS;0;0;0;0;0;0;0;0;0;PARLANTE 6985 MLAB VERTICAL BRITPOP BT;ACCESORIOS
18400325;Soltero;M;29;CHILENO;;Millenial;PROVIDENCIA                   ;METROPOLITANA;0;0;0;0;0;0;0;0;0;AUDIFONO IN SONY BT WI-C200 BLACK;ACCESORIOS
24092285;;M;45;PERUANO;;Extranjero;N/D;N/D;0;0;0;0;0;0;0;0;0;AUDIFONO PANASONIC IN RP-HV096E-K NEGRO;ACCESORIOS
11266685;;F;54;CHILENO;;X;RENCA                         ;METROPOLITANA;0;0;0;0;0;0;0;0;0;AUDIFONO Bluetooth BE7 Azul;ACCESORIOS
17285116;;M;33;CHILENO;;Millenial;N/D;N/D;0;0;0;0;0;0;0;0;0;SMARTBAND SAMSUNG GALAXY FIT 2 NEGRO;ACCESORIOS
18695670;Soltero;M;28;CHILENO;;Silencioso;PROVIDENCIA                   ;METROPOLITANA;0;0;0;0;0;0;0;0;0;XIAOMI MI CARGADOR 65W FAST CHARGER WITH GAN TE;ACCESORIOS
26433815;;F;32;EXTRANJERO - NO INFORMA NACIONALIDAD;;Extranjero;"";"";0;0;0;0;0;0;0;0;0;MI WATCH LITE NEGRO XIAOMI;ACCESORIOS
16025212;;M;36;CHILENO;;Silencioso;PROVIDENCIA                   ;METROPOLITANA;0;0;0;0;0;0;0;0;0;TECLADO PC 100 NEGRO;ACCESORIOS
10659691;;M;56;CHILENO;;Silencioso;PROVIDENCIA                   ;METROPOLITANA;0;0;0;0;0;0;0;0;0;SOPORTE TV 26-56 KTA02 KIOTO FIJO;ACCESORIOS
16701786;;F;34;CHILENO;;Millenial;PANQUEHUE                     ;VALPARAISO;0;0;0;0;0;0;0;0;0;MOUSE MICROSOFT Wireless Mbl 1850 Black;ACCESORIOS
17113416;;M;33;CHILENO;;Millenial;COPIAPO                       ;ATACAMA;0;0;0;0;0;0;0;0;0;KIT PENDRIVE 16GB+POWERBANK3000;ACCESORIOS
19295484;Soltero;F;25;CHILENO;;Z;PROVIDENCIA                   ;METROPOLITANA;0;0;0;0;0;0;0;0;0;HUAWEI FreeBuds 3 White;ACCESORIOS
14547876;;M;43;CHILENO;;X;VICTORIA                      ;ARAUCANIA;0;0;0;0;0;0;0;0;0;AUDIFONO XIAOMI EARBUDS MI TRUE WIRELESS BASIC 2;ACCESORIOS
17147587;Soltero;M;32;CHILENO;;Millenial;PROVIDENCIA                   ;METROPOLITANA;0;0;0;0;0;0;0;0;0;AUDIFONO IN EX15LP SONY NEG;ACCESORIOS
15668037;Soltero;M;38;CHILENO;;Millenial;PROVIDENCIA                   ;METROPOLITANA;0;0;0;0;0;0;0;0;0;AUDIFONO MLAB TWS FULLY WIRELESSÂ  WHITE 8721;ACCESORIOS
17472850;;M;32;CHILENO;;Millenial;"";"";0;0;0;0;0;0;0;0;0;AUDIFONO GALAXY BUDS PLUS NEGRO;ACCESORIOS
19701560;;M;24;CHILENO;;Silencioso;PROVIDENCIA                   ;METROPOLITANA;0;0;0;0;0;0;0;0;0;XIAOMI MI TRUE WIRELESS EARPHONES 2S;ACCESORIOS
15061335;;M;39;CHILENO;;X;PROVIDENCIA                   ;METROPOLITANA;0;0;0;0;0;0;0;0;0;BAND 4 BLACK;ACCESORIOS
18442421;;F;29;CHILENO;;Millenial;PROVIDENCIA                   ;METROPOLITANA;0;0;0;0;0;0;0;0;0;Kit gamer 3 en 1;ACCESORIOS
13267952;;F;44;CHILENO;;X;PROVIDENCIA                   ;METROPOLITANA;0;0;0;0;0;0;0;0;0;AUDIFONO XIAOMI EARBUDS MI TRUE WIRELESS BASIC 2;ACCESORIOS
18211620;;F;29;CHILENO;;Millenial;N/D;N/D;0;0;0;0;0;0;0;0;0;BAND 4 BLACK;ACCESORIOS
20001803;;M;23;CHILENO;;Z;PROVIDENCIA                   ;METROPOLITANA;0;0;0;0;0;0;0;0;0;AUDIFONO IN SAM C/ MIC EG920 BLACK;ACCESORIOS
17233536;;F;33;CHILENO;;Millenial;COIHAIQUE                     ;AYSEN;0;0;0;0;0;0;0;0;0;AUDIFONO ON ZX110 SONY NEGRO;ACCESORIOS
16427486;;M;35;CHILENO;;Millenial;HUECHURABA                    ;METROPOLITANA;0;0;0;0;0;0;0;0;0;AUDIFONO GALAXY BUDS PLUS BLANCO;ACCESORIOS
19819508;;M;24;CHILENO;;Z;LAMPA;METROPOLITANA;0;0;0;0;0;0;0;0;0;Smartwatch ACTIVE 1 NEGRO;ACCESORIOS
11450348;;F;52;CHILENO;;X;PROVIDENCIA                   ;METROPOLITANA;0;0;0;0;0;0;0;0;0;AUDIFONO ON ZX310AP NEGRO;ACCESORIOS
20310947;;M;23;CHILENO;;Silencioso;PROVIDENCIA                   ;METROPOLITANA;0;0;0;0;0;0;0;0;0;SOPORTE TV 26-56 KTA02 KIOTO FIJO;ACCESORIOS
26342478;;M;47;VENEZOLANO;;Extranjero;NUNOA                         ;METROPOLITANA;0;0;0;0;0;0;0;0;0;Smartwatch ACTIVE 2 GOLD;ACCESORIOS
20382787;;M;22;CHILENO;;Z;N/D;N/D;0;0;0;0;0;0;0;0;0;Silla Gamer Valhalla Pro Negro-Blanco;ACCESORIOS
26498911;;F;42;CHILENO;;Extranjero;SANTIAGO                      ;METROPOLITANA;0;0;0;0;0;0;0;0;0;Mouse Arc Touch MS Negro;ACCESORIOS
18805344;;M;27;CHILENO;;Millenial;LOS ANGELES                   ;BIO BIO;0;0;0;0;0;0;0;0;0;AUDIFONO GALAXY BUDS PLUS NEGRO;ACCESORIOS
17747993;;M;31;CHILENO;;Millenial;PROVIDENCIA                   ;METROPOLITANA;0;0;0;0;0;0;0;0;0;AUDIFONO MLAB TWS FULLY WIRELESSÂ  WHITE 8721;ACCESORIOS
12359732;;M;49;CHILENO;;X;PROVIDENCIA                   ;METROPOLITANA;0;0;0;0;0;0;0;0;0;SOPORTE TV 26-56 KTAT02 KIOTO MOVIL;ACCESORIOS
14411436;;F;42;CHILENO;;X;PROVIDENCIA                   ;METROPOLITANA;0;0;0;0;0;0;0;0;0;Smartwatch GT 2 BLACK;ACCESORIOS
19672921;;M;24;CHILENO;;Silencioso;PROVIDENCIA                   ;METROPOLITANA;0;0;0;0;0;0;0;0;0;BAND 4 BLACK;ACCESORIOS
17509687;Soltero;M;32;CHILENO;;Millenial;PROVIDENCIA                   ;METROPOLITANA;0;0;0;0;0;0;0;0;0;APPLE WATCH SERIE 3 42MM SILVER;ACCESORIOS
20411576;;F;21;CHILENO;;Z;PROVIDENCIA                   ;METROPOLITANA;0;0;0;0;0;0;0;0;0;AUDIFONO XIAOMI EARBUDS MI TRUE WIRELESS BASIC 2;ACCESORIOS
17493763;;F;31;CHILENO;;Millenial;PELLUHUE                      ;MAULE;0;0;0;0;0;0;0;0;0;SOPORTE TV 32-65 KTA03 KIOTO FIJO;ACCESORIOS
15705715;;F;38;CHILENO;;Millenial;CAUQUENES                     ;MAULE;0;0;0;0;0;0;0;0;0;AUDIFONO IN EX15AP SONY NEGRO;ACCESORIOS
15581345;Soltero;M;38;CHILENO;;X;PROVIDENCIA                   ;METROPOLITANA;0;0;0;0;0;0;0;0;0;HUAWEI AUDIFONOS MANOS LIBRES AM116;ACCESORIOS
15510763;;F;39;CHILENO;;Silencioso;PROVIDENCIA                   ;METROPOLITANA;0;0;0;0;0;0;0;0;0;DISCO DURO CANVIO 1TB BASICS BLACK TOSHIBA;ACCESORIOS
7439780;;M;65;CHILENO;;Boomers;MAIPU                         ;METROPOLITANA;0;0;0;0;0;0;0;0;0;Smartwatch GT 2 BLACK;ACCESORIOS
14496685;;F;52;BOLIVIANO;;Extranjero;CALAMA                        ;ANTOFAGASTA;0;0;0;0;0;0;0;0;0;SOPORTE TV 26-56 KTAT02 KIOTO MOVIL;ACCESORIOS
11723793;;M;51;CHILENO;;X;N/D;N/D;0;0;0;0;0;0;0;0;0;AUDIFONO XIAOMI EARBUDS MI TRUE WIRELESS BASIC 2;ACCESORIOS
26078957;;M;35;COLOMBIANO;;Extranjero;N/D;N/D;0;0;0;0;0;0;0;0;0;Smartwatch ACTIVE 1 NEGRO;ACCESORIOS
17822538;Soltero;F;31;CHILENO;PSICOPEDAGOGO;Millenial;TALCA                         ;MAULE;0;0;0;0;0;0;0;0;0;AUDIFONO XIAOMI EARBUDS MI TRUE WIRELESS BASIC 2;ACCESORIOS
10782004;;F;57;CHILENO;;Boomers;PENAFLOR                      ;METROPOLITANA;0;0;0;0;0;0;0;0;0;PARLANTE BT MICRO PINEAPPLE 8647;ACCESORIOS
16304053;Soltero;M;35;CHILENO;INGENIERO INFORMATICO;Silencioso;PROVIDENCIA                   ;METROPOLITANA;0;0;0;0;0;0;0;0;0;Mouse Arc Touch MS Negro;ACCESORIOS
11599452;Divorciado;F;52;CHILENO;;X;RENCA                         ;METROPOLITANA;0;0;0;0;0;0;0;0;0;SOPORTE TV 32-65 KTA03 KIOTO FIJO;ACCESORIOS
12984526;;M;46;CHILENO;;X;CHILE CHICO                   ;AYSEN;0;0;0;0;0;0;0;0;0;AUDIFONO ON ZX110 SONY NEGRO;ACCESORIOS
15408471;;M;39;CHILENO;;X;N/D;N/D;0;0;0;0;0;0;0;0;0;MOUSE GAMING TRUST ZIVA;ACCESORIOS
16246751;;F;37;CHILENO;;Silencioso;PROVIDENCIA                   ;METROPOLITANA;0;0;0;0;0;0;0;0;0;MOUSE 200 Inalambrico NEGRO;ACCESORIOS
17888303;;M;31;CHILENO;;Millenial;PUERTO MONTT                  ;LOS LAGOS;0;0;0;0;0;0;0;0;0;AUDIFONO IN EX15AP SONY NEGRO;ACCESORIOS
16996656;;M;33;CHILENO;;Millenial;PROVIDENCIA                   ;METROPOLITANA;0;0;0;0;0;0;0;0;0;AUDIFONO MLAB TWS IN-AIR WHITE 8533;ACCESORIOS
12942239;Soltero;F;46;CHILENO;INGENIERO COMERCIAL;X;RENCA                         ;METROPOLITANA;0;0;0;0;0;0;0;0;0;RADIO RETRO MINI WOOGIE 8751;ACCESORIOS
19849247;;F;23;CHILENO;;Z;PROVIDENCIA                   ;METROPOLITANA;0;0;0;0;0;0;0;0;0;Mouse 200 Blue Wireless;ACCESORIOS
8034770;;F;62;CHILENO;;Boomers;RENCA                         ;METROPOLITANA;0;0;0;0;0;0;0;0;0;SOPORTE TV 26-56 KTAT02 KIOTO MOVIL;ACCESORIOS
18897753;;M;28;CHILENO;;Millenial;SANTIAGO                      ;METROPOLITANA;0;0;0;0;0;0;0;0;0;AUDIFONO PANASONIC IN RP-HV096E-K NEGRO;ACCESORIOS
12949509;;F;45;CHILENO;;X;SAN FELIPE                    ;VALPARAISO;0;0;0;0;0;0;0;0;0;PARLANTE BT MICRO PINEAPPLE 8647;ACCESORIOS
17771543;;F;30;CHILENO;;Millenial;PUENTE ALTO                   ;METROPOLITANA;0;0;0;0;0;0;0;0;0;AUDIFONO SAMSUNG WIRELESS 103B;ACCESORIOS
8449476;;F;60;CHILENO;;Boomers;RENCA                         ;METROPOLITANA;0;0;0;0;0;0;0;0;0;AUDIFONO BLUETOOTH RP-HF410BPUA BT 24HRS AZUL;ACCESORIOS
7075059;Divorciado;M;68;CHILENO;;Boomers;PROVIDENCIA                   ;METROPOLITANA;0;0;0;0;0;0;0;0;0;DISCO DURO CANVIO 2TB BASICS BLACK TOSHIBA;ACCESORIOS
8926592;;F;59;CHILENO;;Boomers;RENCA                         ;METROPOLITANA;0;0;0;0;0;0;0;0;0;SOPORTE TV 26-56 KTAT02 KIOTO MOVIL;ACCESORIOS
15088010;;M;38;CHILENO;;Silencioso;PROVIDENCIA                   ;METROPOLITANA;0;0;0;0;0;0;0;0;0;MI WATCH LITE NEGRO XIAOMI;ACCESORIOS
7816051;;M;61;CHILENO;;Boomers;COLINA                        ;METROPOLITANA;0;0;0;0;0;0;0;0;0;PARLANTE 8531 MLAB MAX BASS BT;ACCESORIOS
15304180;;F;40;CHILENO;;X;COIHAIQUE                     ;AYSEN;0;0;0;0;0;0;0;0;0;SOPORTE TV 32-65 KTA03 KIOTO FIJO;ACCESORIOS
18032175;;F;30;CHILENO;;Millenial;PROVIDENCIA                   ;METROPOLITANA;0;0;0;0;0;0;0;0;0;AUDIFONO BLUETOOTH PANASONIC RP-HJE120B NEGRO;ACCESORIOS
15827094;Soltero;F;37;CHILENO;;Millenial;PROVIDENCIA                   ;METROPOLITANA;0;0;0;0;0;0;0;0;0;PARLANTE 7284 MLAB ZUKABASS NARAN/VERDE BT;ACCESORIOS
19372103;;F;25;CHILENO;;Z;PROVIDENCIA                   ;METROPOLITANA;0;0;0;0;0;0;0;0;0;AUDIFONO IN SAM FIT EG920 BLANCO;ACCESORIOS
15606723;Soltero;F;38;CHILENO;AUXILIAR PARAMEDICO DE ODONTOLOGIA;Millenial;PROVIDENCIA                   ;METROPOLITANA;0;0;0;0;0;0;0;0;0;AUDIFONOS Airpods 2nd-generation (MRXJ2BE/A);ACCESORIOS
18294001;;M;29;CHILENO;;Millenial;PROVIDENCIA                   ;METROPOLITANA;0;0;0;0;0;0;0;0;0;AUDIFONO IN EX15LP SONY NEG;ACCESORIOS
7656243;;F;64;CHILENO;;Boomers;MAIPU                         ;METROPOLITANA;0;0;0;0;0;0;0;0;0;AUDIFONO MLAB TWS IN-AIR WHITE 8533;ACCESORIOS
15331231;Casado;M;40;CHILENO;INGENIERO CIVIL INDUSTRIAL;X;PROVIDENCIA                   ;METROPOLITANA;0;0;0;0;0;0;0;0;0;True Wireless Philips TAT2205 4+8 Hrs Azul;ACCESORIOS
26480419;;M;35;CHILENO;;Extranjero;INDEPENDENCIA                 ;METROPOLITANA;0;0;0;0;0;0;0;0;0;SOPORTE TV 26-56 KTA02 KIOTO FIJO;ACCESORIOS
13169962;;M;44;CHILENO;;X;PROVIDENCIA                   ;METROPOLITANA;0;0;0;0;0;0;0;0;0;AUDIFONO IN SAM C/ MIC EG920 BLACK;ACCESORIOS
11099519;;M;56;CHILENO;;Boomers;COQUIMBO                      ;COQUIMBO;0;0;0;0;0;0;0;0;0;AUDIFONO ON ZX110 SONY NEGRO;ACCESORIOS
16138667;;F;37;CHILENO;;Millenial;PROVIDENCIA                   ;METROPOLITANA;0;0;0;0;0;0;0;0;0;AUDIFONO ON SONY ZX110 BLANCO;ACCESORIOS
12246977;Soltero;M;49;CHILENO;PERIODISTA;Silencioso;PROVIDENCIA                   ;METROPOLITANA;0;0;0;0;0;0;0;0;0;TRAVEL ADAPTER 15W - FAST CHARGER (TYPE-C CABLE);ACCESORIOS
16538514;;M;34;CHILENO;;Millenial;PROVIDENCIA                   ;METROPOLITANA;0;0;0;0;0;0;0;0;0;MOCHILA Mix 2 2021 PACK COOL;ACCESORIOS
12379985;;F;49;CHILENO;;X;PROVIDENCIA                   ;N/D;0;0;0;0;0;0;0;0;0;BAND 4 AMBER SUNRISE;ACCESORIOS
17586533;Soltero;F;31;CHILENO;;Millenial;PROVIDENCIA                   ;METROPOLITANA;0;0;0;0;0;0;0;0;0;PARLANTE 8531 MLAB MAX BASS BT;ACCESORIOS
15442318;;F;39;CHILENO;;X;N/D;N/D;0;0;0;0;0;0;0;0;0;AUDIFONO IN SAM HS1303C/ MIC AZUL;ACCESORIOS
17974435;;F;30;CHILENO;;Millenial;CALAMA                        ;ANTOFAGASTA;0;0;0;0;0;0;0;0;0;AUDIFONO ON ZX110 SONY ROSA;ACCESORIOS
13772955;;F;41;CHILENO;;X;MELIPILLA                     ;METROPOLITANA;0;0;0;0;0;0;0;0;0;RADIO RETRO MINI WOOGIE 8751;ACCESORIOS
6558688;;F;70;CHILENO;;Silencioso;EL BOSQUE                     ;METROPOLITANA;0;0;0;0;0;0;0;0;0;DISCO DURO CANVIO 2TB BASICS BLACK TOSHIBA;ACCESORIOS
12170619;Soltero;M;49;CHILENO;ANALISTA DE SISTEMAS;X;RENCA                         ;METROPOLITANA;0;0;0;0;0;0;0;0;0;MEMORIA MICROSD CLASE 10 128GB SANDISK;ACCESORIOS
11686821;;M;51;CHILENO;;X;TEMUCO                        ;ARAUCANIA;0;0;0;0;0;0;0;0;0;Wireless Mobile Mouse 1850 cyan blue;ACCESORIOS
15967756;;M;37;CHILENO;;Millenial;PROVIDENCIA                   ;METROPOLITANA;0;0;0;0;0;0;0;0;0;MOUSE MICROSOFT Bluetooth Mobile 3600 Azul;ACCESORIOS
17851054;Soltero;M;31;CHILENO;;Millenial;PROVIDENCIA                   ;METROPOLITANA;0;0;0;0;0;0;0;0;0;True Wireless Philips TAT1215 6+12 Hrs Negro;ACCESORIOS
14371539;Soltero;F;50;CHILENO;CONTADOR GENERAL;X;RENCA                         ;METROPOLITANA;0;0;0;0;0;0;0;0;0;Smartwatch ACTIVE 1 DORADO;ACCESORIOS
16120085;;M;36;CHILENO;;Millenial;PROVIDENCIA                   ;METROPOLITANA;0;0;0;0;0;0;0;0;0;MOUSE MICROSOFT Bluetooth Mobile 3600 Azul;ACCESORIOS
13612259;;F;43;CHILENO;;X;TALCA                         ;MAULE;0;0;0;0;0;0;0;0;0;SOPORTE TV 14-63 CON BRAZO KT-FM 3L;ACCESORIOS
8526154;;M;46;CHILENO;;X;RENCA                         ;METROPOLITANA;0;0;0;0;0;0;0;0;0;MOUSE MICROSOFT Bluetooth Mobile 3600 Dark Red;ACCESORIOS
19821278;;M;23;CHILENO;;Silencioso;PROVIDENCIA                   ;METROPOLITANA;0;0;0;0;0;0;0;0;0;KIT DIRECTV GO BOX;ACCESORIOS
11354046;;F;54;CHILENO;;X;RENCA                         ;METROPOLITANA;0;0;0;0;0;0;0;0;0;CABLE DE DATOS MICRO HUAWEI USB AP70;ACCESORIOS
19405345;;M;25;CHILENO;;Z;PROVIDENCIA                   ;METROPOLITANA;0;0;0;0;0;0;0;0;0;AUDIFONO TWS FULLY WIRELESS 8873;ACCESORIOS
23675311;Soltero;M;43;BOLIVIANO;;Extranjero;PROVIDENCIA                   ;METROPOLITANA;0;0;0;0;0;0;0;0;0;HUAWEI Sport Bluetooth Headphones Lite Black AM6;ACCESORIOS
10038357;;F;51;CHILENO;;X;RENCA                         ;METROPOLITANA;0;0;0;0;0;0;0;0;0;RADIO RETRO ANTIQUE 8732;ACCESORIOS
17990429;Soltero;M;30;CHILENO;FONOAUDIOLOGO;Millenial;PROVIDENCIA                   ;METROPOLITANA;0;0;0;0;0;0;0;0;0;PARLANTES SRS-XB12/LC LA;ACCESORIOS
16512384;;M;35;CHILENO;;Extranjero;"";"";0;0;0;0;0;0;0;0;0;AUDIFONO IN SAM HS1303C/ MIC NEGRO;ACCESORIOS
16938130;;M;34;CHILENO;;Millenial;ROMERAL                       ;MAULE;0;0;0;0;0;0;0;0;0;BATERY PACK TIPO C 10.000 MAH SAMSUNG;ACCESORIOS
18149040;Casado;F;30;CHILENO;TRABAJADOR SOCIAL;Millenial;PROVIDENCIA                   ;METROPOLITANA;0;0;0;0;0;0;0;0;0;AUDIFONO IN SONY BT WI-310 BLACK;ACCESORIOS
10959770;;M;54;CHILENO;;X;TOCOPILLA                     ;ANTOFAGASTA;0;0;0;0;0;0;0;0;0;Carcasa Tab A7;ACCESORIOS
19122483;;M;26;CHILENO;;Z;CHIGUAYANTE                   ;BIO BIO;0;0;0;0;0;0;0;0;0;Smartwatch GT 2E GREEN;ACCESORIOS
4578290;;M;83;CHILENO;;Silencioso;RENCA                         ;METROPOLITANA;0;0;0;0;0;0;0;0;0;RADIO RETRO MINI WOOGIE 8751;ACCESORIOS
15732487;;F;39;CHILENO;;X;COPIAPO                       ;ATACAMA;0;0;0;0;0;0;0;0;0;PARLANTE ZUKABASS 4 BT USB/SD/FM CALACAS;ACCESORIOS
7534394;;F;64;CHILENO;;Boomers;LA LIGUA                      ;VALPARAISO;0;0;0;0;0;0;0;0;0;SOPORTE TV 14-42 KTAM02 KIOTO C/ BRAZO MOVIL;ACCESORIOS
13988279;;F;41;CHILENO;;X;ANCUD                         ;LOS LAGOS;0;0;0;0;0;0;0;0;0;SMARTBAND SAMSUNG GALAXY FIT 2 NEGRO;ACCESORIOS
16849075;;M;34;CHILENO;;Millenial;N/D;N/D;0;0;0;0;0;0;0;0;0;DISCO DURO CANVIO 1TB BASICS BLACK TOSHIBA;ACCESORIOS
19421042;Soltero;F;26;CHILENO;TECNICO DE NIVEL SUPERIOR EN ODONTOLOGIA;Z;VALPARAISO                    ;VALPARAISO;0;0;0;0;0;0;0;0;0;HUAWEI Cargador Super Charger CP84 Type C;ACCESORIOS
10469292;;M;56;CHILENO;;Boomers;PUERTO MONTT                  ;LOS LAGOS;0;0;0;0;0;0;0;0;0;SOPORTE TV 26-56 KTA02 KIOTO FIJO;ACCESORIOS
12368201;;F;49;CHILENO;;X;PERALILLO                     ;L.G.B.OÂ´HIGGINS;0;0;0;0;0;0;0;0;0;PARLANTE 6985 MLAB VERTICAL BRITPOP BT;ACCESORIOS
15345324;;M;39;CHILENO;;X;N/D;N/D;0;0;0;0;0;0;0;0;0;Smartwatch GT 2E BLACK;ACCESORIOS
18310891;Casado;M;30;CHILENO;INGENIERO INFORMATICO;Millenial;PROVIDENCIA                   ;METROPOLITANA;0;0;0;0;0;0;0;0;0;HUAWEI Sport Bluetooth Headphones Lite Black AM6;ACCESORIOS
18233930;;M;29;CHILENO;;Millenial;ANTOFAGASTA                   ;ANTOFAGASTA;0;0;0;0;0;0;0;0;0;MEMORIA MICROSD CLASE 10 200GB SANDISK;ACCESORIOS
12824721;;F;48;CHILENO;;X;QUILPUE                       ;VALPARAISO;0;0;0;0;0;0;0;0;0;AUDIFONO PANASONIC IN RP-HV096E-K NEGRO;ACCESORIOS
7004570;;M;68;CHILENO;;Boomers;PROVIDENCIA                   ;METROPOLITANA;0;0;0;0;0;0;0;0;0;KIT PREPAGO HD DIRECTV;ACCESORIOS
18709454;;F;31;CHILENO;;Millenial;COPIAPO                       ;ATACAMA;0;0;0;0;0;0;0;0;0;Audifonos Huawei Headphones Lite Silver;ACCESORIOS
10835360;Soltero;M;49;CHILENO;;X;COLINA                        ;METROPOLITANA;0;0;0;0;0;0;0;0;0;BAND 4 AMBER SUNRISE;ACCESORIOS
12491224;;M;49;CHILENO;;X;PROVIDENCIA                   ;METROPOLITANA;0;0;0;0;0;0;0;0;0;SMARTWATCH HUAWEI WATCH FIT BLACK;ACCESORIOS
5694574;;M;72;CHILENO;;Silencioso;RENCA                         ;METROPOLITANA;0;0;0;0;0;0;0;0;0;AUDIFONO BLUETOOTH RP-HF410BPUA BT 24HRS AZUL;ACCESORIOS
16164823;;F;37;CHILENO;;Millenial;PROVIDENCIA                   ;METROPOLITANA;0;0;0;0;0;0;0;0;0;PARLANTE ZUKABASS + MICROFONO MLAB BT;ACCESORIOS
13864130;;M;41;CHILENO;;X;RENCA                         ;METROPOLITANA;0;0;0;0;0;0;0;0;0;AUDIFONO ON ZX110 SONY ROSA;ACCESORIOS
18561653;;F;28;CHILENO;;Millenial;CALAMA                        ;ANTOFAGASTA;0;0;0;0;0;0;0;0;0;AUDIFONO ON SONY ZX110 BLANCO;ACCESORIOS
15147233;;F;37;CHILENO;;Millenial;CAUQUENES                     ;MAULE;0;0;0;0;0;0;0;0;0;PARLANTE ZUKABASS + MICROFONO MLAB BT ROJO;ACCESORIOS
26442881;;F;41;EXTRANJERO - NO INFORMA NACIONALIDAD;;Extranjero;ESTACION CENTRAL              ;METROPOLITANA;0;0;0;0;0;0;0;0;0;PARLANTE PL7 XBOOM GO BLUETHOOH 2020;ACCESORIOS
20092661;;F;23;CHILENO;;Z;PROVIDENCIA                   ;METROPOLITANA;0;0;0;0;0;0;0;0;0;CABLE DE DATOS MICRO HUAWEI USB AP70;ACCESORIOS
19523985;Soltero;F;25;CHILENO;;Z;PROVIDENCIA                   ;METROPOLITANA;0;0;0;0;0;0;0;0;0;AUDIFONO ON XB550 AP SONY NEGRO;ACCESORIOS
25396287;;M;43;PERUANO;;Extranjero;N/D;N/D;0;0;0;0;0;0;0;0;0;CABLE DE DATOS USB TIPO C HUAWEI SUPER CHARGER A;ACCESORIOS
12303154;;M;50;CHILENO;;X;CORONEL                       ;BIO BIO;0;0;0;0;0;0;0;0;0;CARGADOR HUAWEI MICROUSB-USB AP32 USB TIPO C;ACCESORIOS
15177401;;M;39;CHILENO;;X;PROVIDENCIA                   ;METROPOLITANA;0;0;0;0;0;0;0;0;0;KIT DIRECTV GO BOX;ACCESORIOS
12877813;;F;46;CHILENO;;X;PROVIDENCIA                   ;METROPOLITANA;0;0;0;0;0;0;0;0;0;MEMORIA MICROSD CLASE 10 16GB SANDISK;ACCESORIOS
18427271;Soltero;F;29;CHILENO;INGENIERO COMERCIAL;Millenial;PROVIDENCIA                   ;METROPOLITANA;0;0;0;0;0;0;0;0;0;365 Personal Suscripcion Anual;ACCESORIOS
18656809;;M;28;CHILENO;;Millenial;CURICO                        ;MAULE;0;0;0;0;0;0;0;0;0;SOPORTE TV 26-56 KTA02 KIOTO FIJO;ACCESORIOS
17431569;;F;32;CHILENO;;Millenial;PROVIDENCIA                   ;METROPOLITANA;0;0;0;0;0;0;0;0;0;AUDIFONO MLAB TWS IN-AIR WHITE 8533;ACCESORIOS
19069737;;F;26;CHILENO;;Z;PROVIDENCIA                   ;METROPOLITANA;0;0;0;0;0;0;0;0;0;DISCO DURO CANVIO 1TB BASICS BLACK TOSHIBA;ACCESORIOS
11283730;;M;54;CHILENO;;Boomers;RENCA                         ;METROPOLITANA;0;0;0;0;0;0;0;0;0;PARLANTE 8531 MLAB MAX BASS BT;ACCESORIOS
14138615;Soltero;M;41;CHILENO;INGENIERO INDUSTRIAL;X;PROVIDENCIA                   ;METROPOLITANA;0;0;0;0;0;0;0;0;0;Smartwatch GT 2E RED;ACCESORIOS
12964612;;M;46;CHILENO;;X;RENCA                         ;METROPOLITANA;0;0;0;0;0;0;0;0;0;PARLANTE 6984 MLAB VERTICAL ROCK BT;ACCESORIOS
13408577;Soltero;M;44;CHILENO;;X;RENCA                         ;METROPOLITANA;0;0;0;0;0;0;0;0;0;PARLANTE 8531 MLAB MAX BASS BT;ACCESORIOS
17266576;Soltero;M;33;CHILENO;MEDICO CIRUJANO;Millenial;PROVIDENCIA                   ;METROPOLITANA;0;0;0;0;0;0;0;0;0;HUAWEI FREEBUDS 3I BLANCOS;ACCESORIOS
20486231;;M;21;CHILENO;;Z;PROVIDENCIA                   ;METROPOLITANA;0;0;0;0;0;0;0;0;0;DISCO DURO CANVIO 4TB BASICS BLACK;ACCESORIOS
18959189;Soltero;M;27;CHILENO;;Z;PROVIDENCIA                   ;METROPOLITANA;0;0;0;0;0;0;0;0;0;DISCO DURO CANVIO 1TB BASICS BLACK TOSHIBA;ACCESORIOS
15524204;;M;39;CHILENO;;X;RENCA                         ;METROPOLITANA;0;0;0;0;0;0;0;0;0;AUDIFONO IN GALAXI BUDS;ACCESORIOS
16627101;Casado;M;34;CHILENO;CONTADOR GENERAL;Millenial;PROVIDENCIA                   ;METROPOLITANA;0;0;0;0;0;0;0;0;0;MOUSE MICROSOFT Bluetooth Mobile 3600 Black;ACCESORIOS
11692084;;M;52;CHILENO;;X;AISEN                         ;AYSEN;0;0;0;0;0;0;0;0;0;RADIO RETRO ANTIQUE 8732;ACCESORIOS
8822043;;F;60;CHILENO;;Boomers;"";"";0;0;0;0;0;0;0;0;0;DISCO DURO CANVIO 4TB BASICS BLACK;ACCESORIOS
12868695;;M;47;CHILENO;;X;SANTIAGO                      ;METROPOLITANA;0;0;0;0;0;0;0;0;0;KIT PREPAGO HD DIRECTV;ACCESORIOS
7688285;;M;61;CHILENO;;Boomers;RENCA                         ;METROPOLITANA;0;0;0;0;0;0;0;0;0;PARLANTE 7279 MLAB ZUKABASS NEGRO BT;ACCESORIOS
17511102;Soltero;M;32;CHILENO;;Millenial;PROVIDENCIA                   ;METROPOLITANA;0;0;0;0;0;0;0;0;0;PARLANTE 6984 MLAB VERTICAL ROCK BT;ACCESORIOS
18256052;;F;30;CHILENO;;Millenial;N/D;N/D;0;0;0;0;0;0;0;0;0;TRAVEL ADAPTER 15W - FAST CHARGER (TYPE-C CABLE);ACCESORIOS
19203633;;M;43;CHILENO;;X;PEDRO AGUIRRE CERDA           ;METROPOLITANA;0;0;0;0;0;0;0;0;0;PARLANTE ZUKABASS + MICROFONO MLAB BT ROJO;ACCESORIOS
10034679;Casado;M;47;CHILENO;;X;PROVIDENCIA                   ;METROPOLITANA;0;0;0;0;0;0;0;0;0;PARLANTE 6984 MLAB VERTICAL ROCK BT;ACCESORIOS
18654929;Soltero;M;28;CHILENO;;Millenial;PROVIDENCIA                   ;METROPOLITANA;0;0;0;0;0;0;0;0;0;AUDIFONO ON SONY WH-CH500 BLACK;ACCESORIOS
6011603;;M;68;CHILENO;;Silencioso;RENCA                         ;METROPOLITANA;0;0;0;0;0;0;0;0;0;SOPORTE TV 26-56 KTAT02 KIOTO MOVIL;ACCESORIOS
15652172;;F;39;CHILENO;;X;N/D;N/D;0;0;0;0;0;0;0;0;0;AUDIFONO ON SONY WH-CH500 BLACK;ACCESORIOS
9690573;;F;61;CHILENO;;Boomers;DALCAHUE                      ;LOS LAGOS;0;0;0;0;0;0;0;0;0;SOPORTE TV 26-56 KTAT02 KIOTO MOVIL;ACCESORIOS
17967312;;M;30;CHILENO;;Millenial;PROVIDENCIA                   ;METROPOLITANA;0;0;0;0;0;0;0;0;0;AUDIFONO IN E9LP SONY BZ NEGRO;ACCESORIOS
16313792;;F;36;CHILENO;;Millenial;ILLAPEL                       ;COQUIMBO;0;0;0;0;0;0;0;0;0;AUDIFONO MLAB TWS IN-AIR WHITE 8533;ACCESORIOS
13407284;;M;44;CHILENO;;X;CALBUCO                       ;LOS LAGOS;0;0;0;0;0;0;0;0;0;SOPORTE TV 14-63 CON BRAZO KT-FM 3L;ACCESORIOS
7647764;;M;65;CHILENO;;Boomers;RENCA                         ;METROPOLITANA;0;0;0;0;0;0;0;0;0;SOPORTE TV 26-56 KTA02 KIOTO FIJO;ACCESORIOS
8254984;;F;61;CHILENO;;Boomers;VINA DEL MAR                  ;VALPARAISO;0;0;0;0;0;0;0;0;0;KARAOKE MLAB SUITCASE OUTDOOR MIC BT BK 8566;ACCESORIOS
17824990;;M;30;CHILENO;;Millenial;PROVIDENCIA                   ;METROPOLITANA;0;0;0;0;0;0;0;0;0;AUDIFONO IN SAM C/ MIC EG920 BLACK;ACCESORIOS
9964467;Casado;F;46;CHILENO;PERIODISTA;X;PROVIDENCIA                   ;METROPOLITANA;0;0;0;0;0;0;0;0;0;TECLADO + MOUSE MICROSOFT Wireless Desktop 900;ACCESORIOS
20310878;;F;22;CHILENO;;Z;PROVIDENCIA                   ;METROPOLITANA;0;0;0;0;0;0;0;0;0;AUDIFONO MLAN AIR-WIRELESS CHARGE TOUCH RED;ACCESORIOS
17983625;Soltero;M;28;CHILENO;;Millenial;PROVIDENCIA                   ;METROPOLITANA;0;0;0;0;0;0;0;0;0;DISCO DURO CANVIO 2TB BASICS BLACK TOSHIBA;ACCESORIOS
11600673;;M;52;CHILENO;;X;LA LIGUA                      ;VALPARAISO;0;0;0;0;0;0;0;0;0;SOPORTE TV 14-63 CON BRAZO KT-FM 3L;ACCESORIOS
16622212;;F;35;CHILENO;;Millenial;LA GRANJA                     ;METROPOLITANA;0;0;0;0;0;0;0;0;0;AUDIFONO MLAB TWS FULLY WIRELESSÂ  WHITE 8721;ACCESORIOS
18922183;Soltero;M;27;CHILENO;;Millenial;N/D;N/D;0;0;0;0;0;0;0;0;0;MOUSE 200 Inalambrico GOLD;ACCESORIOS
9801912;;M;59;CHILENO;;Boomers;SAN ANTONIO                   ;VALPARAISO;0;0;0;0;0;0;0;0;0;AUDIFONO ON ZX110AP SONY NEGRO;ACCESORIOS
13567401;Soltero;F;43;CHILENO;;X;RENCA                         ;METROPOLITANA;0;0;0;0;0;0;0;0;0;TRI PACK PENDRIVE CRUZERBLADE Z50 SANDISC COLORE;ACCESORIOS
12363327;;F;48;CHILENO;;X;CANETE                        ;BIO BIO;0;0;0;0;0;0;0;0;0;SOPORTE TV 26-56 KTAT02 KIOTO MOVIL;ACCESORIOS
10658212;;F;54;CHILENO;;Boomers;RENCA                         ;METROPOLITANA;0;0;0;0;0;0;0;0;0;AUDIFONO MLAB TWS FREE IN-AIR TOUCH BLACK 8534;ACCESORIOS
17842235;Soltero;M;31;CHILENO;;Millenial;PROVIDENCIA                   ;METROPOLITANA;0;0;0;0;0;0;0;0;0;AUDIFONO ON XB550 AP SONY AZUL;ACCESORIOS
16658677;;M;35;CHILENO;;Millenial;VALDIVIA                      ;LOS RIOS;0;0;0;0;0;0;0;0;0;SOPORTE TV 14-63 CON BRAZO KT-FM 3L;ACCESORIOS
26755119;;M;27;VENEZOLANO;;Extranjero;N/D;N/D;0;0;0;0;0;0;0;0;0;MEMORIA MICROSD CLASE 10 64GB SANDISK;ACCESORIOS
15073788;;M;40;CHILENO;;X;N/D;N/D;0;0;0;0;0;0;0;0;0;Smartwatch GT 2E GREEN;ACCESORIOS
12072785;;F;48;CHILENO;;X;SAN FELIPE                    ;VALPARAISO;0;0;0;0;0;0;0;0;0;PARLANTE ZUKABASS + MICROFONO MLAB BT ROJO;ACCESORIOS
19017446;;M;27;CHILENO;;Z;N/D;N/D;0;0;0;0;0;0;0;0;0;SOPORTE TV 14-63 CON BRAZO KT-FM 3L;ACCESORIOS
23818890;;F;36;BOLIVIANO;;Extranjero;SAN ANTONIO                   ;VALPARAISO;0;0;0;0;0;0;0;0;0;PARLANTE ZUKABASS + MICROFONO MLAB BT ROJO;ACCESORIOS
17101428;;F;33;CHILENO;;Millenial;CASTRO                        ;LOS LAGOS;0;0;0;0;0;0;0;0;0;AUDIFONO BLUETOOTH RP-HTX80BPPC PANASONIC CREMA;ACCESORIOS
15616146;;M;38;CHILENO;;Millenial;PENCO;BIO-BIO;195990;3;2;2;1;195840;1;1;150;Bolsa Papel Abcdin;PROMOCIONES
12701652;;M;47;CHILENO;;X;N/D;N/D;150;1;1;0;0;0;1;1;150;Bolsa Papel Abcdin;PROMOCIONES
5853561;;M;73;CHILENO;;Silencioso;RENCA                         ;METROPOLITANA;150;1;1;0;0;0;1;1;150;Bolsa Papel Abcdin;PROMOCIONES
20256831;;F;22;CHILENO;;Z;CORONEL                       ;BIO BIO;900;4;1;0;0;0;4;1;900;Bolsa Papel Grande Abcdin;PROMOCIONES
19608060;;M;25;CHILENO;;Z;PROVIDENCIA                   ;METROPOLITANA;21970;3;2;0;0;0;3;2;21970;GAFAS DE SOL YAC DARTH VADER 26603;PROMOCIONES
19060589;;F;27;CHILENO;;Z;PROVIDENCIA                   ;METROPOLITANA;22240;2;2;1;1;21990;1;1;250;Bolsa Papel Grande Abcdin;PROMOCIONES
9893382;;M;58;CHILENO;;Boomers;"";"";1000;4;1;0;0;0;4;1;1000;Bolsa Papel Grande Abcdin;PROMOCIONES
19448227;Soltero;F;26;CHILENO;;Z;SAN FELIPE                    ;VALPARAISO;990;1;1;0;0;0;1;1;990;KEY FINDER ASD-ATL1003-2;PROMOCIONES
15207657;;M;39;CHILENO;;X;SANTA BARBARA                 ;BIO BIO;1000;4;1;0;0;0;4;1;1000;Bolsa Papel Grande Abcdin;PROMOCIONES
7413169;;M;66;CHILENO;;Boomers;MELIPILLA                     ;METROPOLITANA;0;0;0;0;0;0;0;0;0;KEY FINDER ASD-ATL1003-1;PROMOCIONES
18373909;;M;29;CHILENO;;Millenial;PROVIDENCIA                   ;METROPOLITANA;0;0;0;0;0;0;0;0;0;GAFAS DE SOL YAC GUARDIANES 26549;PROMOCIONES
12514982;;M;49;CHILENO;;X;RANCAGUA                      ;L.G.B.OÂ´HIGGINS;641150;5;3;2;1;198980;3;2;442170;CELULAR SAMSUNG A33 128GB 5G BLACK CLARO;TELEFONIA
12926294;;M;46;CHILENO;;X;RENCA                         ;METROPOLITANA;619990;1;1;1;1;619990;0;0;0;Galaxy Z Flip3 128GB LAVENDER;TELEFONIA
12839652;;M;47;CHILENO;;X;PROVIDENCIA                   ;METROPOLITANA;199990;1;1;0;0;0;1;1;199990;CELULAR SAMSUNG A23 128GB BLACK CLARO;TELEFONIA
26901072;;M;45;EXTRANJERO - NO INFORMA NACIONALIDAD;;Extranjero;BUIN                          ;METROPOLITANA;235650;3;2;0;0;0;3;2;235650;CELULAR MOTO G22 128GB NEGRO MOVISTAR;TELEFONIA
19971415;;M;24;CHILENO;;Z;COLLIPULLI                    ;ARAUCANIA;169640;2;1;0;0;0;2;1;169640;CELULAR REDMI 10A US 64GB GRAPHITE GRAY OPEN;TELEFONIA
5145228;;M;76;CHILENO;;Silencioso;LIMACHE                       ;VALPARAISO;75104;2;1;0;0;0;2;1;75104;CELULAR VIVO Y21S 128GB BLANCO WOM;TELEFONIA
16979798;;F;34;CHILENO;;Millenial;CANETE                        ;BIO BIO;610940;7;3;0;0;0;7;3;610940;CELULAR GALAXY A33 5G 6+128GB BLACK OPEN;TELEFONIA
20076404;;F;23;CHILENO;;Z;N/D;N/D;933230;8;6;0;0;0;8;6;933230;CELULAR VIVO Y01 AZUL ZAFIRO OPEN;TELEFONIA
12544367;;M;48;CHILENO;;X;YERBAS BUENAS                 ;MAULE;229660;2;1;0;0;0;2;1;229660;CELULAR VIVO Y21S 128GB BLANCO WOM;TELEFONIA
10840542;Casado;M;53;CHILENO;;Silencioso;PROVIDENCIA                   ;METROPOLITANA;1029980;3;2;3;2;1029980;0;0;0;CELULAR IPHONE 12 64GB BLACK CLARO;TELEFONIA
12060194;;F;45;CHILENO;;X;EL QUISCO                     ;VALPARAISO;73960;4;4;0;0;0;4;4;73960;Celular SA3 CLARO DIRECTO BLACK;TELEFONIA
11355101;;M;54;CHILENO;;X;TEMUCO                        ;ARAUCANIA;365960;6;2;0;0;0;6;2;365960;CELULAR REDMI NOTE 10S 128GB ONIX BLACK;TELEFONIA
24791708;;F;36;PERUANO;;Extranjero;PAINE                         ;METROPOLITANA;322910;9;4;7;3;296930;2;1;25980;CELULAR HUAWEI NOVA 8i BLUE;TELEFONIA
12436058;;F;49;CHILENO;;X;ARICA                         ;ARICA Y PARINACOTA;363230;3;2;0;0;0;3;2;363230;CELULAR REDMI NOTE 11 PRO 128GB GRAPHITE;TELEFONIA
9546725;;M;59;CHILENO;;Boomers;COIHAIQUE                     ;AYSEN;502970;3;2;0;0;0;3;2;502970;CELULAR GALAXY A13 4+128GB LIGHT BLUE OPEN;TELEFONIA
17914844;;M;31;CHILENO;;Millenial;N/D;N/D;264980;3;2;1;1;149990;2;1;114990;CELULAR VIVO Y21s 128GB AZUL CLARO;TELEFONIA
5556133;;F;80;CHILENO;;Silencioso;PAINE                         ;METROPOLITANA;34990;1;1;0;0;0;1;1;34990;Celular SA3 CLARO DIRECTO BLACK;TELEFONIA
7089557;;M;63;CHILENO;;Silencioso;PROVIDENCIA                   ;N/D;179990;1;1;1;1;179990;0;0;0;CELULAR GALAXY A23 6+128GB BLACK OPEN;TELEFONIA
11406489;;M;53;CHILENO;;X;ARAUCO                        ;BIO BIO;333561;4;4;0;0;0;4;4;333561;CELULAR REDMI 10C 128GB GRAPHITE GRAY CLARO;TELEFONIA
19085809;;F;26;CHILENO;;Z;COIHAIQUE                     ;AYSEN;189980;2;2;0;0;0;2;2;189980;CELULAR VIVO Y01 AZUL ZAFIRO OPEN;TELEFONIA
9541937;;M;58;CHILENO;;Boomers;MAIPU                         ;METROPOLITANA;860910;11;5;11;5;860910;0;0;0;CELULAR GALAXY A33 5G 6+128GB BLACK OPEN;TELEFONIA
21886667;;M;46;PERUANO;;Extranjero;SANTIAGO                      ;METROPOLITANA;263561;2;1;0;0;0;2;1;263561;CELULAR VIVO V21 5G DUSK BLUE 128GB OPEN;TELEFONIA
17458981;;F;32;CHILENO;;Millenial;CHILLAN                       ;BIO BIO;159990;1;1;1;1;159990;0;0;0;CELULAR A32 128 GB BLACK OPEN;TELEFONIA
5656405;;F;75;CHILENO;;Silencioso;IQUIQUE                       ;TARAPACA;169990;3;3;0;0;0;3;3;169990;CELULAR GALAXY A33 5G 6+128GB ORANGE OPEN;TELEFONIA
7859937;;F;66;CHILENO;;Boomers;OSORNO                        ;LOS LAGOS;1018530;8;4;0;0;0;8;4;1018530;CELULAR GALAXY A03 4+64GB BLUE OPEN;TELEFONIA
6958321;;M;67;CHILENO;;Boomers;RANCAGUA                      ;L.G.B.OÂ´HIGGINS;204660;2;1;0;0;0;2;1;204660;CELULAR GALAXY A13 4+128GB BLACK;TELEFONIA
18858030;;M;27;CHILENO;;Millenial;COLINA;METROPOLITANA;99990;1;1;0;0;0;1;1;99990;CELULAR REDMI 10A US 32GB CHROME SILVER OPEN;TELEFONIA
6568465;;F;73;CHILENO;;Silencioso;LA FLORIDA                    ;METROPOLITANA;180648;4;1;0;0;0;4;1;180648;CELULAR GALAXY A13 4+128GB LIGHT BLUE OPEN;TELEFONIA
10168016;;M;57;CHILENO;;Boomers;RENCA                         ;METROPOLITANA;89990;1;1;0;0;0;1;1;89990;CELULAR REDMI 9A 32GB AURORA GREEN OPEN;TELEFONIA
17868287;;F;31;CHILENO;;Millenial;PROVIDENCIA                   ;METROPOLITANA;265980;2;1;2;1;265980;0;0;0;CELULAR GALAXY A53 5G 6+128GB ORANGE;TELEFONIA
20669288;;F;21;CHILENO;;Z;PAINE                         ;METROPOLITANA;382920;10;5;0;0;0;10;5;382920;CELULAR GALAXY A03 4+64GB BLACK OPEN;TELEFONIA
10264016;;M;56;CHILENO;;Boomers;ANTOFAGASTA                   ;ANTOFAGASTA;445110;7;5;0;0;0;7;5;445110;CELULAR A16 CRYSTAL BLACK 64GB;TELEFONIA
6873493;;M;67;CHILENO;;Boomers;N/D;N/D;820750;7;4;0;0;0;7;4;820750;CELULAR REDMI NOTE 11S 6GB+128GB TWILIGHT BLUE O;TELEFONIA
12349970;;F;48;CHILENO;;X;VALLENAR;ATACAMA;1907900;9;5;7;3;1557920;2;2;349980;CELULAR GALAXY A53 5G 6+128GB BLACK;TELEFONIA
17012561;;F;33;CHILENO;;Millenial;N/D;N/D;799980;2;4;0;0;0;2;4;799980;IPHONE 12 128GB BLACK CLARO;TELEFONIA
8267052;;M;66;CHILENO;;Boomers;RENCA                         ;METROPOLITANA;159640;2;1;0;0;0;2;1;159640;CELULAR GALAXY A03 4+64GB BLUE OPEN;TELEFONIA
10242146;;F;52;CHILENO;;X;HIJUELAS                      ;VALPARAISO;403950;5;3;0;0;0;5;3;403950;CELULAR AZUMI HTC E1 PLUS BUNDLE;TELEFONIA
8652309;;M;62;CHILENO;;Boomers;"";"";220020;5;2;0;0;0;5;2;220020;CELULAR VIVO Y01 AZUL ZAFIRO OPEN;TELEFONIA
18683713;;F;28;CHILENO;;Millenial;TALCAHUANO                    ;BIO BIO;1162780;9;5;7;4;927790;2;1;234990;CELULAR REDMI NOTE 10 5G 128GB CHROME SILVER OPE;TELEFONIA
9863992;;F;57;CHILENO;;Boomers;COLLIPULLI                    ;ARAUCANIA;610179;9;5;0;0;0;9;5;610179;CELULAR GALAXY A03 128GB BLACK CLARO;TELEFONIA
18224990;;F;29;CHILENO;;Millenial;CONTULMO                      ;BIO BIO;289980;3;2;0;0;0;3;2;289980;CELULAR MOTOROLA E30 GRIS CLARO;TELEFONIA
15633134;;F;39;CHILENO;;X;LA FLORIDA;METROPOLITANA;233980;2;1;2;1;233980;0;0;0;CELULAR MOTO G51 5G 4/128 GB AZUL OPEN;TELEFONIA
19994429;;F;23;CHILENO;;Z;PROVIDENCIA                   ;METROPOLITANA;1123970;3;2;2;1;133980;1;1;989990;CELULAR GALAXY A13 4+128GB BLACK;TELEFONIA
16552298;;F;34;CHILENO;;Millenial;RENCA                         ;METROPOLITANA;119990;1;1;1;1;119990;0;0;0;CELULAR REDMI 10A US 32GB CHROME SILVER OPEN;TELEFONIA
6309900;;M;71;CHILENO;;Silencioso;TALCA                         ;MAULE;282561;3;2;0;0;0;3;2;282561;CELULAR REDMI 9A 32G GLACIAL BLUE OPEN;TELEFONIA
9527958;Casado;M;56;CHILENO;INGENIERO DE EJECUCION EN INFORMATICA;Boomers;RENCA                         ;METROPOLITANA;109980;2;1;2;1;109980;0;0;0;CELULAR Moto G20 Rosado WOM;TELEFONIA
24784815;;F;58;PERUANO;;Extranjero;NUNOA                         ;METROPOLITANA;199990;1;1;0;0;0;1;1;199990;CELULAR A32 128 GB LIGHT VIOLET OPEN;TELEFONIA
12581569;;M;48;CHILENO;;X;PROVIDENCIA                   ;METROPOLITANA;139990;2;1;0;0;0;2;1;139990;CELULAR VIVO Y15S WAVE GREEN OPEN;TELEFONIA
15696733;;M;39;CHILENO;;X;PROVIDENCIA                   ;METROPOLITANA;308960;4;3;3;2;271970;1;1;36990;CELULAR REDMI 10C 128GB GRAPHITE GRAY CLARO;TELEFONIA
9318396;;F;61;CHILENO;;Boomers;CALBUCO                       ;LOS LAGOS;70971;3;2;0;0;0;3;2;70971;CELULAR BMOBILE W41 AZUL 32GB OPEN;TELEFONIA
10194643;;F;47;CHILENO;;X;N/D;N/D;825760;6;5;0;0;0;6;5;825760;CELULAR GALAXY A03 4+128GB BLUE OPEN;TELEFONIA
12949893;;M;46;CHILENO;;X;SAN ESTEBAN                   ;VALPARAISO;561921;11;7;0;0;0;11;7;561921;CELULAR VIVO Y01 AZUL ZAFIRO OPEN;TELEFONIA
11176769;;M;54;CHILENO;;Boomers;RENCA                         ;METROPOLITANA;139990;2;1;0;0;0;2;1;139990;CELULAR A32 128 GB BLUE OPEN;TELEFONIA
8336102;;M;65;CHILENO;;Boomers;PUENTE ALTO                   ;METROPOLITANA;89700;5;1;0;0;0;5;1;89700;CELULAR VIVO Y21S 128GB BLANCO WOM;TELEFONIA
22578482;;F;42;PERUANO;;Extranjero;"";"";993950;7;3;4;2;793960;3;1;199990;CELULAR GALAXY A33 5G 6+128GB BLACK OPEN;TELEFONIA
26483884;;F;49;VENEZOLANO;;Extranjero;SAN FERNANDO                  ;L.G.B.OÂ´HIGGINS;1214400;9;3;2;1;506980;7;2;707420;CELULAR GALAXY S21 FE 8GB 256GB GRAY;TELEFONIA
10004919;;F;58;CHILENO;;Boomers;TALAGANTE                     ;METROPOLITANA;591569;6;4;0;0;0;6;4;591569;CELULAR GALAXY A53 5G 6+128GB WHITE;TELEFONIA
17053241;;F;33;CHILENO;;Millenial;RANCAGUA;O HIGGINS;379960;4;3;0;0;0;4;3;379960;CELULAR SAMSUNG A03 128GB BLACK CLARO;TELEFONIA
12915664;;M;47;CHILENO;;X;SAN VICENTE                   ;L.G.B.OÂ´HIGGINS;596780;5;3;0;0;0;5;3;596780;CELULAR MOTO G31 4/128 GB GRIS METEORITO OPEN;TELEFONIA
17001707;;F;34;CHILENO;;Millenial;N/D;N/D;699990;1;1;1;1;699990;0;0;0;Galaxy Z Flip3 128GB LAVENDER;TELEFONIA
4740748;;F;79;CHILENO;;Silencioso;EL MONTE                      ;METROPOLITANA;186950;7;3;0;0;0;7;3;186950;CELULAR BMOBILE W41 AZUL 32GB OPEN;TELEFONIA
15723791;;F;38;CHILENO;;Millenial;CANETE                        ;BIO BIO;1273270;12;5;0;0;0;12;5;1273270;CELULAR XIAOMI REDMI NOTE 10S BLANCO WOM;TELEFONIA
18959121;Soltero;F;27;CHILENO;TECNICO DE NIVEL MEDIO EN ALIMENTACION;Millenial;PROVIDENCIA                   ;METROPOLITANA;129990;1;1;0;0;0;1;1;129990;CELULAR VIVO Y01 AZUL ZAFIRO OPEN;TELEFONIA
17613229;Soltero;M;31;CHILENO;;Millenial;RANCAGUA                      ;L.G.B.OÂ´HIGGINS;240970;3;3;2;2;219980;1;1;20990;CELULAR A32 128 GB BLUE OPEN;TELEFONIA
23231567;;M;36;PERUANO;;Extranjero;N/D;N/D;20980;2;1;2;1;20980;0;0;0;CELULAR NOKIA 110 BLACK OPEN;TELEFONIA
16296225;Soltero;M;37;CHILENO;;Silencioso;PROVIDENCIA                   ;METROPOLITANA;529940;6;4;6;4;529940;0;0;0;CELULAR REDMI 10C EU 4GB+128GB GRAPHITE GRAY OPE;TELEFONIA
15200627;;F;31;CHILENO;;Millenial;N/D;N/D;1326020;15;9;6;3;641940;9;6;684080;CELULAR A32 128 GB BLUE OPEN;TELEFONIA
20494348;;F;21;CHILENO;;Z;"";"";219970;3;2;0;0;0;3;2;219970;CELULAR REDMI 10A US 32GB CHROME SILVER OPEN;TELEFONIA
13105081;;M;46;CHILENO;;X;LOS ANGELES                   ;BIO BIO;142980;2;1;0;0;0;2;1;142980;CELULAR REDMI 9A 32G GLACIAL BLUE OPEN;TELEFONIA
16785234;;M;34;CHILENO;;Millenial;CALAMA;ANTOFAGASTA;462260;5;3;0;0;0;5;3;462260;CELULAR REDMI 9A 32GB AURORA GREEN OPEN;TELEFONIA
19100405;Soltero;F;26;CHILENO;;Z;PROVIDENCIA                   ;METROPOLITANA;660480;2;1;2;1;660480;0;0;0;CELULAR GALAXY S22 PINK GOLD 256GB;TELEFONIA
6535213;;M;71;CHILENO;;Silencioso;OVALLE                        ;COQUIMBO;558760;6;5;0;0;0;6;5;558760;CELULAR MOTOROLA G9 PLAY 64GB ELECTRIC BLUE OPEN;TELEFONIA
9321534;;F;57;CHILENO;;Boomers;N/D;N/D;838880;12;8;0;0;0;12;8;838880;CELULAR GALAXY A22 5G 4+128GB GRAY;TELEFONIA
9689659;;F;66;CHILENO;;Boomers;VALDIVIA                      ;LOS RIOS;1481730;10;4;0;0;0;10;4;1481730;CELULAR REDMI NOTE 10 5G 4/128GB GRAPHITE GRAY O;TELEFONIA
13560433;;M;42;CHILENO;;X;SAN ANTONIO                   ;VALPARAISO;518630;8;5;0;0;0;8;5;518630;CELULAR GALAXY A03 4+128GB BLACK OPEN;TELEFONIA
12714979;Soltero;M;47;CHILENO;;X;QUEMCHI                       ;LOS LAGOS;248730;5;4;0;0;0;5;4;248730;CELULAR VIVO Y01 AZUL ZAFIRO OPEN;TELEFONIA
15731592;;F;38;CHILENO;;X;RANCAGUA                      ;L.G.B.OÂ´HIGGINS;435990;7;3;6;2;326000;1;1;109990;CELULAR REDMI 9C 64GB SUNRISE ORANGE;TELEFONIA
16928213;;F;33;CHILENO;;Millenial;ILLAPEL                       ;COQUIMBO;799970;3;3;0;0;0;3;3;799970;CELULAR GALAXY A53 5G 6+128GB BLACK;TELEFONIA
19654113;;M;24;CHILENO;;Z;PROVIDENCIA                   ;METROPOLITANA;298970;3;2;3;2;298970;0;0;0;CELULAR HUAWEI NOVA 8i BLUE;TELEFONIA
20089929;;F;23;CHILENO;;Z;PROVIDENCIA                   ;METROPOLITANA;89990;1;1;1;1;89990;0;0;0;CELULAR GALAXY A03 4+64GB BLACK OPEN;TELEFONIA
19366101;;F;26;CHILENO;;Z;"";"";264980;2;1;2;1;264980;0;0;0;CELULAR GALAXY A53 5G 6+128GB ORANGE;TELEFONIA
11755953;;F;54;CHILENO;;X;MELIPILLA                     ;METROPOLITANA;979860;15;9;9;4;695920;6;5;283940;CELULAR REDMI NOTE 11 PRO 128GB GRAPHITE;TELEFONIA
15040902;;F;40;CHILENO;;X;PROVIDENCIA                   ;METROPOLITANA;274970;5;2;0;0;0;5;2;274970;CELULAR VIVO Y01 AZUL ZAFIRO OPEN;TELEFONIA
14230011;;M;40;CHILENO;;X;CORONEL;BIO-BIO;279980;2;1;2;1;279980;0;0;0;CELULAR GALAXY A23 6+128GB LIGHT BLUE OPEN;TELEFONIA
23584867;;M;56;PERUANO;;Extranjero;N/D;N/D;173980;2;1;2;1;173980;0;0;0;CELULAR POCO M4 PRO 128GB COOL BLUE OPEN;TELEFONIA
17294121;;F;32;CHILENO;;Millenial;"";"";980;2;1;0;0;0;2;1;980;CHIP OPEN ENTEL;TELEFONIA
23481830;;F;51;PERUANO;;Extranjero;N/D;N/D;93980;2;1;2;1;93980;0;0;0;CELULAR MOTOROLA G9 PLAY 64GB SPRING PINK OPEN;TELEFONIA
6424645;;M;70;CHILENO;;Silencioso;MAFIL                         ;LOS LAGOS;39990;1;1;0;0;0;1;1;39990;CELULAR ALCATEL P1 3080 BLACK MOVISTAR DIRECTO;TELEFONIA
12311037;;F;49;CHILENO;;X;COIHAIQUE                     ;AYSEN;1896740;15;10;0;0;0;15;10;1896740;CELULAR POCO X4 PRO 5G EU 8GB+256GB POCO YELLOW;TELEFONIA
12987731;;F;46;CHILENO;;X;SAAVEDRA                      ;ARAUCANIA;141409;3;2;0;0;0;3;2;141409;CELULAR VIVO Y01 AZUL ZAFIRO OPEN;TELEFONIA
9350354;;F;58;CHILENO;;Boomers;N/D;N/D;600920;8;6;0;0;0;8;6;600920;CELULAR GALAXY A22 5G 4+128GB GRAY;TELEFONIA
17246897;;F;33;CHILENO;;Millenial;ESTACION CENTRAL              ;METROPOLITANA;1889640;19;11;0;0;0;19;11;1889640;CELULAR GALAXY A53 5G 6+128GB ORANGE;TELEFONIA
19380551;;F;26;CHILENO;;Z;ANGOL                         ;ARAUCANIA;391970;3;2;0;0;0;3;2;391970;CELULAR REDMI NOTE 11 4/128GB GRAPHITE GRAY OPEN;TELEFONIA
26237157;;M;35;HAITIANO;;Extranjero;CONSTITUCION                  ;MAULE;1866971;21;11;0;0;0;21;11;1866971;CELULAR POCO X4 PRO 5G 128GB LASER BLUE OPEN;TELEFONIA
20149331;;F;23;CHILENO;;Z;SAN MIGUEL;METROPOLITANA;203980;2;1;2;1;203980;0;0;0;CELUALAR REDMI NOTE 11 PRO US 6GB+128GB STAR BLU;TELEFONIA
11273251;;F;53;CHILENO;;X;PROVIDENCIA                   ;METROPOLITANA;139990;1;1;0;0;0;1;1;139990;CELULAR VIVO Y15S WAVE GREEN OPEN;TELEFONIA
17717713;;F;31;CHILENO;;Millenial;PARRAL                        ;MAULE;586970;3;2;3;2;586970;0;0;0;CELULAR GALAXY A13 4+128GB BLACK;TELEFONIA
8658999;;M;61;CHILENO;;Boomers;VALLENAR;ATACAMA;155800;3;2;0;0;0;3;2;155800;CELULAR REDMI 9C 64GB SUNRISE ORANGE;TELEFONIA
24694483;;M;27;PERUANO;;Extranjero;N/D;N/D;654980;2;1;2;1;654980;0;0;0;CELULAR GALAXY S22 PINK GOLD 128GB;TELEFONIA
9011505;;M;61;CHILENO;;Boomers;PROVIDENCIA                   ;METROPOLITANA;185750;4;2;0;0;0;4;2;185750;CELULAR GALAXY A03 CORE 2GB 32GB BLUE OPEN;TELEFONIA
19486381;;M;26;CHILENO;;Z;SAN CARLOS                    ;BIO BIO;624930;7;7;0;0;0;7;7;624930;Mi Router 4A Giga Version Xiaomi;TELEFONIA
9730132;Casado;F;59;CHILENO;;Boomers;RENCA                         ;METROPOLITANA;333960;5;3;0;0;0;5;3;333960;CELULAR REDMI NOTE 10 PRO 6+128GB GRADIENT BRONZ;TELEFONIA
17573944;;F;31;CHILENO;;Millenial;CORONEL                       ;BIO BIO;602950;5;5;0;0;0;5;5;602950;CELULAR GALAXY A23 6+128GB BLACK OPEN;TELEFONIA
19068353;;F;27;CHILENO;;Z;MELIPILLA                     ;METROPOLITANA;2228559;16;8;0;0;0;16;8;2228559;CELULAR VIVO Y01 AZUL ZAFIRO OPEN;TELEFONIA
10159025;Soltero;M;57;CHILENO;AGRONOMO;Boomers;PROVIDENCIA                   ;METROPOLITANA;32990;1;1;0;0;0;1;1;32990;Celular SA3 CLARO DIRECTO BLACK;TELEFONIA
18111409;;F;29;CHILENO;;Millenial;N/D;N/D;159990;1;1;0;0;0;1;1;159990;CELULAR REDMI 10C EU 4GB+128GB GRAPHITE GRAY OPE;TELEFONIA
17244957;;M;32;CHILENO;;Millenial;LA PINTANA                    ;METROPOLITANA;269560;4;2;0;0;0;4;2;269560;CELULAR XIAOMI REDMI 9A 32 GB BLUE DIRECTO CLARO;TELEFONIA
24006097;;F;59;COLOMBIANO;;Extranjero;SANTIAGO                      ;METROPOLITANA;561109;10;4;0;0;0;10;4;561109;CELULAR VIVO Y01 AZUL ZAFIRO OPEN;TELEFONIA
15237383;;M;39;CHILENO;;X;NUEVA IMPERIAL                ;ARAUCANIA;273220;5;3;0;0;0;5;3;273220;CELULAR VIVO Y15S BLUE MOVISTAR;TELEFONIA
15361897;;M;37;CHILENO;;Millenial;N/D;N/D;229980;2;2;2;2;229980;0;0;0;CELULAR MOTO G31 4/128 GB GRIS METEORITO OPEN;TELEFONIA
18809382;;M;28;CHILENO;;Millenial;N/D;N/D;639970;3;3;0;0;0;3;3;639970;CELULAR GALAXY A03 4+64GB BLACK OPEN;TELEFONIA
11686797;;M;51;CHILENO;;X;LOS ALAMOS                    ;BIO BIO;174366;3;2;0;0;0;3;2;174366;CELULAR VIVO Y15S BLUE MOVISTAR;TELEFONIA
19427270;;F;26;CHILENO;;Z;PROVIDENCIA                   ;METROPOLITANA;18980;2;1;2;1;18980;0;0;0;CELULAR AZUMI L4G BLACK CLARO;TELEFONIA
13119239;;M;46;CHILENO;;X;PUERTO MONTT                  ;LOS LAGOS;1214830;10;5;0;0;0;10;5;1214830;CELULAR REDMI NOTE 11 4/128GB GRAPHITE GRAY OPEN;TELEFONIA
6888469;;M;70;CHILENO;;Silencioso;PROVIDENCIA                   ;METROPOLITANA;62270;2;1;0;0;0;2;1;62270;CELULAR BMOBILE W41 AZUL 32GB OPEN;TELEFONIA
5950206;Casado;M;74;CHILENO;PROFESOR;Silencioso;RENCA                         ;METROPOLITANA;192980;2;2;0;0;0;2;2;192980;Celular SA3 CLARO DIRECTO BLACK;TELEFONIA
13560493;;F;43;CHILENO;;X;PROVIDENCIA                   ;METROPOLITANA;379980;2;2;0;0;0;2;2;379980;CELULAR GALAXY A23 6+128GB BLACK OPEN;TELEFONIA
15742010;;F;38;CHILENO;;X;ISLA DE MAIPO;METROPOLITANA;670940;6;4;2;1;143980;4;3;526960;CELULAR VIVO Y21s 128GB AZUL CLARO;TELEFONIA
8208372;;M;64;CHILENO;;Boomers;CAUQUENES                     ;MAULE;975680;14;5;0;0;0;14;5;975680;CELULAR GALAXY A53 5G 6+128GB WHITE;TELEFONIA
12975693;;M;46;CHILENO;;X;PENCO                         ;BIO BIO;182980;2;1;0;0;0;2;1;182980;CELULAR REDMI NOTE 11 4/128GB TWILIGHT BLUE OPEN;TELEFONIA
25919354;;F;44;VENEZOLANO;;Extranjero;LOS ANGELES                   ;BIO BIO;139990;1;1;0;0;0;1;1;139990;CELULAR GALAXY A22 5G 4+128GB WHITE;TELEFONIA
20495651;;F;22;CHILENO;;Z;CORONEL                       ;BIO BIO;464799;9;4;0;0;0;9;4;464799;CELULAR GALAXY A53 5G 6+128GB BLUE;TELEFONIA
18025066;Soltero;M;29;CHILENO;INGENIERO COMERCIAL;Silencioso;PROVIDENCIA                   ;METROPOLITANA;713970;3;1;3;1;713970;0;0;0;SMARTPHONE GALAXY Z FLIP3 256GB CREAM;TELEFONIA
16032405;;F;37;CHILENO;;Millenial;PROVIDENCIA                   ;METROPOLITANA;317960;4;2;4;2;317960;0;0;0;CELULAR RENO5 LITE NEGRO 128GB;TELEFONIA
11225236;;M;54;CHILENO;;X;QUINTA NORMAL                 ;METROPOLITANA;232981;3;2;0;0;0;3;2;232981;CELULAR GALAXY A33 5G 6+128GB BLACK OPEN;TELEFONIA
20005243;;F;23;CHILENO;;Z;PANGUIPULLI                   ;LOS RIOS;159990;2;1;0;0;0;2;1;159990;CELULAR REDMI 10C EU 4GB+128GB GRAPHITE GRAY OPE;TELEFONIA
10735482;;F;54;CHILENO;;Boomers;MELIPILLA                     ;METROPOLITANA;129990;2;1;0;0;0;2;1;129990;CELULAR REDMI 10A US 64GB GRAPHITE GRAY OPEN;TELEFONIA
6140830;;M;73;CHILENO;;Silencioso;NUEVA IMPERIAL                ;ARAUCANIA;99990;1;1;0;0;0;1;1;99990;SMARTPHONE A03S 32 GB ROJO;TELEFONIA
13721836;;M;43;CHILENO;;X;RENCA                         ;METROPOLITANA;279970;4;2;0;0;0;4;2;279970;CELULAR A32 128 GB BLACK OPEN;TELEFONIA
13663586;;F;48;CHILENO;;X;CERRILLOS                     ;METROPOLITANA;169990;1;1;0;0;0;1;1;169990;CELULAR GALAXY A22 5G 4+128GB WHITE;TELEFONIA
16701067;;M;34;CHILENO;;Millenial;PROVIDENCIA                   ;METROPOLITANA;199990;2;1;0;0;0;2;1;199990;CELULAR GALAXY A22 5G 4+128GB GRAY;TELEFONIA
13560693;Soltero;F;42;CHILENO;;X;RENCA                         ;METROPOLITANA;163980;2;1;2;1;163980;0;0;0;CELULAR A32 128 GB BLACK OPEN;TELEFONIA
13860020;;F;42;CHILENO;;X;CHILLAN                       ;BIO BIO;139990;2;1;0;0;0;2;1;139990;CELULAR GALAXY A23 6+128GB BLACK OPEN;TELEFONIA
16291323;;M;36;BOLIVIANO;;Millenial;PROVIDENCIA                   ;METROPOLITANA;601961;6;4;0;0;0;6;4;601961;CELULAR VIVO Y21S 128GB BLANCO WOM;TELEFONIA
26261828;;F;28;EXTRANJERO - NO INFORMA NACIONALIDAD;;Extranjero;PROVIDENCIA                   ;METROPOLITANA;334960;3;1;3;1;334960;0;0;0;CELULAR GALAXY A33 5G 6+128GB ORANGE OPEN;TELEFONIA
20031839;;M;23;CHILENO;;Z;COIHAIQUE                     ;AYSEN;349990;1;1;0;0;0;1;1;349990;CELULAR POCO X4 PRO 5G EU 8GB+256GB POCO YELLOW;TELEFONIA
7937590;;M;64;CHILENO;;Millenial;PEDRO AGUIRRE CERDA           ;METROPOLITANA;291960;4;2;4;2;291960;0;0;0;CELULAR NOKIA 110 BLACK OPEN;TELEFONIA
7868069;Casado;M;64;CHILENO;;Boomers;RENCA                         ;METROPOLITANA;84990;1;1;0;0;0;1;1;84990;CELULAR Moto E7 Rosado WOM;TELEFONIA
17761223;;F;31;CHILENO;;Millenial;PROVIDENCIA                   ;METROPOLITANA;147470;3;1;0;0;0;3;1;147470;CELULAR GALAXY A13 4+128GB WHITE OPEN;TELEFONIA
8103154;;M;66;CHILENO;;Boomers;SAN ANTONIO                   ;VALPARAISO;139990;1;1;0;0;0;1;1;139990;CELULAR REDMI 9C 64GB SUNRISE ORANGE;TELEFONIA
17079560;;F;34;CHILENO;;Millenial;PROVIDENCIA                   ;METROPOLITANA;119990;1;1;0;0;0;1;1;119990;CELULAR VIVO Y01 AZUL ZAFIRO OPEN;TELEFONIA
19812575;;F;24;CHILENO;;Z;PROVIDENCIA                   ;METROPOLITANA;279990;1;1;0;0;0;1;1;279990;CELULAR GALAXY A53 5G 6+128GB ORANGE;TELEFONIA
14400165;;M;44;CHILENO;;Millenial;N/D;N/D;980;2;1;0;0;0;2;1;980;CHIP PREPAGO OPEN WOM;TELEFONIA
9385441;;F;51;CHILENO;;X;PUENTE ALTO                   ;METROPOLITANA;1107382;12;3;0;0;0;12;3;1107382;CELULAR VIVO V21 5G DUSK BLUE 128GB OPEN;TELEFONIA
5388927;;F;78;CHILENO;;Silencioso;RENCA                         ;METROPOLITANA;0;0;2;0;0;0;0;2;0;CELULAR AZUMI L4G BLACK CLARO;TELEFONIA
7867718;;F;64;CHILENO;;Boomers;CANETE                        ;BIO BIO;250790;4;2;0;0;0;4;2;250790;CELULAR SAMSUNG A03 CORE 32GB BLACK CLARO;TELEFONIA
15974781;;F;37;CHILENO;;Millenial;N/D;N/D;152980;2;1;0;0;0;2;1;152980;CELULAR VIVO Y01 AZUL ZAFIRO OPEN;TELEFONIA
13108620;;M;46;CHILENO;;X;RENCA                         ;METROPOLITANA;206240;2;1;0;0;0;2;1;206240;CELULAR GALAXY A13 4+128GB WHITE OPEN;TELEFONIA
11682454;;M;54;CHILENO;;Boomers;CORONEL                       ;BIO BIO;289980;3;2;0;0;0;3;2;289980;CELULAR GALAXY A13 4+128GB LIGHT BLUE OPEN;TELEFONIA
10713698;;F;55;CHILENO;;Boomers;VICTORIA                      ;ARAUCANIA;1153050;9;6;0;0;0;9;6;1153050;CELULAR SAMSUNG A33 128GB 5G BLACK CLARO;TELEFONIA
17898382;;F;31;CHILENO;;Millenial;TALCAHUANO                    ;BIO BIO;189980;2;3;0;0;0;2;3;189980;CELULAR GALAXY A03 4+64GB BLACK OPEN;TELEFONIA
27051961;;M;41;EXTRANJERO - NO INFORMA NACIONALIDAD;;Extranjero;"";"";139990;1;1;1;1;139990;0;0;0;CELULAR GALAXY A22 5G 4+128GB GRAY;TELEFONIA
15046531;;M;40;CHILENO;;X;N/D;N/D;139990;1;1;0;0;0;1;1;139990;CELULAR REDMI 10C 128GB GRAPHITE GRAY CLARO;TELEFONIA
17256067;;F;32;CHILENO;;Millenial;RECOLETA;METROPOLITANA;144980;2;1;2;1;144980;0;0;0;CELULAR GALAXY A22 5G 4+128GB WHITE;TELEFONIA
8072635;;F;66;CHILENO;;Boomers;SAN ANTONIO                   ;VALPARAISO;611950;5;4;0;0;0;5;4;611950;CELULAR GALAXY A03 4+64GB BLACK OPEN;TELEFONIA
18260423;;F;30;CHILENO;;Millenial;ILLAPEL                       ;COQUIMBO;452970;3;3;0;0;0;3;3;452970;CELULAR XIAOMI 11T 8/256GB CELESTIAL BLUE OPEN;TELEFONIA
24233717;;F;33;BOLIVIANO;;Extranjero;CALAMA                        ;ANTOFAGASTA;189990;1;1;0;0;0;1;1;189990;CELULAR VIVO Y21s 128GB AZUL CLARO;TELEFONIA
16318066;;F;39;CHILENO;;X;PADRE LAS CASAS               ;ARAUCANIA;221960;4;2;0;0;0;4;2;221960;CELULAR GALAXY A23 6+128GB BLACK OPEN;TELEFONIA
19393805;;M;26;CHILENO;;Z;"";"";229230;3;2;0;0;0;3;2;229230;CELULAR VIVO Y01 AZUL ZAFIRO OPEN;TELEFONIA
25724925;;F;58;RUSO;;Extranjero;TALCAHUANO                    ;BIO BIO;198970;3;1;0;0;0;3;1;198970;MOTOROLA MOTO G50 AZUL 128 GB WOM;TELEFONIA
13526867;;F;44;CHILENO;;X;N/D;N/D;773750;10;7;0;0;0;10;7;773750;CELULAR A32 128 GB BLACK OPEN;TELEFONIA
8646940;Casado;M;63;CHILENO;;Boomers;PROVIDENCIA                   ;METROPOLITANA;36990;1;1;0;0;0;1;1;36990;Celular SA3 CLARO DIRECTO BLACK;TELEFONIA
12203235;;M;49;CHILENO;;X;PROVIDENCIA                   ;METROPOLITANA;1166910;10;6;0;0;0;10;6;1166910;CELULAR VIVO Y20 BLACK 64GB MOVISTAR;TELEFONIA
7447161;;M;67;CHILENO;;Boomers;LEBU                          ;BIO BIO;633103;7;3;0;0;0;7;3;633103;CELULAR VIVO Y21S MIDNIGHT BLUE 128 GB OPEN;TELEFONIA
18746053;Soltero;F;27;CHILENO;;Z;CORONEL                       ;BIO BIO;275980;5;2;0;0;0;5;2;275980;CELULAR POCO M4 PRO 128GB COOL BLUE OPEN;TELEFONIA
12642681;;F;47;CHILENO;;X;PROVIDENCIA                   ;METROPOLITANA;393980;2;1;2;1;393980;0;0;0;IPHONE 11 64GB BLACK CLARO;TELEFONIA
18423433;;F;29;CHILENO;;Millenial;SANTIAGO;METROPOLITANA;139990;1;1;1;1;139990;0;0;0;CELULAR GALAXY A23 6+128GB BLACK OPEN;TELEFONIA
18425031;;F;29;CHILENO;;Millenial;COLINA                        ;METROPOLITANA;349970;4;3;0;0;0;4;3;349970;CELULAR GALAXY A23 6+128GB BLACK OPEN;TELEFONIA
19271413;;M;25;CHILENO;;Z;MONTE PATRIA                  ;COQUIMBO;1199940;6;4;4;2;1025960;2;2;173980;CELULAR GALAXY S22 ULTRA GREEN 128GB;TELEFONIA
18142221;;M;30;CHILENO;;Millenial;CORONEL                       ;BIO BIO;87980;3;2;0;0;0;3;2;87980;CELULAR VIVO Y15S WAVE GREEN OPEN;TELEFONIA
11860917;;M;51;CHILENO;;X;MAIPU                         ;METROPOLITANA;269980;2;1;2;1;269980;0;0;0;CELULAR GALAXY A53 5G 6+128GB ORANGE;TELEFONIA
14483504;;M;46;CHILENO;;X;RENCA                         ;METROPOLITANA;193980;2;1;2;1;193980;0;0;0;CELULAR A52 128 GB BLACK OPEN;TELEFONIA
7875802;Soltero;M;64;CHILENO;;Boomers;PROVIDENCIA                   ;METROPOLITANA;99990;1;1;0;0;0;1;1;99990;CELULAR SAMSUNG A03 64GB NEGRO WOM;TELEFONIA
13212935;;M;44;CHILENO;;X;ARICA                         ;TARAPACA;134990;1;1;0;0;0;1;1;134990;CELULAR GALAXY A22 5G 4+128GB GRAY;TELEFONIA
16346815;;M;35;CHILENO;;Silencioso;PROVIDENCIA                   ;METROPOLITANA;605980;3;1;3;1;605980;0;0;0;CELULAR IPHONE 12 64GB BLACK CLARO;TELEFONIA
19557363;Soltero;F;25;CHILENO;;Silencioso;PROVIDENCIA                   ;METROPOLITANA;757950;5;3;5;3;757950;0;0;0;IPHONE 11 64GB BLACK CLARO;TELEFONIA
13532735;;F;43;CHILENO;;X;PROVIDENCIA                   ;METROPOLITANA;89990;1;1;0;0;0;1;1;89990;SMARTPHONE A03s 64 GB Red DS;TELEFONIA
9942782;;F;57;CHILENO;;Boomers;CABILDO                       ;VALPARAISO;169990;2;1;0;0;0;2;1;169990;CELULAR A32 128 GB BLUE OPEN;TELEFONIA
10525649;;F;56;CHILENO;;Boomers;LA LIGUA                      ;VALPARAISO;33990;1;1;0;0;0;1;1;33990;Celular SA3 CLARO DIRECTO BLACK;TELEFONIA
6213966;;F;75;CHILENO;;Silencioso;TEMUCO                        ;ARAUCANIA;1321870;7;3;0;0;0;7;3;1321870;CELULAR XIAOMI 11T PRO 8/256GB CELESTIAL BLUE KI;TELEFONIA
17889530;;F;31;CHILENO;;Millenial;LOS LAGOS;LOS LAGOS;887960;4;2;4;2;887960;0;0;0;CELULAR GALAXY S22 ULTRA WHITE 128GB;TELEFONIA
9853329;;M;59;CHILENO;;Boomers;TALAGANTE                     ;METROPOLITANA;967400;9;7;1;1;139990;8;6;827410;CELULAR A32 128 GB BLUE OPEN;TELEFONIA
8224192;;F;66;CHILENO;;Boomers;CALAMA                        ;ANTOFAGASTA;533380;4;2;0;0;0;4;2;533380;CELULAR GALAXY A13 4+128GB LIGHT BLUE OPEN;TELEFONIA
15578020;;M;38;CHILENO;;Millenial;N/D;N/D;479370;8;3;0;0;0;8;3;479370;CELULAR SAMSUNG A03 64GB NEGRO WOM;TELEFONIA
13134741;;F;45;CHILENO;;X;PROVIDENCIA                   ;METROPOLITANA;169990;1;1;1;1;169990;0;0;0;CELULAR A52 128 GB BLUE OPEN;TELEFONIA
6619713;;M;69;CHILENO;;Silencioso;PUENTE ALTO                   ;METROPOLITANA;861830;6;4;0;0;0;6;4;861830;CELULAR VIVO Y20 BLACK 64GB MOVISTAR;TELEFONIA
13560952;;F;43;CHILENO;;X;COLTAUCO                      ;L.G.B.OÂ´HIGGINS;99990;2;1;0;0;0;2;1;99990;CELULAR REDMI 9C 64GB SUNRISE ORANGE;TELEFONIA
9514117;;F;57;CHILENO;;Boomers;ALTO HOSPICIO;TARAPACA;905941;7;4;0;0;0;7;4;905941;CELULAR A52 128 GB LIGHT VIOLET OPEN;TELEFONIA
20208216;;F;22;CHILENO;;Z;PROVIDENCIA                   ;METROPOLITANA;139990;1;1;1;1;139990;0;0;0;CELULAR A32 128 GB BLUE OPEN;TELEFONIA
7525240;;M;67;CHILENO;;Boomers;TENO                          ;MAULE;114980;2;2;0;0;0;2;2;114980;CELULAR XIAOMI REDMI 9A 32GB VERDE CLARO;TELEFONIA
19017011;;F;27;CHILENO;;Z;OLIVAR                        ;L.G.B.OÂ´HIGGINS;995920;8;4;8;4;995920;0;0;0;CELULAR A52 128 GB BLACK OPEN;TELEFONIA
20225629;;F;22;CHILENO;;Z;PUENTE ALTO;METROPOLITANA;173980;2;1;2;1;173980;0;0;0;CELULAR HUAWEI Y9A BLACK OPEN;TELEFONIA
15305397;Soltero;M;40;CHILENO;INGENIERO;X;RENCA                         ;METROPOLITANA;148770;2;1;0;0;0;2;1;148770;CELULAR SAMSUNG A03 64GB NEGRO WOM;TELEFONIA
18929451;;F;27;CHILENO;;Millenial;PUENTE ALTO;METROPOLITANA;203980;2;1;2;1;203980;0;0;0;CELUALAR REDMI NOTE 11 PRO US 6GB+128GB STAR BLU;TELEFONIA
18031079;;F;30;CHILENO;;Millenial;TALCA                         ;MAULE;397940;6;4;2;1;193980;4;3;203960;CELULAR A52 128 GB BLACK OPEN;TELEFONIA
14129717;;F;41;CHILENO;;X;ANTOFAGASTA                   ;ANTOFAGASTA;359980;2;2;2;2;359980;0;0;0;CELULAR GALAXY A22 5G 4+128GB GRAY;TELEFONIA
15023664;;M;39;CHILENO;;X;ANTOFAGASTA                   ;ANTOFAGASTA;2963920;8;5;6;4;2377940;2;1;585980;CELULAR GALAXY S22 ULTRA BURGUNDY 128GB;TELEFONIA
17688158;;F;32;CHILENO;;Millenial;LA LIGUA                      ;VALPARAISO;120380;3;1;0;0;0;3;1;120380;CELULAR REDMI 9C 64GB SUNRISE ORANGE;TELEFONIA
16292969;;M;36;CHILENO;;Millenial;EL MONTE                      ;METROPOLITANA;379980;2;1;2;1;379980;0;0;0;CELULAR A52 128 GB WHITE OPEN;TELEFONIA
20525213;;M;22;CHILENO;;Z;MAIPU;METROPOLITANA;143980;2;1;2;1;143980;0;0;0;CELULAR REDMI NOTE 10 5G 4/128GB GRAPHITE GRAY O;TELEFONIA
16543622;Soltero;F;35;CHILENO;INGENIERO COMERCIAL;Millenial;N/D;N/D;33970;3;1;3;1;33970;0;0;0;Mi Router 4A Giga Version Xiaomi;TELEFONIA
20088206;;F;23;CHILENO;;Z;PROVIDENCIA                   ;METROPOLITANA;119980;2;2;0;0;0;2;2;119980;CELULAR NOKIA QUEEN VALUE BLACK CLARO;TELEFONIA
18540150;Soltero;M;29;CHILENO;;Millenial;PROVIDENCIA                   ;METROPOLITANA;223980;2;1;2;1;223980;0;0;0;CELULAR SAMSUNG A52s 128GB BLACK CLARO;TELEFONIA
19863018;;F;24;CHILENO;;Z;N/D;N/D;629970;3;3;0;0;0;3;3;629970;CELULAR MOTOROLA MOTO G20 64GB ROSA FLAMINGO;TELEFONIA
27324888;;M;30;CHILENO;;Extranjero;N/D;N/D;336350;5;3;0;0;0;5;3;336350;CELUALAR REDMI NOTE 11 PRO US 6GB+128GB STAR BLU;TELEFONIA
18795022;;M;28;CHILENO;;Millenial;CERRO NAVIA                   ;METROPOLITANA;199990;1;1;1;1;199990;0;0;0;CELULAR REDMI NOTE 11 PRO 128GB GRAPHITE;TELEFONIA
15670809;;F;38;CHILENO;;X;TOME                          ;BIO BIO;40140;3;2;0;0;0;3;2;40140;CELULAR VIVO Y01 AZUL ZAFIRO OPEN;TELEFONIA
17827019;;F;31;CHILENO;;Millenial;VILLARICA                     ;ARAUCANIA;239990;1;1;0;0;0;1;1;239990;CELULAR SAMSUN A52 128GB NEGRO WOM;TELEFONIA
6436507;Soltero;M;72;CHILENO;;Silencioso;RENCA                         ;METROPOLITANA;129990;1;1;0;0;0;1;1;129990;CELULAR VIVO Y20 BLACK 64GB MOVISTAR;TELEFONIA
13807755;;M;42;CHILENO;;X;PROVIDENCIA                   ;METROPOLITANA;69990;1;1;0;0;0;1;1;69990;CELULAR XIAOMI REDMI 9A 2/32GB GRANITE GRAY;TELEFONIA
11627717;;F;52;CHILENO;;X;BUIN                          ;METROPOLITANA;110000;3;1;0;0;0;3;1;110000;CELULAR VIVO Y01 AZUL ZAFIRO OPEN;TELEFONIA
12413020;;M;49;CHILENO;;X;SAN FERNANDO                  ;L.G.B.OÂ´HIGGINS;990;3;1;0;0;0;3;1;990;CHIP OPEN ENTEL;TELEFONIA
16060053;;F;36;CHILENO;;Millenial;ILLAPEL                       ;COQUIMBO;535960;4;4;1;1;279990;3;3;255970;CELULAR GALAXY A53 5G 6+128GB ORANGE;TELEFONIA
17854801;Soltero;F;30;CHILENO;;Millenial;PROVIDENCIA                   ;METROPOLITANA;38980;2;1;2;1;38980;0;0;0;CELULAR NOKIA 225 4G BLACK TRI ENTEL;TELEFONIA
18986923;;M;27;CHILENO;;Millenial;CURANILAHUE                   ;BIO BIO;245530;3;2;0;0;0;3;2;245530;CELULAR REDMI 9C 64GB SUNRISE ORANGE;TELEFONIA
21373505;;M;53;PERUANO;;Extranjero;RECOLETA                      ;METROPOLITANA;248760;3;2;0;0;0;3;2;248760;CELULAR GALAXY A13 4+128GB LIGHT BLUE OPEN;TELEFONIA
14667851;;F;47;CHILENO;;Extranjero;ARICA                         ;ARICA Y PARINACOTA;521778;10;4;3;2;359970;7;2;161808;CELULAR SAMSUN A52 128GB NEGRO WOM;TELEFONIA
16292120;;M;36;CHILENO;;Millenial;N/D;N/D;287817;3;2;0;0;0;3;2;287817;CELULAR REDMI NOTE 10 5G 4/128GB GRAPHITE GRAY O;TELEFONIA
10588586;;F;57;CHILENO;;Boomers;MAFIL                         ;LOS LAGOS;148530;4;1;0;0;0;4;1;148530;CELULAR VIVO Y01 AZUL ZAFIRO OPEN;TELEFONIA
5196099;;F;77;CHILENO;;Silencioso;SALAMANCA                     ;COQUIMBO;62000;2;1;0;0;0;2;1;62000;CELULAR NOKIA 225 4G BLACK MOVISTAR DIRECTO;TELEFONIA
12025450;;M;46;CHILENO;;X;CONCEPCION                    ;BIO BIO;258120;2;1;0;0;0;2;1;258120;CELULAR A32 128 GB BLUE OPEN;TELEFONIA
19031120;;M;27;CHILENO;;Z;N/D;N/D;20980;2;1;2;1;20980;0;0;0;Mi Router 4A Giga Version Xiaomi;TELEFONIA
12370657;;M;48;CHILENO;;X;RENCA                         ;METROPOLITANA;173980;2;1;2;1;173980;0;0;0;CELULAR REDMI NOTE 10S 128GB PEBBLE WHITE;TELEFONIA
15147709;;M;40;CHILENO;;X;VILLA ALEGRE                  ;MAULE;167230;3;2;0;0;0;3;2;167230;CELULAR XIAOMI REDMI 9A 32GB VERDE CLARO;TELEFONIA
18099351;Soltero;M;30;CHILENO;;Millenial;PROVIDENCIA                   ;METROPOLITANA;219990;1;1;1;1;219990;0;0;0;CELULAR SAMSUNG A52s 128GB BLACK CLARO;TELEFONIA
16026731;;M;37;CHILENO;;Millenial;LOS ANDES                     ;VALPARAISO;830920;7;3;7;3;830920;0;0;0;CELULAR A52 128 GB BLACK OPEN;TELEFONIA
19934543;;F;24;CHILENO;;Z;PUERTO MONTT;LOS LAGOS;188980;2;1;2;1;188980;0;0;0;CELULAR MOTO G60 4/128 GB NEGRO OPEN;TELEFONIA
17363674;;F;32;CHILENO;;Millenial;IQUIQUE                       ;TARAPACA;169990;1;1;0;0;0;1;1;169990;CELULAR REDMI NOTE 10 5G 4/128GB GRAPHITE GRAY O;TELEFONIA
17568501;;F;31;CHILENO;;Millenial;PROVIDENCIA                   ;METROPOLITANA;199990;1;1;1;1;199990;0;0;0;CELULAR REDMI NOTE 11 PRO 128GB WHITE;TELEFONIA
8134598;Casado;F;63;CHILENO;;Boomers;RENCA                         ;METROPOLITANA;74276;2;1;0;0;0;2;1;74276;CELULAR VIVO Y15S WAVE GREEN OPEN;TELEFONIA
13791362;;F;42;CHILENO;;X;N/D;N/D;429980;2;2;0;0;0;2;2;429980;CELULAR A32 128 GB LIGHT VIOLET OPEN;TELEFONIA
9087946;;M;58;CHILENO;;Boomers;VALLENAR;ATACAMA;149990;1;1;0;0;0;1;1;149990;CELULAR GALAXY A22 5G 4+128GB GRAY;TELEFONIA
12760020;;F;46;CHILENO;;X;QUEMCHI                       ;LOS LAGOS;99990;1;1;0;0;0;1;1;99990;CELULAR VIVO Y01 AZUL ZAFIRO OPEN;TELEFONIA
14107235;;M;41;CHILENO;;X;"";"";180960;4;2;2;1;179980;2;1;980;CELULAR VIVO Y11S NEBULA BLUE 32GB OPEN;TELEFONIA
16590335;Soltero;M;34;CHILENO;PSICOLOGO;Millenial;PROVIDENCIA                   ;METROPOLITANA;69990;2;1;0;0;0;2;1;69990;CELULAR MOTOROLA G30 GRIS WOM 128 GB;TELEFONIA
15724652;;F;38;CHILENO;;X;ARICA                         ;TARAPACA;179990;1;1;0;0;0;1;1;179990;CELULAR MOTO G60 4/128 GB SILVER OPEN;TELEFONIA
11854446;;F;53;CHILENO;;X;PUDAHUEL                      ;METROPOLITANA;586240;6;3;0;0;0;6;3;586240;CELULAR SMARTPHONE A52S 5G BLACK 128GB;TELEFONIA
20744033;;M;21;CHILENO;;Z;PROVIDENCIA                   ;METROPOLITANA;259990;1;1;1;1;259990;0;0;0;CELULAR GALAXY A53 5G 6+128GB BLUE;TELEFONIA
12973567;;F;46;CHILENO;;X;"";"";199990;1;1;1;1;199990;0;0;0;CELULAR REDMI NOTE 11 PRO 128GB GRAPHITE;TELEFONIA
12947560;;M;46;CHILENO;;X;LA LIGUA                      ;VALPARAISO;189990;2;1;0;0;0;2;1;189990;CELULAR GALAXY A22 5G 4+128GB GRAY;TELEFONIA
12188261;;F;51;CHILENO;;X;CURANILAHUE                   ;BIO BIO;267970;3;3;0;0;0;3;3;267970;CELULAR SAMSUNG A03 64GB NEGRO WOM;TELEFONIA
19336220;;M;25;CHILENO;;Z;CHIGUAYANTE                   ;BIO BIO;465830;3;2;3;2;465830;0;0;0;CELULAR SAMSUN A52 128GB NEGRO WOM;TELEFONIA
14138584;;M;41;CHILENO;;X;LOS ANGELES                   ;BIO BIO;189990;1;1;0;0;0;1;1;189990;CELULAR GALAXY A22 5G 4+128GB GRAY;TELEFONIA
20501576;;F;22;CHILENO;;Z;N/D;N/D;258120;2;1;0;0;0;2;1;258120;CELULAR A52 128 GB LIGHT VIOLET OPEN;TELEFONIA
18895668;;F;28;CHILENO;;Millenial;LONCOCHE;ARAUCANIA;582970;3;1;3;1;582970;0;0;0;CELULAR GALAXY A73 5G 256GB GRAY OPEN;TELEFONIA
4714534;;F;87;CHILENO;;Silencioso;N/D;N/D;908100;4;3;0;0;0;4;3;908100;CELULAR POCO M4 PRO 128GB COOL BLUE OPEN;TELEFONIA
19702334;;F;24;CHILENO;;Z;PROVIDENCIA                   ;METROPOLITANA;644560;13;4;0;0;0;13;4;644560;CELULAR HUAWEI NOVA 9 BLACK + FREEBUDS 4;TELEFONIA
14042035;;F;41;CHILENO;;X;PUERTO MONTT                  ;LOS LAGOS;50810;3;1;0;0;0;3;1;50810;CELULAR BMOBILE BS30 BLACK OPEN;TELEFONIA
13000315;;F;46;CHILENO;;X;SAN CARLOS                    ;BIO BIO;319980;2;1;0;0;0;2;1;319980;CELULAR VIVO Y21S 128GB BLANCO WOM;TELEFONIA
8727741;;F;63;CHILENO;;Boomers;ARICA                         ;ARICA Y PARINACOTA;159990;2;1;0;0;0;2;1;159990;CELULAR MOTO G60 4/128 GB SILVER OPEN;TELEFONIA
17825117;Soltero;F;31;CHILENO;TECNICO LABORATORISTA DENTAL;Millenial;PROVIDENCIA                   ;METROPOLITANA;388970;3;2;2;1;148980;1;1;239990;CELULAR REDMI NOTE 11 PRO 128GB GRAPHITE;TELEFONIA
13018582;;F;45;CHILENO;;X;LA SERENA                     ;COQUIMBO;189990;1;1;0;0;0;1;1;189990;CELULAR A32 128 GB BLACK OPEN;TELEFONIA
10775849;Casado;M;47;CHILENO;;X;RENCA                         ;METROPOLITANA;39990;2;1;0;0;0;2;1;39990;CELULAR GALAXY A03 4+64GB BLACK OPEN;TELEFONIA
18961050;Soltero;F;27;CHILENO;FONOAUDIOLOGA;Z;PROVIDENCIA                   ;METROPOLITANA;168980;2;2;0;0;0;2;2;168980;CELULAR REDMI 10C EU 4GB+128GB GRAPHITE GRAY OPE;TELEFONIA
15314829;;M;39;CHILENO;;X;PROVIDENCIA                   ;METROPOLITANA;233980;2;1;2;1;233980;0;0;0;CELULAR SAMSUNG A52s 128GB BLACK CLARO;TELEFONIA
17592887;Soltero;F;31;CHILENO;ENFERMERA;Millenial;LOS ANGELES                   ;BIO BIO;239990;1;1;0;0;0;1;1;239990;CELUALAR REDMI NOTE 11 PRO US 6GB+128GB STAR BLU;TELEFONIA
27107936;;F;40;COLOMBIANO;;Extranjero;SANTIAGO;METROPOLITANA;243980;2;1;2;1;243980;0;0;0;CELULAR POCO X4 PRO 5G EU 8GB+256GB POCO YELLOW;TELEFONIA
26751726;;M;25;VENEZOLANO;;Extranjero;N/D;N/D;367950;5;3;5;3;367950;0;0;0;CELULAR REDMI NOTE 10 5G 4/128GB GRAPHITE GRAY O;TELEFONIA
17080093;;F;33;CHILENO;;Millenial;PROVIDENCIA                   ;METROPOLITANA;146980;2;1;2;1;146980;0;0;0;CELULAR A32 128 GB BLACK OPEN;TELEFONIA
11172941;;F;54;CHILENO;;Boomers;PERALILLO                     ;L.G.B.OÂ´HIGGINS;351329;6;2;0;0;0;6;2;351329;CELULAR SAMSUNG A52s 128GB BLACK CLARO;TELEFONIA
17906009;;M;31;CHILENO;;Millenial;SAN BERNARDO                  ;METROPOLITANA;483399;4;2;0;0;0;4;2;483399;CELULAR VIVO Y53S FANTASTIC RAINBOW 128GB OPEN;TELEFONIA
13556393;;M;43;CHILENO;;X;PROVIDENCIA                   ;METROPOLITANA;203980;2;1;2;1;203980;0;0;0;CELULAR REDMI NOTE 11 PRO 128GB GRAPHITE;TELEFONIA
12946308;;F;46;CHILENO;;X;ILLAPEL                       ;COQUIMBO;138200;2;1;0;0;0;2;1;138200;CELULAR Moto E7 Rosado WOM;TELEFONIA
5571564;Soltero;F;73;CHILENO;;Silencioso;PROVIDENCIA                   ;METROPOLITANA;148770;3;1;0;0;0;3;1;148770;CELULAR GALAXY A03 4+64GB BLACK OPEN;TELEFONIA
7357436;;F;68;CHILENO;;Silencioso;PROVIDENCIA                   ;METROPOLITANA;130380;2;1;0;0;0;2;1;130380;CELULAR VIVO Y01 AZUL ZAFIRO OPEN;TELEFONIA
16213427;;M;35;CHILENO;;Millenial;COIHAIQUE                     ;AYSEN;238120;2;1;0;0;0;2;1;238120;CELULAR VIVO Y21S 128GB BLANCO WOM;TELEFONIA
20052355;;M;23;CHILENO;;Silencioso;PROVIDENCIA                   ;METROPOLITANA;179990;1;1;1;1;179990;0;0;0;CELULAR REDMI NOTE 10S 128GB OCEAN BLUE;TELEFONIA
18725839;Soltero;M;28;CHILENO;;Millenial;PROVIDENCIA                   ;METROPOLITANA;130380;2;1;0;0;0;2;1;130380;CELULAR GALAXY A03 4+64GB BLACK OPEN;TELEFONIA
12115315;;F;41;CHILENO;;X;PROVIDENCIA                   ;METROPOLITANA;219990;1;1;1;1;219990;0;0;0;CELULAR REDMI NOTE 10 PRO 6+128GB GRADIENT BRONZ;TELEFONIA
17695986;;M;31;CHILENO;;Millenial;CHILLAN                       ;BIO BIO;130380;2;1;0;0;0;2;1;130380;SMARTPHONE A03s 64 GB Red DS;TELEFONIA
19708438;;M;24;CHILENO;;Z;N/D;N/D;550730;6;4;0;0;0;6;4;550730;CELULAR GALAXY A13 4+128GB LIGHT BLUE OPEN;TELEFONIA
17191483;Soltero;F;33;CHILENO;EDUCADOR DE PARVULO;Millenial;"";"";213980;2;1;2;1;213980;0;0;0;CELULAR REDMI NOTE 11 PRO 128GB GRAPHITE;TELEFONIA
7675931;;F;64;CHILENO;;Boomers;N/D;N/D;130380;2;1;0;0;0;2;1;130380;CELULAR REDMI 10A US 32GB CHROME SILVER OPEN;TELEFONIA
16101094;;M;29;CHILENO;;Millenial;PROVIDENCIA                   ;METROPOLITANA;143970;3;1;3;1;143970;0;0;0;CELULAR XIAOMI REDMI 9A SE 2/32GB GB PEACOCK GRE;TELEFONIA
10115031;;F;57;CHILENO;;Boomers;SAN PEDRO DE LA PAZ           ;BIO BIO;104860;7;2;0;0;0;7;2;104860;CELULAR BMOBILE SENIORPHONE C40 GRIS WOM;TELEFONIA
13347055;;F;44;CHILENO;;X;MAIPU                         ;METROPOLITANA;1001920;10;7;0;0;0;10;7;1001920;CELULAR XIAOMI REDMI 9A 32GB BLACK DIRECTO CLARO;TELEFONIA
13307977;;F;45;CHILENO;;X;QUINCHAO                      ;LOS LAGOS;882960;4;3;0;0;0;4;3;882960;CELULAR SAMSUNG S21 FE 128GB GRAY OPEN;TELEFONIA
12206967;;F;50;CHILENO;;X;CONSTITUCION                  ;MAULE;159990;1;1;0;0;0;1;1;159990;CELULAR A32 128 GB BLACK OPEN;TELEFONIA
17824193;;F;30;CHILENO;;Millenial;RENCA                         ;METROPOLITANA;259990;1;1;1;1;259990;0;0;0;CELULAR GALAXY A53 5G 6+128GB BLUE;TELEFONIA
14335922;;F;45;CHILENO;;X;LAS CABRAS                    ;L.G.B.OÂ´HIGGINS;428970;3;3;1;1;169990;2;2;258980;CELULAR A52 128 GB BLUE OPEN;TELEFONIA
17180191;;M;33;CHILENO;;Millenial;N/D;N/D;948930;7;4;3;1;211970;4;3;736960;CELULAR REDMI NOTE 10 5G 4/128GB GRAPHITE GRAY O;TELEFONIA
16927379;;M;33;CHILENO;;Millenial;PROVIDENCIA                   ;METROPOLITANA;69990;1;1;0;0;0;1;1;69990;CELULAR XIAOMI REDMI 9A 32GB VERDE CLARO;TELEFONIA
16165864;;M;36;CHILENO;;Millenial;SANTA CRUZ                    ;L.G.B.OÂ´HIGGINS;469980;2;2;0;0;0;2;2;469980;CELULAR VIVO Y21S 128GB BLANCO WOM;TELEFONIA
11672779;;M;51;CHILENO;;X;PROVIDENCIA                   ;METROPOLITANA;39990;1;1;0;0;0;1;1;39990;CELULAR BMOBILE C40 CRIS OPEN;TELEFONIA
25400086;;M;23;CHILENO;;Extranjero;N/D;N/D;553980;2;1;2;1;553980;0;0;0;CELULAR IPHONE 12 64GB BLACK CLARO;TELEFONIA
12573724;;M;51;CHILENO;;X;RENCA                         ;METROPOLITANA;174620;2;1;0;0;0;2;1;174620;CELULAR VIVO Y01 AZUL ZAFIRO OPEN;TELEFONIA
11173791;;M;55;CHILENO;;Boomers;CONSTITUCION                  ;MAULE;335470;3;2;2;1;175480;1;1;159990;CELULAR A32 128 GB BLACK OPEN;TELEFONIA
12468907;;M;49;CHILENO;;X;RENCA                         ;METROPOLITANA;199980;2;4;1;3;139990;1;1;59990;CELULAR MOTOROLA G20 EDICION ESPECIAL VERDE CLAR;TELEFONIA
12418513;;F;49;CHILENO;;X;TENO                          ;MAULE;259990;1;1;1;1;259990;0;0;0;CELULAR GALAXY A53 5G 6+128GB BLACK;TELEFONIA
19413935;;F;25;CHILENO;;Z;PROVIDENCIA                   ;METROPOLITANA;9990;2;1;0;0;0;2;1;9990;CELULAR BMOBILE BS30 BLACK OPEN;TELEFONIA
13612852;;F;42;CHILENO;;X;N/D;N/D;1010030;7;3;0;0;0;7;3;1010030;CELULAR Moto G20 Rosado WOM;TELEFONIA
12803454;;M;47;CHILENO;;X;VALLENAR;ATACAMA;79990;2;1;0;0;0;2;1;79990;SMARTPHONE A03S 64 GB NEGRO;TELEFONIA
6818961;;F;72;CHILENO;;Silencioso;VILLARICA                     ;ARAUCANIA;645960;5;2;0;0;0;5;2;645960;CELULAR POCO X4 PRO 5G 128GB LASER BLUE OPEN;TELEFONIA
18434506;Soltero;M;29;CHILENO;;Millenial;PROVIDENCIA                   ;METROPOLITANA;288970;3;2;3;2;288970;0;0;0;CELULAR A32 128 GB BLUE OPEN;TELEFONIA
13393516;;F;44;CHILENO;;X;ARAUCO                        ;BIO BIO;440200;6;4;0;0;0;6;4;440200;CELULAR A52 128 GB WHITE OPEN;TELEFONIA
11989733;;M;49;CHILENO;;X;CARAHUE                       ;ARAUCANIA;547970;5;2;0;0;0;5;2;547970;CELULAR A54 OPPO AZUL 128GB;TELEFONIA
8898359;;M;61;CHILENO;;Boomers;MALLOA                        ;L.G.B.OÂ´HIGGINS;534971;5;4;0;0;0;5;4;534971;CELULAR SAMSUNG A23 128GB BLACK CLARO;TELEFONIA
5835568;;M;75;CHILENO;;Silencioso;RENCA                         ;METROPOLITANA;180070;4;2;0;0;0;4;2;180070;CELULAR VIVO Y01 AZUL ZAFIRO OPEN;TELEFONIA
18937505;;F;27;CHILENO;;Millenial;PROVIDENCIA                   ;METROPOLITANA;283960;4;2;4;2;283960;0;0;0;CELULAR REDMI NOTE 10 5G 4/128GB GRAPHITE GRAY O;TELEFONIA
18321871;Soltero;M;29;CHILENO;;Millenial;PROVIDENCIA                   ;METROPOLITANA;549990;1;1;1;1;549990;0;0;0;CELULAR IPHONE 12 64GB BLACK CLARO;TELEFONIA
18043266;;F;29;CHILENO;;Millenial;N/D;N/D;119990;2;1;0;0;0;2;1;119990;CELULAR GALAXY A03 4+64GB BLUE OPEN;TELEFONIA
5414990;;M;77;CHILENO;;Silencioso;PROVIDENCIA                   ;METROPOLITANA;54410;2;1;0;0;0;2;1;54410;CELULAR BMOBILE C40 CRIS OPEN;TELEFONIA
17386142;;F;32;CHILENO;;Millenial;"";"";286012;5;2;0;0;0;5;2;286012;CELULAR VIVO Y15S WAVE GREEN OPEN;TELEFONIA
9648404;;F;58;CHILENO;;Boomers;LOS ANDES                     ;VALPARAISO;34990;1;1;0;0;0;1;1;34990;CELULAR NOKIA QUEEN VALUE BLACK CLARO;TELEFONIA
11819261;Casado;M;51;CHILENO;;X;LOS ANGELES                   ;BIO BIO;159990;1;1;0;0;0;1;1;159990;CELULAR VIVO Y20S NEBULA 128 GB BLUE OPEN;TELEFONIA
15302370;;M;39;CHILENO;;X;CASTRO                        ;LOS LAGOS;189990;1;1;0;0;0;1;1;189990;CELULAR MOTO G31 4/128 GB GRIS METEORITO OPEN;TELEFONIA
17967849;Soltero;M;30;CHILENO;REFRIGERACION;Millenial;CAUQUENES                     ;MAULE;199990;2;1;0;0;0;2;1;199990;CELULAR A52 128 GB BLUE OPEN;TELEFONIA
10906875;;M;55;CHILENO;;Boomers;N/D;N/D;1940070;13;7;0;0;0;13;7;1940070;CELULAR XIAOMI 11T PRO 8/256GB CELESTIAL BLUE OP;TELEFONIA
13715764;;F;42;CHILENO;;X;PUENTE ALTO                   ;METROPOLITANA;289970;4;3;0;0;0;4;3;289970;CELULAR 11 LITE 5G NE 8/128GB PEACH PINK OPEN;TELEFONIA
14094626;;M;47;CHILENO;;Silencioso;NUEVA IMPERIAL                ;ARAUCANIA;1390930;8;4;0;0;0;8;4;1390930;CELULAR A12 128GB Negro OPEN;TELEFONIA
10115802;;M;55;CHILENO;;Boomers;COIHAIQUE                     ;AYSEN;199990;1;1;0;0;0;1;1;199990;CELULAR A52 128 GB WHITE OPEN;TELEFONIA
9196401;;M;59;CHILENO;;Boomers;PROVIDENCIA                   ;METROPOLITANA;254980;2;2;0;0;0;2;2;254980;CELULAR VIVO Y20 BLACK 64GB MOVISTAR;TELEFONIA
16181189;;M;37;CHILENO;;Millenial;PROVIDENCIA                   ;METROPOLITANA;869990;2;1;2;1;869990;0;0;0;CELULAR GALAXY S22 ULTRA WHITE 128GB;TELEFONIA
25959500;;M;34;CHILENO;;Extranjero;N/D;N/D;299990;1;1;0;0;0;1;1;299990;CELULAR SAMSUNG A52s 128GB BLACK CLARO;TELEFONIA
20968072;;M;20;CHILENO;;Z;MONTE PATRIA                  ;COQUIMBO;329980;3;2;0;0;0;3;2;329980;CELULAR SMARTPHONE A52S 5G BLACK 128GB;TELEFONIA
9376718;;F;59;CHILENO;;Boomers;HUASCO                        ;ATACAMA;284980;3;2;0;0;0;3;2;284980;CELULAR A32 128 GB BLACK OPEN;TELEFONIA
18558856;;F;28;CHILENO;;Millenial;N/D;N/D;100000;2;1;0;0;0;2;1;100000;CELULAR VIVO Y01 AZUL ZAFIRO OPEN;TELEFONIA
18138140;;F;30;CHILENO;;Millenial;"";"";149990;1;1;1;1;149990;0;0;0;CELULAR REDMI NOTE 11 4/128GB GRAPHITE GRAY OPEN;TELEFONIA
14217328;;F;41;CHILENO;;X;NUEVA IMPERIAL                ;ARAUCANIA;1063930;9;6;0;0;0;9;6;1063930;CELULAR A32 128 GB LIGHT VIOLET OPEN;TELEFONIA
27407585;;M;30;"";;Extranjero;"";"";849990;3;1;3;1;849990;0;0;0;CELULAR XIAOMI 12 PRO 5G 8GB+256GB PURPLE BUNDLE;TELEFONIA
26561190;;F;28;CHILENO;;Extranjero;PROVIDENCIA                   ;METROPOLITANA;153980;2;1;2;1;153980;0;0;0;CELULAR REDMI NOTE 11 4/128GB TWILIGHT BLUE OPEN;TELEFONIA
7549146;;M;64;CHILENO;;Boomers;PUERTO MONTT                  ;LOS LAGOS;245000;4;2;0;0;0;4;2;245000;SMARTPHONE A22 BLANCO 128GB;TELEFONIA
15062234;;M;40;CHILENO;;X;LA CRUZ                       ;VALPARAISO;548970;3;2;0;0;0;3;2;548970;CELULAR VIVO V21 5G DUSK BLUE 128GB OPEN;TELEFONIA
15811587;;M;37;CHILENO;;Millenial;PROVIDENCIA                   ;METROPOLITANA;96780;2;1;0;0;0;2;1;96780;CELULAR GALAXY A03 CORE 2GB 32GB BLACK OPEN;TELEFONIA
19094139;;F;27;CHILENO;;Z;MAIPU                         ;METROPOLITANA;259990;1;1;1;1;259990;0;0;0;CELULAR GALAXY A53 5G 6+128GB BLUE;TELEFONIA
10854622;;M;55;CHILENO;;Boomers;RENCA                         ;METROPOLITANA;179990;2;1;0;0;0;2;1;179990;CELULAR A32 128 GB BLACK OPEN;TELEFONIA
13485907;;M;44;CHILENO;;X;COLINA                        ;METROPOLITANA;0;1;2;0;0;0;1;2;0;CELULAR MOTO G60 4/128 GB SILVER OPEN;TELEFONIA
20563865;;M;21;CHILENO;;Z;PROVIDENCIA                   ;METROPOLITANA;989010;8;4;2;1;260980;6;3;728030;CELULAR POCO X3 PRO 128G PHANTOM BLACK OPEN;TELEFONIA
12330739;;M;49;CHILENO;;Extranjero;PUREN                         ;ARAUCANIA;109990;2;1;0;0;0;2;1;109990;SMARTPHONE A03S NEGRO 32GB;TELEFONIA
19898554;;M;24;CHILENO;;Z;N/D;N/D;119990;1;1;1;1;119990;0;0;0;CELULAR MOTOROLA E30 GRIS CLARO;TELEFONIA
19713928;;F;24;CHILENO;;Z;PROVIDENCIA                   ;METROPOLITANA;119990;1;1;0;0;0;1;1;119990;CELULAR MOTOROLA E30 GRIS CLARO;TELEFONIA
9758248;;M;59;CHILENO;;Boomers;SAN VICENTE                   ;L.G.B.OÂ´HIGGINS;239980;3;2;0;0;0;3;2;239980;CELULAR A52 128 GB BLUE OPEN;TELEFONIA
11779921;;F;52;CHILENO;;X;PROVIDENCIA                   ;METROPOLITANA;55620;2;1;0;0;0;2;1;55620;Celular SA3 CLARO DIRECTO BLACK;TELEFONIA
17519592;;F;32;CHILENO;;Millenial;EL MONTE;METROPOLITANA;303950;6;3;3;2;239980;3;1;63970;CELULAR A52 128 GB BLACK OPEN;TELEFONIA
19757548;;F;24;CHILENO;;Z;N/D;N/D;514970;3;2;0;0;0;3;2;514970;CELULAR SMARTPHONE A52S 5G LIGHT VIOLET 128GB;TELEFONIA
19704519;;F;25;CHILENO;;Z;PROVIDENCIA                   ;METROPOLITANA;169990;1;1;1;1;169990;0;0;0;CELULAR REDMI NOTE 11 4/128GB TWILIGHT BLUE OPEN;TELEFONIA
14278828;;F;48;CHILENO;;X;SAN CARLOS                    ;BIO BIO;401711;4;3;0;0;0;4;3;401711;CELULAR MOTO E7 32GB GRIS OPEN;TELEFONIA
9347761;;F;59;CHILENO;;Boomers;PROVIDENCIA                   ;METROPOLITANA;149990;1;1;1;1;149990;0;0;0;CELULAR GALAXY A22 5G 4+128GB GRAY;TELEFONIA
10035426;;F;50;CHILENO;;X;TEMUCO                        ;ARAUCANIA;277970;3;2;2;1;259980;1;1;17990;CELULAR Moto G20 Blue WOM;TELEFONIA
26246600;;F;32;VENEZOLANO;;Extranjero;N/D;N/D;69990;1;1;0;0;0;1;1;69990;CELULAR GALAXY A03 CORE 2GB 32GB BLACK OPEN;TELEFONIA
18060377;Soltero;F;30;CHILENO;;Millenial;TEMUCO;ARAUCANIA;60970;3;2;1;1;59990;2;1;980;CHIP OPEN ENTEL;TELEFONIA
20376004;;F;21;CHILENO;;Z;PROVIDENCIA                   ;METROPOLITANA;199990;1;1;1;1;199990;0;0;0;CELULAR REDMI NOTE 11 PRO 128GB GRAPHITE;TELEFONIA
14331427;;M;45;CHILENO;;X;PROVIDENCIA                   ;METROPOLITANA;24990;3;1;0;0;0;3;1;24990;CELULAR BMOBILE C40 CRIS OPEN;TELEFONIA
8703153;;F;66;CHILENO;;Boomers;PROVIDENCIA                   ;METROPOLITANA;50900;4;1;0;0;0;4;1;50900;CELULAR BMOBILE BS30 BLACK OPEN;TELEFONIA
20258431;;F;22;CHILENO;;Z;N/D;N/D;607980;2;1;2;1;607980;0;0;0;CELULAR IPHONE 12 64GB BLACK CLARO;TELEFONIA
12914947;;M;46;CHILENO;;X;DONIHUE                       ;L.G.B.OÂ´HIGGINS;89990;1;1;0;0;0;1;1;89990;CELULAR REDMI 9C 64GB MIDNIGHT GRAY MOVISTAR;TELEFONIA
12174793;;F;55;CHILENO;;Boomers;PROVIDENCIA                   ;METROPOLITANA;122990;3;1;0;0;0;3;1;122990;CELULAR VIVO Y01 AZUL ZAFIRO OPEN;TELEFONIA
19293203;Soltero;M;26;CHILENO;;Z;PROVIDENCIA                   ;METROPOLITANA;1008980;2;1;2;1;1008980;0;0;0;CELULAR IPHONE 13 PRO 256GB GRAFITO CLARO;TELEFONIA
6919603;;F;70;CHILENO;;Silencioso;GORBEA                        ;ARAUCANIA;206990;3;1;0;0;0;3;1;206990;CELULAR MOTO G60 4/128 GB SILVER OPEN;TELEFONIA
16613709;;M;34;CHILENO;;Millenial;SALAMANCA                     ;COQUIMBO;563940;6;2;0;0;0;6;2;563940;CELULAR REDMI NOTE 10 5G US 128G NIGHTTIME BLUE;TELEFONIA
19719264;;M;24;CHILENO;;Millenial;"";"";186980;2;2;2;2;186980;0;0;0;CELULAR A52 128 GB BLUE OPEN;TELEFONIA
15715205;;F;38;CHILENO;;X;"";"";463970;4;2;4;2;463970;0;0;0;CELULAR A32 128 GB BLUE OPEN;TELEFONIA
10504237;;M;56;CHILENO;;Boomers;PROVIDENCIA                   ;METROPOLITANA;35990;1;1;0;0;0;1;1;35990;CELULAR BMOBILE BS30 BLACK OPEN;TELEFONIA
16524715;;M;34;CHILENO;;Millenial;QUIRIHUE                      ;BIO BIO;460950;5;3;0;0;0;5;3;460950;CELULAR REDMI 9C 64GB MIDNIGHT GRAY MOVISTAR;TELEFONIA
12096198;;M;54;CHILENO;;X;PROVIDENCIA                   ;METROPOLITANA;247260;4;2;0;0;0;4;2;247260;CELULAR A22 128GB NEGRO;TELEFONIA
16225482;;F;39;CHILENO;;X;N/D;N/D;988140;9;4;5;2;455510;4;2;532630;CELULAR VIVO V21 5G 128GB SUNSET DAZZLE OPEN;TELEFONIA
15824751;;F;37;CHILENO;;Millenial;LA PINTANA                    ;METROPOLITANA;109990;1;1;0;0;0;1;1;109990;CELULAR GALAXY A03 4+64GB BLACK OPEN;TELEFONIA
15714476;;F;38;CHILENO;;X;N/D;N/D;39990;1;1;0;0;0;1;1;39990;CELULAR BMOBILE C40 CRIS OPEN;TELEFONIA
7775661;;M;65;CHILENO;;Boomers;LA GRANJA                     ;METROPOLITANA;539960;4;3;0;0;0;4;3;539960;CELULAR SAMSUNG GALAXY A03 CORE AZUL WOM;TELEFONIA
15082148;;M;40;CHILENO;;X;QUILPUE                       ;VALPARAISO;49980;2;1;0;0;0;2;1;49980;CELULAR ALCATEL P1 DIRECTO CLARO BLACK;TELEFONIA
17257664;;F;32;CHILENO;;Millenial;MACUL;METROPOLITANA;269980;2;1;2;1;269980;0;0;0;CELULAR GALAXY A53 5G 6+128GB BLUE;TELEFONIA
17203512;Soltero;M;32;CHILENO;;Millenial;PROVIDENCIA                   ;METROPOLITANA;249990;1;1;1;1;249990;0;0;0;CELULAR SMARTPHONE A52S 5G BLACK 128GB;TELEFONIA
19601886;;M;25;CHILENO;;Z;N/D;N/D;170000;2;1;0;0;0;2;1;170000;CELULAR REDMI NOTE 11 4/128GB GRAPHITE GRAY OPEN;TELEFONIA
17228794;;M;32;CHILENO;;Millenial;SAN BERNARDO                  ;METROPOLITANA;393980;2;1;2;1;393980;0;0;0;CELULAR XIAOMI 11T PRO 8/256GB MOON WHITE;TELEFONIA
15354625;Soltero;F;39;CHILENO;TECNICO EN ADMINISTRACION DE EMPRESAS;X;NUNOA;METROPOLITANA;149990;1;1;1;1;149990;0;0;0;CELULAR REDMI NOTE 10 5G 4/128GB GRAPHITE GRAY O;TELEFONIA
18318493;;F;29;CHILENO;;Extranjero;ANGOL                         ;ARAUCANIA;169990;1;1;1;1;169990;0;0;0;CELULAR REDMI NOTE 11 4/128GB GRAPHITE GRAY OPEN;TELEFONIA
18904178;Soltero;M;27;CHILENO;TECNICO DE NIVEL MEDIO EN ALIMENTACION;Millenial;PROVIDENCIA                   ;METROPOLITANA;163980;2;1;2;1;163980;0;0;0;CELULAR REDMI NOTE 10 5G 4/128GB GRAPHITE GRAY O;TELEFONIA
6791002;;F;77;CHILENO;;Silencioso;CURANILAHUE                   ;BIO BIO;279980;2;1;0;0;0;2;1;279980;CELULAR MOTO G20 EDICION ESPECIAL 4/128 GB VERDE;TELEFONIA
6504165;;M;66;CHILENO;;Boomers;N/D;N/D;183100;4;3;0;0;0;4;3;183100;CELULAR GALAXY A03 4+128GB BLACK OPEN;TELEFONIA
8582774;Casado;M;63;CHILENO;INGENIERO AGRICOLA;Boomers;MELIPILLA                     ;METROPOLITANA;122980;2;1;0;0;0;2;1;122980;CELULAR XIAOMI REDMI 9A SE 2/32GB GB PEACOCK GRE;TELEFONIA
5063162;;M;77;CHILENO;;Silencioso;CORONEL                       ;BIO BIO;557720;7;4;0;0;0;7;4;557720;CELULAR NOKIA 225 4G BLACK MOVISTAR DIRECTO;TELEFONIA
12457194;Casado;M;49;CHILENO;;X;RENCA                         ;METROPOLITANA;156980;2;1;2;1;156980;0;0;0;CELULAR GALAXY A22 5G 4+128GB GRAY;TELEFONIA
14904353;;F;40;CHILENO;;X;LA SERENA                     ;COQUIMBO;787420;9;5;3;1;511460;6;4;275960;CELULAR MOTO G60S 6/128 GB AZUL;TELEFONIA
7932471;;F;64;CHILENO;;Boomers;PAPUDO                        ;VALPARAISO;301960;4;5;0;0;0;4;5;301960;CELULAR NOKIA 225 4G BLACK TRI ENTEL;TELEFONIA
5855213;;M;79;CHILENO;;Silencioso;RENCA                         ;METROPOLITANA;44990;1;1;0;0;0;1;1;44990;CELULAR BMOBILE C40 CRIS OPEN;TELEFONIA
25604142;;M;51;HAITIANO;;Extranjero;N/D;N/D;134980;2;2;0;0;0;2;2;134980;CELULAR SAMSUNG GALAXY A03 CORE AZUL WOM;TELEFONIA
15773973;;F;37;CHILENO;;Millenial;SAN CLEMENTE                  ;MAULE;642890;12;5;12;5;642890;0;0;0;CELULAR SMARTPHONE A52S 5G LIGHT GREEN 128GB;TELEFONIA
16720025;;F;34;CHILENO;;Millenial;PUENTE ALTO                   ;METROPOLITANA;159990;1;1;1;1;159990;0;0;0;CELULAR REDMI NOTE 11 4/128GB GRAPHITE GRAY OPEN;TELEFONIA
7308598;;M;68;CHILENO;;Silencioso;SAN ANTONIO                   ;VALPARAISO;24990;1;1;0;0;0;1;1;24990;CELULAR ALCATEL P1 DIRECTO CLARO BLACK;TELEFONIA
6877668;;F;69;CHILENO;;Silencioso;LA SERENA                     ;COQUIMBO;385950;6;4;0;0;0;6;4;385950;CELULAR RENO5 LITE NEGRO 128GB;TELEFONIA
19668326;;F;24;CHILENO;;Z;OVALLE                        ;COQUIMBO;200000;3;1;0;0;0;3;1;200000;CELULAR A52 128 GB LIGHT VIOLET OPEN;TELEFONIA
12034650;;F;40;CHILENO;;X;PROVIDENCIA                   ;METROPOLITANA;269991;2;1;0;0;0;2;1;269991;CELULAR SMARTPHONE A52S 5G LIGHT VIOLET 128GB;TELEFONIA
25968335;;F;26;HAITIANO;;Extranjero;N/D;N/D;94210;3;1;0;0;0;3;1;94210;CELULAR XIAOMI REDMI 9A 2/32GB GRANITE GRAY;TELEFONIA
12202811;;M;49;CHILENO;;X;N/D;N/D;576970;3;2;3;2;576970;0;0;0;CELULAR HUAWEI NOVA 8i BLUE;TELEFONIA
19387533;;M;26;CHILENO;;Z;N/D;N/D;469990;3;5;0;0;0;3;5;469990;PRODUCTO 2 SELECCION BANDA 2;TELEFONIA
10079339;;F;67;CHILENO;;Boomers;TALCA                         ;MAULE;146801;3;1;0;0;0;3;1;146801;CELULAR REDMI 9 64GB CARBON GREY;TELEFONIA
6416117;;M;76;CHILENO;;Silencioso;TALCA                         ;MAULE;54230;2;1;0;0;0;2;1;54230;CELULAR BMOBILE C40 CRIS OPEN;TELEFONIA
24267335;;F;43;PERUANO;;Extranjero;"";"";164990;2;1;0;0;0;2;1;164990;CELULAR REDMI NOTE 10S 128GB OCEAN BLUE;TELEFONIA
7000792;;M;69;CHILENO;;Silencioso;MONTE PATRIA                  ;COQUIMBO;381761;3;1;0;0;0;3;1;381761;CELULAR VIVO V21 5G DUSK BLUE 128GB OPEN;TELEFONIA
14361855;;F;41;CHILENO;;Millenial;"";"";179990;1;1;0;0;0;1;1;179990;CELULAR GALAXY A22 5G 4+128GB GRAY;TELEFONIA
14349210;;F;43;CHILENO;;X;LOS ANGELES                   ;BIO BIO;179990;1;1;1;1;179990;0;0;0;CELULAR XIAOMI REDMI NOTE 10S BLANCO WOM;TELEFONIA
19646769;;F;25;CHILENO;;Z;RENCA                         ;METROPOLITANA;394980;2;1;2;1;394980;0;0;0;CELULAR HUAWEI NOVA 9 BLACK + FREEBUDS 4;TELEFONIA
11173719;;F;55;CHILENO;;Boomers;CONSTITUCION                  ;MAULE;920733;7;5;0;0;0;7;5;920733;CELULAR SMARTPHONE A52S 5G LIGHT GREEN 128GB;TELEFONIA
8613383;;F;59;CHILENO;;Boomers;N/D;N/D;644590;7;3;0;0;0;7;3;644590;SMARTPHONE A03S NEGRO 32GB;TELEFONIA
17285203;;F;33;CHILENO;;Millenial;SAN CARLOS                    ;BIO BIO;307860;6;8;0;0;0;6;8;307860;CELULAR XIAOMI REDMI 9A 2/32GB GRANITE GRAY;TELEFONIA
16999095;Casado;F;33;CHILENO;;Millenial;PROVIDENCIA                   ;METROPOLITANA;39990;1;1;0;0;0;1;1;39990;CELULAR BMOBILE C40 CRIS OPEN;TELEFONIA
13740590;;F;42;CHILENO;;X;RIO IBANEZ                    ;AYSEN;239990;1;1;0;0;0;1;1;239990;CELULAR MOTO G60S 6/128 GB AZUL;TELEFONIA
16466212;;F;36;CHILENO;;Millenial;ARICA                         ;ARICA Y PARINACOTA;1649990;4;2;0;0;0;4;2;1649990;CELULAR GALAXY S22 ULTRA BLACK 128GB;TELEFONIA
18515643;Soltero;F;29;CHILENO;;Millenial;PROVIDENCIA                   ;METROPOLITANA;199991;2;1;0;0;0;2;1;199991;CELULAR REDMI NOTE 11 GRAPHITE GRAY + REDMI BUDS;TELEFONIA
18869658;;F;28;CHILENO;;Millenial;ARICA                         ;ARICA Y PARINACOTA;466960;5;3;0;0;0;5;3;466960;CELULAR XIAOMI REDMI 9A 2/32GB GRANITE GRAY;TELEFONIA
12563093;;M;48;CHILENO;;X;N/D;N/D;342710;5;2;0;0;0;5;2;342710;CELULAR REDMI NOTE 11 4/128GB TWILIGHT BLUE OPEN;TELEFONIA
21898189;Casado;F;40;PERUANO;TECNICO EN ADMINISTRACION DE EMPRESAS;Extranjero;PROVIDENCIA                   ;METROPOLITANA;21980;2;1;2;1;21980;0;0;0;CELULAR NOKIA 110 BLACK OPEN;TELEFONIA
9050042;;F;67;CHILENO;;Boomers;COIHAIQUE                     ;AYSEN;688750;5;2;0;0;0;5;2;688750;CELULAR MOTOROLA E30 GRIS CLARO;TELEFONIA
15627635;;M;39;CHILENO;;X;LO PRADO;METROPOLITANA;393960;4;2;2;1;123980;2;1;269980;CELULAR MOTO G20 EDICION ESPECIAL 4/128 GB AZUL;TELEFONIA
13778713;;F;41;CHILENO;;X;RENGO                         ;L.G.B.OÂ´HIGGINS;54230;2;1;0;0;0;2;1;54230;CELULAR BMOBILE C40 CRIS OPEN;TELEFONIA
17350749;;M;32;CHILENO;;Millenial;PROVIDENCIA                   ;METROPOLITANA;279990;2;1;0;0;0;2;1;279990;CELULAR VIVO V21 5G DUSK BLUE 128GB OPEN;TELEFONIA
19803046;;M;24;CHILENO;;Millenial;"";"";169990;1;1;1;1;169990;0;0;0;CELULAR REDMI NOTE 11 4/128GB TWILIGHT BLUE OPEN;TELEFONIA
20425311;;F;21;CHILENO;;Z;EL MONTE                      ;METROPOLITANA;229990;1;1;0;0;0;1;1;229990;CELULAR HUAWEI NOVA 8i BLUE;TELEFONIA
18723953;;F;28;CHILENO;;Millenial;VILLARICA                     ;ARAUCANIA;169990;1;1;0;0;0;1;1;169990;CELULAR GALAXY A22 5G 4+128GB GRAY;TELEFONIA
26683191;;F;38;CHILENO;;Extranjero;N/D;N/D;716971;4;2;0;0;0;4;2;716971;CELULAR SAMSUNG S21 FE 128GB LIGHT GREEN OPEN;TELEFONIA
26785933;;M;32;NO INFORMA NACIONALIDAD;;Extranjero;N/D;N/D;0;0;2;1;1;199990;-1;1;-199990;CELULAR POCO X3 PRO 128G PHANTOM BLACK OPEN;TELEFONIA
23659368;;F;37;NO INFORMA NACIONALIDAD;;Extranjero;CURICO                        ;MAULE;169990;1;1;0;0;0;1;1;169990;CELULAR GALAXY A22 5G 4+128GB MINT;TELEFONIA
8285871;;F;50;CHILENO;;X;VINA DEL MAR                  ;VALPARAISO;2227450;10;4;0;0;0;10;4;2227450;CELULAR VIVO Y20S NEBULA 128 GB BLUE OPEN;TELEFONIA
12851242;;M;47;CHILENO;;X;QUILPUE                       ;VALPARAISO;279990;1;1;0;0;0;1;1;279990;CELULAR SMARTPHONE A52S 5G LIGHT VIOLET 128GB;TELEFONIA
10877943;;F;55;CHILENO;;Boomers;LOS ANGELES                   ;BIO BIO;164970;7;2;0;0;0;7;2;164970;CELULAR BMOBILE C40 CRIS OPEN;TELEFONIA
10345206;;M;55;CHILENO;;Boomers;ARICA                         ;ARICA Y PARINACOTA;1132710;4;2;0;0;0;4;2;1132710;IPHONE 12 128GB BLACK CLARO;TELEFONIA
7486113;Viudo;F;65;CHILENO;;Boomers;RENCA                         ;METROPOLITANA;79990;1;1;0;0;0;1;1;79990;CELULAR XIAOMI REDMI 9A 2/32GB GRANITE GRAY;TELEFONIA
8477590;;M;63;CHILENO;;Boomers;TOME                          ;BIO BIO;1798650;10;6;0;0;0;10;6;1798650;CELULAR IPHONE 12 128GB WHITE CLARO;TELEFONIA
25726323;;M;32;PERUANO;;Extranjero;IQUIQUE                       ;TARAPACA;199990;1;1;0;0;0;1;1;199990;CELULAR REDMI NOTE 10 5G 4/128GB GRAPHITE GRAY O;TELEFONIA
11546100;;F;52;CHILENO;;X;VINA DEL MAR                  ;VALPARAISO;1668700;21;9;13;6;1024880;8;3;643820;SMARTPHONE A52S 5G WHITE 128GB;TELEFONIA
14307711;;F;46;CHILENO;;X;TALAGANTE                     ;METROPOLITANA;334960;4;3;0;0;0;4;3;334960;CELULAR REDMI 9A 32GB PEACOCK GREEN;TELEFONIA
9292637;;M;60;CHILENO;;Boomers;RENCA                         ;METROPOLITANA;54230;2;1;0;0;0;2;1;54230;CELULAR BMOBILE C40 CRIS OPEN;TELEFONIA
17902310;Soltero;M;31;CHILENO;DISENADOR GRAFICO;Millenial;PROVIDENCIA                   ;METROPOLITANA;465980;2;1;2;1;465980;0;0;0;CELULAR XIAOMI 11T PRO 8/256GB METEORITE GRAY;TELEFONIA
14101528;;F;41;CHILENO;;X;SAN FELIPE                    ;VALPARAISO;0;0;2;0;0;0;0;2;0;CELULAR SMARTPHONE A52S 5G BLACK 128GB;TELEFONIA
8880946;;M;61;CHILENO;;Boomers;LOS LAGOS                     ;LOS RIOS;200140;2;1;0;0;0;2;1;200140;CELULAR REDMI NOTE 10 5G US 128G NIGHTTIME BLUE;TELEFONIA
13340600;;M;44;CHILENO;;X;"";"";257400;5;4;0;0;0;5;4;257400;CELULAR MOTOROLA G20 EDICION ESPECIAL VERDE CLAR;TELEFONIA
5293450;;M;77;CHILENO;;Silencioso;RANCAGUA                      ;L.G.B.OÂ´HIGGINS;89990;1;1;0;0;0;1;1;89990;CELULAR GALAXY A03 CORE 2GB 32GB BLACK OPEN;TELEFONIA
10086211;Casado;F;57;CHILENO;;Boomers;PROVIDENCIA                   ;METROPOLITANA;326160;5;3;0;0;0;5;3;326160;CELULAR BMOBILE BS30 BLACK OPEN;TELEFONIA
11009026;;F;56;CHILENO;;Boomers;SALAMANCA                     ;COQUIMBO;984960;4;3;0;0;0;4;3;984960;Celular Galaxy S21 Plus Phantom Silver 128GB;TELEFONIA
7229878;;F;69;CHILENO;;Silencioso;PUENTE ALTO                   ;METROPOLITANA;136730;7;3;0;0;0;7;3;136730;CELULAR VIVO Y11S NEGRO WOM;TELEFONIA
11407228;Soltero;F;52;CHILENO;;X;RENCA                         ;METROPOLITANA;89990;2;1;0;0;0;2;1;89990;CELULAR MOTO G30 128GB GRIS TORNASOL OPEN;TELEFONIA
7497754;;F;64;CHILENO;;Boomers;PAPUDO                        ;VALPARAISO;447721;7;1;0;0;0;7;1;447721;CELULAR GALAXY A22 5G 4+128GB WHITE;TELEFONIA
19355284;Soltero;F;26;CHILENO;;Z;ARICA                         ;ARICA Y PARINACOTA;862920;12;5;0;0;0;12;5;862920;CELULAR MOTOROLA G20 EDICION ESPECIAL VERDE CLAR;TELEFONIA
17954330;;M;30;CHILENO;;Millenial;N/D;N/D;1277930;7;8;3;1;353970;4;7;923960;CELULAR SAMSUNG S21 FE 128GB GRAY OPEN;TELEFONIA
18084804;;M;30;CHILENO;;Millenial;MAIPU                         ;METROPOLITANA;463980;2;1;2;1;463980;0;0;0;CELULAR XIAOMI 11T PRO 8/256GB CELESTIAL BLUE KI;TELEFONIA
19332891;Soltero;M;26;CHILENO;;Silencioso;PROVIDENCIA                   ;METROPOLITANA;143990;1;1;1;1;143990;0;0;0;CELULAR A32 128 GB BLUE OPEN;TELEFONIA
9459613;;M;57;CHILENO;;Boomers;PAINE                         ;METROPOLITANA;494970;4;2;0;0;0;4;2;494970;CELULAR MOTOROLA G30 GRIS WOM 128 GB;TELEFONIA
18010257;;F;30;CHILENO;;Millenial;OVALLE                        ;COQUIMBO;511998;6;2;0;0;0;6;2;511998;CELULAR A12 128GB Azul OPEN;TELEFONIA
19822357;;M;24;CHILENO;;Z;PROVIDENCIA                   ;METROPOLITANA;293920;3;1;0;0;0;3;1;293920;CELULAR A12 128GB Negro OPEN;TELEFONIA
16518898;;M;35;CHILENO;;Millenial;PROVIDENCIA                   ;METROPOLITANA;249990;1;1;0;0;0;1;1;249990;CELULAR SMARTPHONE A52S 5G LIGHT VIOLET 128GB;TELEFONIA
12779765;;F;47;CHILENO;;X;SAN FERNANDO                  ;L.G.B.OÂ´HIGGINS;456980;2;1;2;1;456980;0;0;0;SMARTPHONE GALAXY S20FE RED;TELEFONIA
16649734;;F;34;CHILENO;;Millenial;N/D;N/D;269060;2;1;0;0;0;2;1;269060;CELULAR A52 128 GB BLACK OPEN;TELEFONIA
17952292;;M;30;CHILENO;;Millenial;CONSTITUCION                  ;MAULE;268180;2;1;0;0;0;2;1;268180;CELULAR A52 128 GB LIGHT VIOLET OPEN;TELEFONIA
8871265;;M;59;CHILENO;;Boomers;LEBU                          ;BIO BIO;179990;1;1;0;0;0;1;1;179990;CELULAR GALAXY A22 5G 4+128GB GRAY;TELEFONIA
15988357;;M;36;CHILENO;;Millenial;PADRE LAS CASAS               ;ARAUCANIA;389990;1;1;1;1;389990;0;0;0;CELULAR XIAOMI 11T 8/256GB CELESTIAL BLUE OPEN;TELEFONIA
19744730;;F;25;CHILENO;;Z;PUDAHUEL                      ;METROPOLITANA;213980;2;1;2;1;213980;0;0;0;CELULAR A52 128 GB LIGHT VIOLET OPEN;TELEFONIA
19970180;;M;24;CHILENO;;Z;DALCAHUE                      ;LOS LAGOS;229990;1;1;0;0;0;1;1;229990;CELULAR POCO X3 PRO 128G PHANTOM BLACK OPEN;TELEFONIA
8276359;;F;78;CHILENO;;Silencioso;TALCAHUANO                    ;BIO BIO;199990;1;1;0;0;0;1;1;199990;CELULAR A52 128 GB LIGHT VIOLET OPEN;TELEFONIA
15126483;;F;38;CHILENO;;Millenial;PROVIDENCIA                   ;METROPOLITANA;30000;1;1;0;0;0;1;1;30000;PRODUCTO 2 SELECCION BANDA 2;TELEFONIA
13742719;Soltero;M;41;CHILENO;PROFESOR;X;RENCA                         ;METROPOLITANA;499930;6;2;6;2;499930;0;0;0;CELULAR MOTOROLA G20 EDICION ESPECIAL VERDE CLAR;TELEFONIA
14684082;;M;54;PERUANO;;Extranjero;SANTIAGO                      ;METROPOLITANA;771940;6;3;6;3;771940;0;0;0;CELULAR GALAXY A03 CORE 2GB 32GB BLACK OPEN;TELEFONIA
19610998;;F;24;CHILENO;;Z;TENO                          ;MAULE;139500;4;2;0;0;0;4;2;139500;CELULAR GALAXY A03 CORE 2GB 32GB BLACK OPEN;TELEFONIA
17511124;;F;32;CHILENO;;Millenial;N/D;N/D;109991;2;1;0;0;0;2;1;109991;SMARTPHONE A03S 32 GB ROJO;TELEFONIA
16234333;;F;36;CHILENO;;Millenial;N/D;N/D;1054960;4;2;2;1;654980;2;1;399980;CELULAR IPHONE 12 64GB BLACK CLARO;TELEFONIA
6255752;Viudo;F;70;CHILENO;;Silencioso;PROVIDENCIA                   ;METROPOLITANA;109990;1;1;0;0;0;1;1;109990;CELULAR GALAXY A03 4+64GB BLACK OPEN;TELEFONIA
12788508;;F;47;CHILENO;;X;PROVIDENCIA                   ;METROPOLITANA;445860;9;4;0;0;0;9;4;445860;CELULAR MOTOROLA E6S GRIS 32GB DIRECTO WOM;TELEFONIA
12205797;;F;50;CHILENO;;X;N/D;N/D;293410;4;2;0;0;0;4;2;293410;CELULAR GALAXY A03 4+64GB BLUE OPEN;TELEFONIA
7280355;;F;68;CHILENO;;Boomers;RETIRO                        ;MAULE;309970;3;3;0;0;0;3;3;309970;CELULAR VIVO Y20 BLACK 64GB MOVISTAR;TELEFONIA
13782607;;M;52;CHILENO;;X;TALCA                         ;MAULE;399990;1;1;0;0;0;1;1;399990;CELULAR XIAOMI 11T 8/256GB MOONLIGHT WHITE KIT;TELEFONIA
20028175;;M;23;CHILENO;;Silencioso;PROVIDENCIA                   ;METROPOLITANA;289981;3;2;0;0;0;3;2;289981;CELULAR XIAOMI REDMI 9A 2/32GB GRANITE GRAY;TELEFONIA
17527685;;M;31;CHILENO;;Millenial;CODEGUA                       ;L.G.B.OÂ´HIGGINS;59990;2;1;0;0;0;2;1;59990;CELULAR VIVO Y20S NEBULA 128 GB BLUE OPEN;TELEFONIA
7206752;Casado;F;66;CHILENO;;Boomers;PUENTE ALTO                   ;METROPOLITANA;84990;2;1;0;0;0;2;1;84990;CELULAR MOTOROLA G20 EDICION ESPECIAL VERDE CLAR;TELEFONIA
11761115;;M;50;CHILENO;;X;REQUINOA                      ;L.G.B.OÂ´HIGGINS;169980;2;2;0;0;0;2;2;169980;CELULAR VIVO Y20S NEBULA 128 GB BLUE OPEN;TELEFONIA
7211855;;F;71;CHILENO;;Silencioso;SAN FERNANDO                  ;L.G.B.OÂ´HIGGINS;226831;2;1;0;0;0;2;1;226831;CELULAR MOTO G71 6/128 GB VERDE OPEN;TELEFONIA
17550331;;F;30;CHILENO;;Millenial;CHIMBARONGO                   ;L.G.B.OÂ´HIGGINS;495070;8;5;0;0;0;8;5;495070;CELULAR BMOBILE C40 CRIS OPEN;TELEFONIA
20390993;;M;22;CHILENO;;Z;PROVIDENCIA                   ;METROPOLITANA;204980;2;1;2;1;204980;0;0;0;CELULAR POCO X3 PRO 128G PHANTOM BLACK OPEN;TELEFONIA
11616310;Casado;F;51;CHILENO;;X;PROVIDENCIA                   ;METROPOLITANA;774460;4;1;4;1;774460;0;0;0;CELULAR GALAXY S21 FE 8GB 256GB GRAY;TELEFONIA
12004366;;M;54;CHILENO;;X;"";"";209990;3;2;0;0;0;3;2;209990;CELULAR MOTO G60 4/128 GB SILVER OPEN;TELEFONIA
13301526;Casado;F;45;CHILENO;;X;PROVIDENCIA                   ;METROPOLITANA;653980;3;1;3;1;653980;0;0;0;CELULAR SAMSUNG S21 FE 128GB GRAY OPEN;TELEFONIA
9553885;;F;56;CHILENO;;Boomers;SAN JAVIER                    ;MAULE;99990;1;1;0;0;0;1;1;99990;CELULAR VIVO Y11S PHANTOM BLACK OPEN;TELEFONIA
5956281;;F;77;CHILENO;;Silencioso;CHANCO                        ;MAULE;240960;6;2;0;0;0;6;2;240960;CELULAR VIVO Y20 NEBULA BLUE OPEN;TELEFONIA
5091195;;M;76;CHILENO;;Silencioso;BUIN                          ;METROPOLITANA;493470;3;1;0;0;0;3;1;493470;CELULAR VIVO V21 5G DUSK BLUE 128GB OPEN;TELEFONIA
9640793;Casado;F;60;CHILENO;;Boomers;RENCA                         ;METROPOLITANA;129990;1;1;0;0;0;1;1;129990;CELULAR VIVO Y20 NEBULA BLUE OPEN;TELEFONIA
24284647;;M;47;PERUANO;;Extranjero;N/D;N/D;134990;2;1;0;0;0;2;1;134990;CELULAR POCO X3 PRO 128G PHANTOM BLACK OPEN;TELEFONIA
20363521;;F;22;CHILENO;;Z;N/D;N/D;1243570;7;4;2;1;185840;5;3;1057730;CELULAR SMARTPHONE A52S 5G LIGHT VIOLET 128GB;TELEFONIA
19888745;;M;24;CHILENO;;Z;PENAFLOR                      ;METROPOLITANA;220000;2;1;0;0;0;2;1;220000;CELULAR A52 128 GB BLUE OPEN;TELEFONIA
19931022;;F;24;CHILENO;;Z;N/D;N/D;113630;6;3;0;0;0;6;3;113630;CELULAR AZUMI L4G BLACK CLARO;TELEFONIA
17844935;;F;30;CHILENO;;Millenial;TALCAHUANO                    ;BIO BIO;115980;2;1;2;1;115980;0;0;0;CELULAR GALAXY A03 4+64GB BLACK OPEN;TELEFONIA
12111226;;M;54;CHILENO;;X;"";"";89990;1;1;0;0;0;1;1;89990;CELULAR MOTO E7 32GB GRIS OPEN;TELEFONIA
19200679;;F;29;CHILENO;;Millenial;N/D;N/D;1074960;5;6;0;0;0;5;6;1074960;CELULAR SAMSUNG S21 FE 128GB LIGHT VIOLET OPEN;TELEFONIA
18920205;Soltero;F;25;CHILENO;TECNICO DE NIVEL MEDIO EN ATENCION DE ENFERMERIA;Z;PROVIDENCIA                   ;METROPOLITANA;127230;3;2;1;1;99990;2;1;27240;SMARTPHONE A03S 32 GB ROJO;TELEFONIA
9126488;;M;61;CHILENO;;Boomers;PUENTE ALTO                   ;N/D;139990;1;1;0;0;0;1;1;139990;SMARTHPHONE REDMI 10 US 64GB SEA BLUE;TELEFONIA
16638871;;F;35;CHILENO;;Millenial;N/D;N/D;257960;4;2;4;2;257960;0;0;0;SMARTPHONE A03S 64 GB NEGRO;TELEFONIA
20028039;;F;25;CHILENO;;Z;RANCAGUA                      ;L.G.B.OÂ´HIGGINS;228980;2;2;0;0;0;2;2;228980;CELULAR BMOBILE C40 CRIS OPEN;TELEFONIA
15168144;;F;39;CHILENO;;X;PROVIDENCIA                   ;METROPOLITANA;463970;3;2;3;2;463970;0;0;0;CELULAR A52 128 GB LIGHT VIOLET OPEN;TELEFONIA
26082722;;M;30;VENEZOLANO;;Extranjero;SANTIAGO                      ;METROPOLITANA;499990;2;1;2;1;499990;0;0;0;CELULAR GALAXY S21 FE 8GB 256GB GRAY;TELEFONIA
18624489;;F;28;CHILENO;;Millenial;ISLA DE MAIPO                 ;METROPOLITANA;159990;1;1;0;0;0;1;1;159990;CELULAR MOTO G30 GRIS TORNASOL 128GB MOVISTAR;TELEFONIA
17197017;;F;29;CHILENO;;Millenial;N/D;N/D;129990;1;1;0;0;0;1;1;129990;CELULAR Xiaomi Redmi 9 64 GB Morado WOM;TELEFONIA
17483775;;M;32;CHILENO;;Millenial;N/D;N/D;1303980;3;1;3;1;1303980;0;0;0;CELULAR GALAXY S22 ULTRA WHITE 128GB;TELEFONIA
5268390;;F;78;CHILENO;;Silencioso;PROVIDENCIA                   ;METROPOLITANA;103980;2;1;2;1;103980;0;0;0;SMARTPHONE A03S 32 GB ROJO;TELEFONIA
13631246;;F;44;CHILENO;;X;TEMUCO                        ;ARAUCANIA;399970;3;3;0;0;0;3;3;399970;CELULAR HUAWEI NOVA 8i BLUE;TELEFONIA
7718412;Divorciado;M;66;CHILENO;;Boomers;RENGO                         ;L.G.B.OÂ´HIGGINS;16990;2;1;0;0;0;2;1;16990;CELULAR BMOBILE C40 CRIS OPEN;TELEFONIA
12042075;;F;42;CHILENO;;X;PROVIDENCIA                   ;METROPOLITANA;89990;2;1;0;0;0;2;1;89990;CELULAR A12 128GB Negro OPEN;TELEFONIA
8194097;;F;62;CHILENO;;Boomers;LEBU                          ;BIO BIO;99990;1;1;0;0;0;1;1;99990;CELULAR GALAXY A03 CORE 2GB 32GB BLUE OPEN;TELEFONIA
9648836;;F;54;CHILENO;;Boomers;COQUIMBO                      ;COQUIMBO;169990;1;1;0;0;0;1;1;169990;CELULAR XIAOMI REDMI NOTE 10S BLANCO WOM;TELEFONIA
9908106;Casado;M;46;CHILENO;INGENIERO EN ADMINISTRACION DE EMPRESAS;X;PROVIDENCIA                   ;METROPOLITANA;73980;2;1;2;1;73980;0;0;0;CELULAR MOTOROLA E7 IPOWER 32GB BLUE CLARO;TELEFONIA
16537751;;F;35;CHILENO;;Millenial;TALCA                         ;MAULE;187961;5;2;0;0;0;5;2;187961;SMARTPHONE A03S AZUL 32GB;TELEFONIA
15219089;;F;38;CHILENO;;X;N/D;N/D;179980;2;1;0;0;0;2;1;179980;CELULAR MOTOROLA G20 EDICION ESPECIAL VERDE CLAR;TELEFONIA
8677281;Casado;M;61;CHILENO;AGRONOMO;Boomers;RENCA                         ;METROPOLITANA;36990;1;1;0;0;0;1;1;36990;CELULAR ALCATEL P1 DIRECTO CLARO BLACK;TELEFONIA
16809780;Soltero;M;34;CHILENO;;Millenial;PROVIDENCIA                   ;METROPOLITANA;109990;1;1;0;0;0;1;1;109990;CELULAR REDMI 9C 64 GB BLUE DIRECTO CLARO;TELEFONIA
15010950;Soltero;M;40;CHILENO;;X;RENCA                         ;METROPOLITANA;199990;1;1;0;0;0;1;1;199990;CELULAR A22 128GB NEGRO;TELEFONIA
11886290;;M;50;CHILENO;;X;PROVIDENCIA                   ;METROPOLITANA;219990;1;1;0;0;0;1;1;219990;CELULAR A32 128 GB BLACK OPEN;TELEFONIA
25993810;Soltero;M;65;NO INFORMA NACIONALIDAD;MEDICO CIRUJANO;Extranjero;PROVIDENCIA                   ;METROPOLITANA;381980;2;1;0;0;0;2;1;381980;CELULAR SMARTPHONE A52S 5G BLACK 128GB;TELEFONIA
12545993;;M;47;CHILENO;;X;PARRAL                        ;MAULE;349990;1;1;0;0;0;1;1;349990;CELULAR MOTO G100 128GB VERDE BOREAL + HMDI OPEN;TELEFONIA
7572610;;F;70;CHILENO;;Silencioso;PUENTE ALTO                   ;METROPOLITANA;173980;2;1;0;0;0;2;1;173980;CELULAR GALAXY A03 4+64GB BLUE OPEN;TELEFONIA
10585877;;M;53;CHILENO;;X;CASTRO                        ;LOS LAGOS;249990;1;1;0;0;0;1;1;249990;CELULAR A52 128 GB BLUE OPEN;TELEFONIA
16202460;;F;36;CHILENO;;Millenial;PROVIDENCIA                   ;METROPOLITANA;84981;3;2;0;0;0;3;2;84981;CELULAR AZUMI V60 DUAL OPEN;TELEFONIA
18470392;Soltero;M;29;CHILENO;TECNICO EN ENFERMERA;Millenial;PROVIDENCIA                   ;METROPOLITANA;55980;2;1;0;0;0;2;1;55980;CELULAR NOKIA 225 4G BLACK MOVISTAR DIRECTO;TELEFONIA
27228580;;F;57;CHILENO;;Extranjero;ANTOFAGASTA                   ;ANTOFAGASTA;149990;1;1;0;0;0;1;1;149990;CELULAR VIVO Y20 NEGRO DIRECTO ENTEL;TELEFONIA
16684232;Soltero;M;34;CHILENO;;Millenial;COIHAIQUE                     ;AYSEN;146980;2;1;0;0;0;2;1;146980;CELULAR MOTO E7 32GB GRIS OPEN;TELEFONIA
14083455;;M;40;CHILENO;;Millenial;N/D;N/D;69990;2;1;0;0;0;2;1;69990;SMARTPHONE A03s 64 GB Red DS;TELEFONIA
19614584;;F;24;CHILENO;;Z;PROVIDENCIA                   ;METROPOLITANA;429970;3;2;3;2;429970;0;0;0;CELULAR A52 128 GB BLUE OPEN;TELEFONIA
10369961;Soltero;F;57;CHILENO;;Boomers;RENCA                         ;METROPOLITANA;149980;2;2;0;0;0;2;2;149980;SMARTPHONE A03s 64 GB Red DS;TELEFONIA
7733541;;M;66;CHILENO;;Boomers;LA SERENA                     ;COQUIMBO;30981;3;1;0;0;0;3;1;30981;CELULAR NOKIA 110 BLACK OPEN;TELEFONIA
18120102;;M;30;CHILENO;;Millenial;PROVIDENCIA                   ;METROPOLITANA;643970;4;2;4;2;643970;0;0;0;IPHONE 11 128GB BLACK CLARO;TELEFONIA
8314706;;F;63;CHILENO;;Boomers;N/D;N/D;209990;1;1;1;1;209990;0;0;0;CELULAR A52 128 GB WHITE OPEN;TELEFONIA
14636618;;F;30;CHILENO;;Millenial;LOS ANGELES                   ;BIO BIO;149990;1;1;0;0;0;1;1;149990;CELULAR A54 OPPO AZUL 128GB;TELEFONIA
19731177;;F;24;CHILENO;;Millenial;"";"";161970;5;2;0;0;0;5;2;161970;CELULAR VIVO Y11S PHANTOM BLACK OPEN;TELEFONIA
4474929;;M;79;CHILENO;;Silencioso;CALERA                        ;VALPARAISO;99990;1;1;0;0;0;1;1;99990;SMARTPHONE A03S 32 GB ROJO;TELEFONIA
9934180;Soltero;M;51;CHILENO;;X;VALLENAR;ATACAMA;724960;4;2;0;0;0;4;2;724960;CELULAR REDMI NOTE 11 4/128GB GRAPHITE GRAY OPEN;TELEFONIA
15156642;;F;34;CHILENO;;Millenial;N/D;N/D;629971;4;3;0;0;0;4;3;629971;SMARTPHONE GALAXY S20FE RED;TELEFONIA
14536068;;M;46;CHILENO;;X;RENCA                         ;METROPOLITANA;149990;1;1;0;0;0;1;1;149990;CELULAR A12 128GB Azul OPEN;TELEFONIA
10981921;;F;45;CHILENO;;X;COIHAIQUE                     ;AYSEN;721970;8;4;3;1;42530;5;3;679440;CELULAR SMARTPHONE A52S 5G LIGHT VIOLET 128GB;TELEFONIA
16572753;;M;34;CHILENO;;Millenial;EL BOSQUE                     ;METROPOLITANA;1817930;8;4;2;1;63980;6;3;1753950;CELULAR GALAXY S22 ULTRA BLACK 128GB;TELEFONIA
9651464;;F;61;CHILENO;;Boomers;COLLIPULLI                    ;ARAUCANIA;119990;2;1;0;0;0;2;1;119990;CELULAR A12 128GB Rojo OPEN;TELEFONIA
6793141;;F;68;CHILENO;;Boomers;ILLAPEL                       ;COQUIMBO;190140;2;1;0;0;0;2;1;190140;SMARTPHONE A22 BLANCO 128GB;TELEFONIA
17423293;;F;35;CHILENO;;Millenial;CABRERO                       ;BIO BIO;67980;3;1;0;0;0;3;1;67980;CELULAR MOTO E7 32GB GRIS OPEN;TELEFONIA
14537073;;M;46;CHILENO;;X;VINA DEL MAR                  ;VALPARAISO;118980;2;2;0;0;0;2;2;118980;CELULAR NOKIA 110 BLACK OPEN;TELEFONIA
12418557;;F;49;CHILENO;;X;CONSTITUCION                  ;MAULE;354980;3;2;0;0;0;3;2;354980;CELULAR A32 128 GB LIGHT VIOLET OPEN;TELEFONIA
10928923;;F;53;CHILENO;;X;PENAFLOR                      ;METROPOLITANA;519752;4;2;0;0;0;4;2;519752;CELULAR XIAOMI REDMI 9A 32GB GRANITE GRAY TRI WO;TELEFONIA
4688260;;F;76;CHILENO;;Silencioso;RENCA                         ;METROPOLITANA;135980;3;1;3;1;135980;0;0;0;CELULAR A12 128GB Azul OPEN;TELEFONIA
14463859;;M;49;CHILENO;;X;LOS SAUCES                    ;ARAUCANIA;99990;1;1;0;0;0;1;1;99990;CELULAR MOTOROLA G20 64GB BLUE CLARO;TELEFONIA
20425196;;F;21;CHILENO;;Z;"";"";199980;2;1;0;0;0;2;1;199980;CELULAR VIVO Y11S NEGRO WOM;TELEFONIA
10306170;;F;56;CHILENO;;Boomers;PADRE LAS CASAS               ;ARAUCANIA;199981;5;2;0;0;0;5;2;199981;CELULAR VIVO Y20S NEBULA 128 GB BLUE OPEN;TELEFONIA
17897445;;F;31;CHILENO;;Millenial;SAN PEDRO DE LA PAZ           ;BIO BIO;169980;3;6;0;2;-20000;3;4;189980;CELULAR CLARO LG K42 GRIS;TELEFONIA
15909327;;M;37;CHILENO;;Millenial;ARICA                         ;ARICA Y PARINACOTA;186970;5;1;0;0;0;5;1;186970;CELULAR XIAOMI REDMI 9A 2/32GB GRANITE GRAY;TELEFONIA
14905391;;F;41;CHILENO;;X;ARAUCO                        ;BIO BIO;1169910;9;7;0;0;0;9;7;1169910;CELULAR POCO X3 PRO 128G PHANTOM BLACK OPEN;TELEFONIA
15408405;;F;39;CHILENO;;X;PAINE;METROPOLITANA;199990;1;1;1;1;199990;0;0;0;CELULAR REDMI NOTE 11 4/128GB GRAPHITE GRAY OPEN;TELEFONIA
12869286;;M;47;CHILENO;;X;RENCA                         ;METROPOLITANA;349990;1;1;0;0;0;1;1;349990;CELULAR IPHONE SE 64GB DIRECTO CLARO;TELEFONIA
18904520;Soltero;F;27;CHILENO;INGENIERO EN MINAS;Millenial;N/D;N/D;224980;2;1;2;1;224980;0;0;0;POCO X3 PRO 256 GB PHANTOM BLACK;TELEFONIA
14304630;;F;49;CHILENO;;X;SAN CARLOS                    ;BIO BIO;219990;1;1;0;0;0;1;1;219990;CELULAR A52 128 GB LIGHT VIOLET OPEN;TELEFONIA
10041365;Casado;F;58;CHILENO;;Boomers;RENCA                         ;METROPOLITANA;189990;1;1;1;1;189990;0;0;0;CELULAR A32 128 GB BLACK OPEN;TELEFONIA
15652136;;F;39;CHILENO;;X;PROVIDENCIA                   ;METROPOLITANA;139991;2;1;0;0;0;2;1;139991;CELULAR VIVO Y20S NEBULA 128 GB BLUE OPEN;TELEFONIA
17048105;;M;33;CHILENO;;Millenial;PROVIDENCIA                   ;METROPOLITANA;253980;2;1;2;1;253980;0;0;0;CELULAR A52 128 GB LIGHT VIOLET OPEN;TELEFONIA
17967780;;F;30;CHILENO;;Millenial;PROVIDENCIA                   ;METROPOLITANA;399990;2;1;2;1;399990;0;0;0;CELULAR GALAXY S20FE 128GB CLOUD LAVENDER OPEN;TELEFONIA
13570533;;M;43;CHILENO;;X;SAN FERNANDO                  ;L.G.B.OÂ´HIGGINS;180980;2;2;0;0;0;2;2;180980;CHIP OPEN ENTEL;TELEFONIA
7920555;;F;65;CHILENO;;Boomers;SANTA MARIA                   ;VALPARAISO;311940;6;3;6;3;311940;0;0;0;CELULAR A12 128GB Negro OPEN;TELEFONIA
10128628;Soltero;F;53;CHILENO;;X;RENCA                         ;METROPOLITANA;319970;3;2;0;0;0;3;2;319970;CELULAR VIVO Y20 NEBULA BLUE OPEN;TELEFONIA
11069048;;F;56;CHILENO;;Boomers;PERALILLO                     ;L.G.B.OÂ´HIGGINS;89991;2;1;0;0;0;2;1;89991;CELULAR XIAOMI REDMI 9A 2/32GB GRANITE GRAY;TELEFONIA
18250775;Casado;F;29;CHILENO;;Millenial;PROVIDENCIA                   ;METROPOLITANA;21980;2;1;2;1;21980;0;0;0;CELULAR NOKIA 110 BLACK OPEN;TELEFONIA
10890352;;M;45;CHILENO;;X;ILLAPEL                       ;COQUIMBO;346473;4;3;0;0;0;4;3;346473;CELULAR REDMI 9A 32GB SKY BLUE;TELEFONIA
17335433;;M;32;CHILENO;;Millenial;PROVIDENCIA                   ;METROPOLITANA;219990;1;1;1;1;219990;0;0;0;POCO X3 PRO 256 GB PHANTOM BLACK;TELEFONIA
10825436;;F;55;CHILENO;;Boomers;SAN PEDRO                     ;METROPOLITANA;606390;6;3;0;0;0;6;3;606390;CELULAR A54 OPPO AZUL 128GB;TELEFONIA
14221462;;M;41;CHILENO;;X;N/D;N/D;191980;2;1;0;0;0;2;1;191980;CELULAR A12 128GB Negro OPEN;TELEFONIA
9823098;;F;58;CHILENO;;Boomers;SAN VICENTE                   ;L.G.B.OÂ´HIGGINS;299990;1;1;0;0;0;1;1;299990;CELULAR IPHONE SE 64GB DIRECTO CLARO;TELEFONIA
5963212;;F;75;CHILENO;;Silencioso;TRAIGUEN                      ;ARAUCANIA;39990;1;1;0;0;0;1;1;39990;CELULAR BMOBILE C40 CRIS OPEN;TELEFONIA
9886884;;F;58;CHILENO;;Boomers;PARRAL                        ;MAULE;233980;2;1;0;0;0;2;1;233980;CELULAR MOTOROLA G30 GRIS WOM 128 GB;TELEFONIA
18774041;Soltero;M;27;CHILENO;PROFESOR;Millenial;PROVIDENCIA                   ;METROPOLITANA;399980;2;2;0;0;0;2;2;399980;CELULAR POCO X3 PRO 128G PHANTOM BLACK OPEN;TELEFONIA
20233651;;M;22;CHILENO;;Silencioso;PROVIDENCIA                   ;METROPOLITANA;349980;2;6;0;0;0;2;6;349980;CELULAR VIVO Y20S NEBULA 128 GB BLUE OPEN;TELEFONIA
18098777;;M;30;CHILENO;;Millenial;N/D;N/D;689980;2;2;0;0;0;2;2;689980;CELULAR XIAOMI 11 LITE 5G NE 6/128GB TRUFFLE BLA;TELEFONIA
13983339;;F;41;CHILENO;;X;CALERA                        ;VALPARAISO;230980;2;2;0;0;0;2;2;230980;CELULAR POCO X3 PRO 256 GB FROST BLUE;TELEFONIA
16399214;Soltero;M;35;CHILENO;;Millenial;PROVIDENCIA                   ;METROPOLITANA;599980;2;1;2;1;599980;0;0;0;CELULAR IPHONE SE 64GB DIRECTO CLARO;TELEFONIA
20233103;;F;23;CHILENO;;Z;PROVIDENCIA                   ;METROPOLITANA;239990;1;1;1;1;239990;0;0;0;CELULAR MI 11 LITE 128GB BOBA BLACK OPEN;TELEFONIA
12745822;;M;48;CHILENO;;X;N/D;N/D;129990;2;1;0;0;0;2;1;129990;CELULAR A12 128GB Negro OPEN;TELEFONIA
7426980;;M;67;CHILENO;;Boomers;PANGUIPULLI                   ;LOS RIOS;139990;1;1;0;0;0;1;1;139990;CELULAR A12 128GB Negro OPEN;TELEFONIA
15645073;;F;38;CHILENO;;X;CASTRO                        ;LOS LAGOS;139990;1;1;0;0;0;1;1;139990;VIVO Y20 OBSIDIAN BLACK OPEN;TELEFONIA
17081582;;M;33;CHILENO;;Millenial;PROVIDENCIA                   ;METROPOLITANA;93980;2;1;0;0;0;2;1;93980;CELULAR CLARO MOTOROLA E7 32GB GRIS;TELEFONIA
20233060;;M;23;CHILENO;;Z;PROVIDENCIA                   ;METROPOLITANA;119990;1;1;1;1;119990;0;0;0;CELULAR MOTOROLA G9 PLAY 64GB BLUE DIRECTO CLAR;TELEFONIA
17513425;;F;32;CHILENO;;Millenial;PROVIDENCIA                   ;METROPOLITANA;250970;3;3;0;0;0;3;3;250970;POCO X3 PRO 256 GB PHANTOM BLACK;TELEFONIA
6648492;Soltero;F;68;CHILENO;SECRETARIA;Boomers;PROVIDENCIA                   ;METROPOLITANA;99990;1;1;1;1;99990;0;0;0;CELULAR NOKIA 5.3 CHARCOAL TRI ENTEL;TELEFONIA
18845847;;F;27;CHILENO;;Millenial;PENCO                         ;BIO BIO;0;0;2;0;0;0;0;2;0;CELULAR XIAOMI POCO X3 PRO 128GB PANTHOM BLACK;TELEFONIA
18779261;;F;28;CHILENO;;Millenial;PARRAL                        ;MAULE;409990;1;1;0;0;0;1;1;409990;CELULAR GALAXY S20FE 128GB CLOUD LAVENDER OPEN;TELEFONIA
15212357;;F;40;CHILENO;;X;N/D;N/D;307980;2;1;2;1;307980;0;0;0;CELULAR IPHONE SE 64GB DIRECTO CLARO;TELEFONIA
9464080;;F;59;CHILENO;;Boomers;PROVIDENCIA                   ;METROPOLITANA;39990;1;1;0;0;0;1;1;39990;CELULAR BMOBILE C40 CRIS OPEN;TELEFONIA
16596833;;F;35;CHILENO;;Millenial;N/D;N/D;119990;1;1;0;0;0;1;1;119990;CELULAR A12 128GB Negro OPEN;TELEFONIA
7780416;;M;66;CHILENO;;Boomers;VILLARICA                     ;ARAUCANIA;335940;6;4;6;4;335940;0;0;0;CELULAR XIAOMI REDMI 9A 32GB BLACK DIRECTO CLARO;TELEFONIA
18750039;;M;27;CHILENO;;Millenial;SAN BERNARDO                  ;METROPOLITANA;712970;3;3;0;0;0;3;3;712970;CELULAR VIVO V21 5G 128GB SUNSET DAZZLE OPEN;TELEFONIA
20047382;;F;23;CHILENO;;Z;PROVIDENCIA                   ;METROPOLITANA;249990;2;1;2;1;249990;0;0;0;CELULAR A52 128 GB LIGHT VIOLET OPEN;TELEFONIA
11940082;;F;51;CHILENO;;X;N/D;N/D;331970;3;2;0;0;0;3;2;331970;CELULAR A12 128GB Rojo OPEN;TELEFONIA
10762423;Casado;M;58;CHILENO;;Silencioso;PROVIDENCIA                   ;METROPOLITANA;119990;1;1;0;0;0;1;1;119990;SMARTPHONE A03s 64 GB Red DS;TELEFONIA
26305365;;M;31;HAITIANO;;Extranjero;N/D;N/D;709080;8;5;0;0;0;8;5;709080;CELULAR A12 128GB Azul OPEN;TELEFONIA
9630920;;F;61;CHILENO;;Boomers;LEBU                          ;BIO BIO;259970;5;3;0;0;0;5;3;259970;CELULAR A12 128GB Rojo OPEN;TELEFONIA
19379649;;M;26;CHILENO;;Z;N/D;N/D;356950;5;3;0;0;0;5;3;356950;CELULAR XIAOMI REDMI 9A 2/32GB GRANITE GRAY;TELEFONIA
17388062;;F;32;CHILENO;;Millenial;CALERA                        ;VALPARAISO;993950;7;2;0;0;0;7;2;993950;Celular XIAOMI REDMI 9 64 GB DIRECTO CLARO NEGRO;TELEFONIA
9354135;;F;59;CHILENO;;Boomers;CORRAL                        ;LOS RIOS;39990;1;1;0;0;0;1;1;39990;CELULAR ALCATEL P1 DIRECTO CLARO BLACK;TELEFONIA
8605681;Casado;M;62;CHILENO;;Boomers;RENCA                         ;METROPOLITANA;89990;2;1;0;0;0;2;1;89990;CELULAR VIVO Y11S 32GB NEBULA BLUE OPEN;TELEFONIA
15941828;;F;37;CHILENO;;Millenial;"";"";455970;5;4;0;0;0;5;4;455970;CELULAR VIVO Y11S 32GB NEBULA BLUE OPEN;TELEFONIA
11790194;;F;50;CHILENO;;X;PROVIDENCIA                   ;METROPOLITANA;259990;1;1;0;0;0;1;1;259990;CELULAR REDMI NOTE 10 PRO 128GB AZUL WOM;TELEFONIA
8205654;;F;68;CHILENO;;Silencioso;SAN CLEMENTE                  ;MAULE;169990;1;1;0;0;0;1;1;169990;CELULAR VIVO Y21S PEARL WHITE 128 GB OPEN;TELEFONIA
24654456;;F;25;CHILENO;;Extranjero;PROVIDENCIA                   ;METROPOLITANA;89990;1;1;0;0;0;1;1;89990;CELULAR MOTO E7 32GB GRIS OPEN;TELEFONIA
19141954;;F;27;CHILENO;;Z;SAN ANTONIO                   ;VALPARAISO;169990;1;1;0;0;0;1;1;169990;CELULAR MOTOROLA G30 GRIS WOM 128 GB;TELEFONIA
15106645;;M;40;CHILENO;;X;PROVIDENCIA                   ;METROPOLITANA;216980;2;1;2;1;216980;0;0;0;POCO X3 PRO 256 GB PHANTOM BLACK;TELEFONIA
11301331;;M;53;CHILENO;;X;CONTULMO                      ;BIO BIO;282960;4;2;0;0;0;4;2;282960;CELULAR A12 128GB Negro OPEN;TELEFONIA
15159141;;M;37;CHILENO;;Millenial;LA FLORIDA                    ;METROPOLITANA;290980;2;1;2;1;290980;0;0;0;CELULAR 11 LITE 5G NE 8/128GB PEACH PINK OPEN;TELEFONIA
15763849;;M;38;CHILENO;;X;VILLA ALEMANA                 ;VALPARAISO;202930;7;2;0;0;0;7;2;202930;CELULAR MOTOROLA MOTO G20 64GB ROSA FLAMINGO;TELEFONIA
12363929;;F;48;CHILENO;;X;RINCONADA                     ;VALPARAISO;129990;1;1;0;0;0;1;1;129990;CELULAR MOTOROLA G20 EDICION ESPECIAL VERDE CLAR;TELEFONIA
11904305;;M;51;CHILENO;;X;LEBU                          ;BIO BIO;199990;1;1;0;0;0;1;1;199990;CELULAR A22 128GB NEGRO;TELEFONIA
18985054;;F;27;CHILENO;;Z;N/D;N/D;990;1;1;0;0;0;1;1;990;CHIP OPEN ENTEL;TELEFONIA
16511111;;F;35;CHILENO;;Millenial;N/D;N/D;99990;1;1;0;0;0;1;1;99990;SMARTPHONE A03S AZUL 32GB;TELEFONIA
11737879;;M;51;CHILENO;;Silencioso;PROVIDENCIA                   ;METROPOLITANA;553980;2;1;2;1;553980;0;0;0;IPHONE 11 128GB BLACK CLARO;TELEFONIA
26520969;;M;42;CHILENO;;Extranjero;QUILLOTA                      ;VALPARAISO;374970;3;2;3;2;374970;0;0;0;CELULAR XIAOMI POCO X3 PRO 128GB PANTHOM BLACK;TELEFONIA
7049261;Soltero;F;66;CHILENO;PROFESOR;Boomers;SAN MIGUEL                    ;METROPOLITANA;99990;1;1;0;0;0;1;1;99990;CELULAR VIVO Y11S 32GB NEBULA BLUE OPEN;TELEFONIA
14687744;;M;58;CHILENO;;Extranjero;RENCA                         ;METROPOLITANA;109990;2;1;0;0;0;2;1;109990;CELULAR VIVO Y21S MIDNIGHT BLUE 128 GB OPEN;TELEFONIA
13942395;;F;41;CHILENO;;X;"";"";123980;2;1;2;1;123980;0;0;0;CELULAR A12 128GB Rojo OPEN;TELEFONIA
13598900;;M;43;CHILENO;;X;RENCA                         ;METROPOLITANA;145980;2;1;0;0;0;2;1;145980;SMARTPHONE A03S AZUL 32GB;TELEFONIA
19556571;;F;24;CHILENO;;Z;N/D;N/D;330630;5;2;4;1;240640;1;1;89990;CELULAR MOTO E7 32GB GRIS OPEN;TELEFONIA
12770053;;F;47;CHILENO;;Millenial;N/D;N/D;120980;2;1;0;0;0;2;1;120980;CELULAR A12 128GB Rojo OPEN;TELEFONIA
19373042;;F;25;CHILENO;;Z;N/D;N/D;649990;1;1;0;0;0;1;1;649990;Celular Galaxy S21 Phantom Grey 128GB;TELEFONIA
13733633;;M;45;CHILENO;;X;TEMUCO                        ;ARAUCANIA;167970;3;1;0;0;0;3;1;167970;CELULAR XIAOMI REDMI 9A 2/32GB GRANITE GRAY;TELEFONIA
12799375;;M;47;CHILENO;;X;PADRE HURTADO                 ;METROPOLITANA;21990;1;1;0;0;0;1;1;21990;CELULAR AZUMI L4G BLACK CLARO;TELEFONIA
9511642;Casado;M;60;CHILENO;;Boomers;RENCA                         ;METROPOLITANA;656980;2;1;2;1;656980;0;0;0;CELULAR IPHONE 12 64GB BLACK CLARO;TELEFONIA
9801931;;M;59;CHILENO;;Boomers;PROVIDENCIA                   ;METROPOLITANA;99990;1;1;0;0;0;1;1;99990;CELULAR VIVO Y11S 32GB NEBULA BLUE OPEN;TELEFONIA
20333261;;M;22;CHILENO;;Z;ANGOL                         ;ARAUCANIA;119990;1;1;0;0;0;1;1;119990;CELULAR A12 128GB Azul OPEN;TELEFONIA
18015498;Soltero;M;30;CHILENO;;Millenial;PROVIDENCIA                   ;METROPOLITANA;709990;2;1;0;0;0;2;1;709990;CELULAR SAMSUNG S21 FE 128GB GRAY OPEN;TELEFONIA
10571839;Soltero;M;57;CHILENO;;Boomers;PROVIDENCIA                   ;METROPOLITANA;149991;2;1;0;0;0;2;1;149991;CELULAR A12 128GB Azul OPEN;TELEFONIA
10533950;;M;65;CHILENO;;Boomers;SAN CARLOS                    ;BIO BIO;176980;2;1;0;0;0;2;1;176980;CELULAR A12 128GB Azul OPEN;TELEFONIA
11652150;Casado;M;52;CHILENO;;X;RENCA                         ;METROPOLITANA;289990;3;1;3;1;289990;0;0;0;CELULAR A52 128 GB LIGHT VIOLET OPEN;TELEFONIA
15683397;;F;38;CHILENO;;X;N/D;N/D;489980;2;2;2;2;489980;0;0;0;CELULAR XIAOMI POCO X3 PRO 128GB PANTHOM BLACK;TELEFONIA
17379138;;M;33;CHILENO;;Millenial;ANTOFAGASTA                   ;ANTOFAGASTA;76980;3;1;0;0;0;3;1;76980;CELULAR VIVO Y11S PHANTON BLACK 32GB MOVISTAR;TELEFONIA
11215017;Casado;M;55;CHILENO;INGENIERO AGRICOLA;Boomers;RENCA                         ;METROPOLITANA;99990;1;1;0;0;0;1;1;99990;CELULAR VIVO Y11S 32 GB NEBULA BLUE WOM;TELEFONIA
17495526;;F;32;CHILENO;;Millenial;N/D;N/D;291970;3;2;2;1;201980;1;1;89990;CELULAR XIAOMI REDMI 9A 2/32GB GRANITE GRAY;TELEFONIA
9963361;Casado;M;57;CHILENO;INGENIERO FORESTAL;Boomers;PUERTO MONTT                  ;LOS LAGOS;389990;1;1;0;0;0;1;1;389990;CELULAR GALAXY S20FE 128GB CLOUD GREEN OPEN;TELEFONIA
12798759;;F;46;CHILENO;;X;PROVIDENCIA                   ;METROPOLITANA;280950;5;3;5;3;280950;0;0;0;CELULAR POCO X3 PRO 256 GB FROST BLUE;TELEFONIA
9451562;;F;61;CHILENO;;Boomers;RENCA                         ;METROPOLITANA;218970;3;2;0;0;0;3;2;218970;CELULAR A12 128GB Azul OPEN;TELEFONIA
9980408;;F;60;CHILENO;;Boomers;PROVIDENCIA                   ;METROPOLITANA;155980;2;1;2;1;155980;0;0;0;CELULAR MOTOROLA G30 GRIS WOM 128 GB;TELEFONIA
8655188;;F;64;CHILENO;;Boomers;ILLAPEL                       ;COQUIMBO;329970;3;3;0;0;0;3;3;329970;CELULAR VIVO Y11S 32 GB NEBULA BLUE WOM;TELEFONIA
19544481;;F;25;CHILENO;;Z;N/D;N/D;119990;1;1;0;0;0;1;1;119990;CELULAR A12 128GB Azul OPEN;TELEFONIA
12238885;;F;49;CHILENO;;X;LOS ANDES                     ;VALPARAISO;35990;1;3;0;0;0;1;3;35990;CELULAR BMOBILE BS30 BLACK OPEN;TELEFONIA
8931436;;F;58;CHILENO;;Boomers;PUNTA ARENAS                  ;MAGALLANES;539990;1;1;0;0;0;1;1;539990;CELULAR SAMSUNG NOTE 20 MYSTIC GRAY OPEN;TELEFONIA
8778876;;M;62;CHILENO;;Boomers;N/D;N/D;60980;2;1;0;0;0;2;1;60980;CELULAR NOKIA QUEEN VALUE BLACK CLARO;TELEFONIA
10094783;;M;57;CHILENO;;Boomers;COIHAIQUE                     ;AYSEN;506960;4;4;0;0;0;4;4;506960;CELULAR REDMI NOTE 10S 128GB ONIX BLACK;TELEFONIA
18974553;;F;27;CHILENO;;Millenial;PROVIDENCIA                   ;METROPOLITANA;159990;1;1;1;1;159990;0;0;0;SMARTHPHONE REDMI 10 US 64GB SEA BLUE;TELEFONIA
9541372;;M;59;CHILENO;;Boomers;N/D;N/D;990;1;1;0;0;0;1;1;990;KIT PACK OPEN RETAIL 4G TELEFONICA;TELEFONIA
16409917;;M;35;CHILENO;;Millenial;N/D;N/D;209990;1;1;0;0;0;1;1;209990;CELULAR REDMI NOTE 10S 128GB ONIX BLACK;TELEFONIA
26888876;;F;30;EXTRANJERO - NO INFORMA NACIONALIDAD;;Extranjero;N/D;N/D;711941;7;4;0;0;0;7;4;711941;CELULAR MOTO G20 EDICION ESPECIAL 4/128 GB AZUL;TELEFONIA
10810602;;M;51;CHILENO;;X;PROVIDENCIA                   ;METROPOLITANA;129990;1;1;1;1;129990;0;0;0;CELULAR MOTOROLA G20 EDICION ESPECIAL VERDE CLAR;TELEFONIA
13600789;;M;42;CHILENO;;X;LINARES                       ;MAULE;285980;3;1;0;0;0;3;1;285980;SMARTPHONE A52S 5G WHITE 128GB;TELEFONIA
17098663;;M;33;CHILENO;;Millenial;SAN JAVIER                    ;MAULE;989971;4;3;0;0;0;4;3;989971;CELULAR SMARTPHONE A52S 5G BLACK 128GB;TELEFONIA
15816497;Soltero;M;37;CHILENO;;Millenial;PROVIDENCIA                   ;METROPOLITANA;199990;1;1;0;0;0;1;1;199990;CELULAR VIVO Y21S PEARL WHITE 128 GB OPEN;TELEFONIA
17367900;;F;33;CHILENO;;Millenial;PROVIDENCIA                   ;METROPOLITANA;0;0;2;0;2;0;0;0;0;REDMI 10 US 128GB Carbon Gray;TELEFONIA
13757436;;F;41;CHILENO;;X;RECOLETA                      ;METROPOLITANA;262960;4;2;4;2;262960;0;0;0;POCO X3 PRO 256 GB METAL BRONCE;TELEFONIA
13795528;;M;42;CHILENO;;X;"";"";266950;6;3;0;0;0;6;3;266950;CELULAR MOTO G20 EDICION ESPECIAL 4/128 GB AZUL;TELEFONIA
13686409;;F;43;CHILENO;;X;PROVIDENCIA                   ;METROPOLITANA;99990;1;1;1;1;99990;0;0;0;CELULAR NOKIA 5.3 CHARCOAL TRI ENTEL;TELEFONIA
16827846;Casado;F;34;CHILENO;PROFESOR;Millenial;PROVIDENCIA                   ;METROPOLITANA;961930;8;4;8;4;961930;0;0;0;CELULAR MOTOROLA G30 GRIS WOM 128 GB;TELEFONIA
24949571;;M;35;COLOMBIANO;;Extranjero;CONCHALI                      ;METROPOLITANA;729990;3;1;3;1;729990;0;0;0;CELULAR SAMSUNG S21 FE 128GB GRAY OPEN;TELEFONIA
9812771;;M;59;CHILENO;;Boomers;LOS SAUCES                    ;ARAUCANIA;215960;4;3;0;0;0;4;3;215960;CELULAR XIAOMI REDMI 9A 32GB GRANITE GRAY TRI WO;TELEFONIA
11704070;;F;51;CHILENO;;X;VALDIVIA                      ;LOS RIOS;64990;1;1;0;0;0;1;1;64990;CELULAR MOTOROLA E6 PLAY AZUL TRI WOM;TELEFONIA
8504374;;M;63;CHILENO;;Boomers;VALPARAISO                    ;VALPARAISO;139990;1;1;0;0;0;1;1;139990;CELULAR MOTO G20 EDICION ESPECIAL 4/128 GB VERDE;TELEFONIA
15556974;;F;39;CHILENO;;X;VALPARAISO                    ;VALPARAISO;89990;2;1;0;0;0;2;1;89990;CELULAR Xiaomi Redmi 9 64 GB Morado WOM;TELEFONIA
20254414;;M;24;CHILENO;;Z;N/D;N/D;437980;2;2;0;0;0;2;2;437980;CELULAR GALAXY S20FE 128GB CLOUD LAVENDER OPEN;TELEFONIA
12639354;;F;48;CHILENO;;X;RENCA                         ;METROPOLITANA;259980;2;1;0;0;0;2;1;259980;CELULAR A12 128GB Negro OPEN;TELEFONIA
18479965;Casado;F;29;CHILENO;;Millenial;PROVIDENCIA                   ;METROPOLITANA;189990;1;1;1;1;189990;0;0;0;CELULAR REDMI NOTE 10S 128GB ONIX BLACK;TELEFONIA
13773806;;F;42;CHILENO;;X;PROVIDENCIA                   ;METROPOLITANA;166980;2;1;0;0;0;2;1;166980;SMARTPHONE A03S AZUL 32GB;TELEFONIA
11780774;Casado;M;50;CHILENO;;X;RENCA                         ;METROPOLITANA;156980;2;1;0;0;0;2;1;156980;Celular XIAOMI REDMI 9 64 GB DIRECTO CLARO NEGRO;TELEFONIA
15091500;Soltero;F;39;CHILENO;PROFESOR;X;CONCEPCION                    ;BIO BIO;219990;1;1;0;0;0;1;1;219990;CELULAR RENO5 LITE VIOLETA 128GB;TELEFONIA
17366997;;M;31;CHILENO;;Millenial;LOS LAGOS                     ;LOS LAGOS;239990;1;1;1;1;239990;0;0;0;POCO X3 PRO 256 GB PHANTOM BLACK;TELEFONIA
17502901;;F;32;CHILENO;;Millenial;PROVIDENCIA                   ;METROPOLITANA;159981;3;2;0;0;0;3;2;159981;CELULAR A12 128GB Azul OPEN;TELEFONIA
8591142;;F;66;CHILENO;;Boomers;VALDIVIA                      ;LOS LAGOS;97980;3;1;0;0;0;3;1;97980;CELULAR VIVO Y11S PHANTON BLACK 32GB MOVISTAR;TELEFONIA
17929232;;F;30;CHILENO;;Millenial;"";"";282970;3;2;0;0;0;3;2;282970;CELULAR VIVO Y11S PHANTOM BLACK OPEN;TELEFONIA
10273353;;M;55;CHILENO;;Boomers;RENCA                         ;METROPOLITANA;79990;1;1;0;0;0;1;1;79990;CELULAR XIAOMI REDMI 9A 32GB GRANITE GRAY TRI WO;TELEFONIA
16771042;;F;34;CHILENO;;Millenial;PROVIDENCIA                   ;METROPOLITANA;419990;1;1;1;1;419990;0;0;0;CELULAR XIAOMI 11T 8/256GB CELESTIAL BLUE OPEN;TELEFONIA
6115020;;F;75;CHILENO;;Silencioso;TALCA                         ;MAULE;144970;3;3;0;0;0;3;3;144970;CELULAR CLARO MOTOROLA E7 32GB GRIS;TELEFONIA
26160585;;M;51;HAITIANO;;X;QUILICURA                     ;METROPOLITANA;109990;1;1;0;0;0;1;1;109990;CELULAR OPPO A15 BLACK 32GB CLARO;TELEFONIA
9601881;;F;60;CHILENO;;Boomers;PROVIDENCIA                   ;METROPOLITANA;119990;1;1;0;0;0;1;1;119990;SMARTPHONE A03S 32 GB ROJO;TELEFONIA
24900501;;F;30;COLOMBIANO;;Extranjero;N/D;N/D;414980;3;2;0;0;0;3;2;414980;CELULAR SMARTPHONE A52S 5G LIGHT VIOLET 128GB;TELEFONIA
15502048;;F;39;CHILENO;;X;HUALANE                       ;MAULE;337860;3;2;0;0;0;3;2;337860;CELULAR VIVO Y21S PEARL WHITE 128 GB OPEN;TELEFONIA
11383147;;M;53;CHILENO;;X;OVALLE                        ;COQUIMBO;399991;2;1;0;0;0;2;1;399991;CELULAR GALAXY S20FE 128GB CLOUD LAVENDER OPEN;TELEFONIA
17399364;Soltero;M;32;CHILENO;CIRUJANO DENTISTA;Millenial;PROVIDENCIA                   ;METROPOLITANA;849990;1;1;0;0;0;1;1;849990;Celular Galaxy S21 Ultra Phantom Black 128GB;TELEFONIA
26236042;;F;31;VENEZOLANO;;Extranjero;MELIPILLA                     ;METROPOLITANA;237960;4;2;4;2;237960;0;0;0;CELULAR A32 128 GB LIGHT VIOLET OPEN;TELEFONIA
24171126;;M;45;BOLIVIANO;;Extranjero;PENALOLEN                     ;METROPOLITANA;139990;1;1;0;0;0;1;1;139990;CELULAR A12 128GB Azul OPEN;TELEFONIA
6850817;Casado;M;70;CHILENO;;Silencioso;RENCA                         ;METROPOLITANA;141970;3;2;0;0;0;3;2;141970;CELULAR VIVO Y11S PHANTON BLACK 32GB MOVISTAR;TELEFONIA
26896299;;F;32;VENEZOLANO;;Extranjero;LOS ANGELES                   ;BIO BIO;169990;2;1;0;0;0;2;1;169990;CELULAR REDMI NOTE 10S 128GB ONIX BLACK;TELEFONIA
14445417;;F;46;CHILENO;;X;SAGRADA FAMILIA               ;MAULE;179980;3;2;0;0;0;3;2;179980;CELULAR MOTO G20 64GB ROSA FLAMINGO OPEN;TELEFONIA
13296809;;M;44;CHILENO;;Millenial;"";"";191980;2;1;0;0;0;2;1;191980;CELULAR A12 128GB Azul OPEN;TELEFONIA
17510915;;M;32;CHILENO;;Millenial;SAN VICENTE                   ;L.G.B.OÂ´HIGGINS;920950;5;2;0;0;0;5;2;920950;CELULAR XIAOMI 11T PRO 8/256GB METEORITE GRAY;TELEFONIA
10995577;;M;40;CHILENO;;X;COIHAIQUE                     ;AYSEN;119990;1;1;0;0;0;1;1;119990;SMARTPHONE A03S AZUL 32GB;TELEFONIA
19817681;;F;24;CHILENO;;Z;COIHAIQUE                     ;AYSEN;239990;1;1;0;0;0;1;1;239990;CELULAR POCO X3 PRO 256 GB FROST BLUE;TELEFONIA
17211140;Soltero;F;33;CHILENO;;Millenial;PROVIDENCIA                   ;METROPOLITANA;134990;2;1;0;0;0;2;1;134990;CELULAR A12 128GB Rojo OPEN;TELEFONIA
15639545;;F;38;CHILENO;;X;PROVIDENCIA                   ;METROPOLITANA;877960;4;2;4;2;877960;0;0;0;CELULAR XIAOMI 11T 8/256GB MOONLIGHT WHITE KIT O;TELEFONIA
5263729;;M;77;CHILENO;;Silencioso;RENCA                         ;METROPOLITANA;36990;2;1;0;0;0;2;1;36990;CELULAR NOKIA 225 4G BLACK MOVISTAR DIRECTO;TELEFONIA
18356882;Soltero;F;29;CHILENO;;Millenial;N/D;N/D;323980;2;1;2;1;323980;0;0;0;CELULAR SMARTPHONE A52S 5G LIGHT VIOLET 128GB;TELEFONIA
20022446;;F;23;CHILENO;;Z;PROVIDENCIA                   ;METROPOLITANA;154980;2;1;2;1;154980;0;0;0;CELULAR HUAWEI Y8S CLARO DIRECTO BLACK;TELEFONIA
26180549;;F;39;PERUANO;;Extranjero;N/D;N/D;334980;3;2;0;0;0;3;2;334980;MOTOROLA MOTO G50 AZUL 128 GB WOM;TELEFONIA
20451482;;M;32;CHILENO;;Millenial;PROVIDENCIA                   ;METROPOLITANA;799990;1;1;1;1;799990;0;0;0;Celular Galaxy S21 Ultra Phantom Black 128GB;TELEFONIA
11406218;;F;53;CHILENO;;X;CURANILAHUE                   ;BIO BIO;239980;2;1;0;0;0;2;1;239980;CELULAR MOTOROLA MOTO G20 64GB ROSA FLAMINGO;TELEFONIA
18284483;;F;29;CHILENO;;Millenial;TEMUCO                        ;ARAUCANIA;529950;8;4;0;0;0;8;4;529950;CELULAR REDMI NOTE 10S 128GB PEBBLE WHITE;TELEFONIA
17801123;;M;30;CHILENO;;Millenial;N/D;N/D;169990;1;1;0;0;0;1;1;169990;MOTO G30 LILA PASTEL 128GB MOVISTAR;TELEFONIA
16345317;;F;36;CHILENO;;Millenial;N/D;N/D;99990;1;1;1;1;99990;0;0;0;CELULAR VIVO Y11S NEBULA BLUE 32GB OPEN;TELEFONIA
11911119;;M;51;CHILENO;;X;CHILE CHICO                   ;AYSEN;154990;1;1;0;0;0;1;1;154990;CELULAR REDMI NOTE 10 128GB ONIX GRAY OPEN;TELEFONIA
10234903;;F;51;CHILENO;;X;PROVIDENCIA                   ;METROPOLITANA;603980;2;1;2;1;603980;0;0;0;CELULAR IPHONE 12 MINI 64GB BLACK CLARO;TELEFONIA
18147938;;F;29;CHILENO;;Silencioso;PROVIDENCIA                   ;METROPOLITANA;606980;2;1;2;1;606980;0;0;0;Celular Galaxy S21 Phantom White 128GB;TELEFONIA
15390084;;F;38;CHILENO;;Millenial;CURACAVI                      ;METROPOLITANA;163980;2;1;2;1;163980;0;0;0;IPHONE 7 32GB LIB OPEN SILVER;TELEFONIA
9170095;;F;60;CHILENO;;Boomers;CHILLAN                       ;BIO BIO;289990;1;1;0;0;0;1;1;289990;CELULAR SMARTPHONE A52S 5G LIGHT VIOLET 128GB;TELEFONIA
16450744;;M;35;CHILENO;;Millenial;VALLENAR;ATACAMA;99991;2;1;0;0;0;2;1;99991;CELULAR VIVO Y11S 32GB NEBULA BLUE OPEN;TELEFONIA
17273698;;F;33;CHILENO;;Millenial;PROVIDENCIA                   ;METROPOLITANA;140980;4;1;0;0;0;4;1;140980;CELULAR MOTO G20 64GB ROSA FLAMINGO OPEN;TELEFONIA
12395584;;F;49;CHILENO;;X;TALTAL                        ;ANTOFAGASTA;199990;1;1;0;0;0;1;1;199990;CELULAR VIVO Y21S PEARL WHITE 128 GB OPEN;TELEFONIA
18195388;;F;30;CHILENO;;Millenial;TOCOPILLA                     ;ANTOFAGASTA;995950;5;3;0;0;0;5;3;995950;CELULAR A32 128 GB LIGHT VIOLET OPEN;TELEFONIA
17872175;;F;30;CHILENO;;Millenial;N/D;N/D;159990;1;1;0;0;0;1;1;159990;SMARTHPHONE REDMI 10 US 64GB SEA BLUE;TELEFONIA
13463820;;M;44;CHILENO;;X;RENCA                         ;METROPOLITANA;239980;2;2;0;0;0;2;2;239980;CELULAR MOTO E7 GRIS MINERAL MOVISTAR;TELEFONIA
7907003;;F;64;CHILENO;;Boomers;N/D;N/D;286970;3;2;0;0;0;3;2;286970;SMARTPHONE A03S 32 GB ROJO;TELEFONIA
9447642;;M;59;CHILENO;;Boomers;RETIRO                        ;MAULE;149990;1;1;0;0;0;1;1;149990;SMARTPHONE A03S 64 GB S/SIM NEGRO;TELEFONIA
8465201;;M;64;CHILENO;;Boomers;PROVIDENCIA                   ;METROPOLITANA;59990;1;1;0;0;0;1;1;59990;CELULAR NOKIA C1 PLUS BLUE;TELEFONIA
14567895;;F;42;CHILENO;;X;VILLA ALEMANA                 ;VALPARAISO;219980;4;1;0;0;0;4;1;219980;CELULAR VIVO Y20 BLACK 64GB MOVISTAR;TELEFONIA
17547446;;F;32;CHILENO;;Millenial;RIO IBANEZ                    ;AYSEN;149990;1;1;0;0;0;1;1;149990;CELULAR XIAOMI REDMI 9T 128GB BLACK CLARO;TELEFONIA
24318329;;F;32;BOLIVIANO;;Extranjero;N/D;N/D;54990;2;1;0;0;0;2;1;54990;CELULAR Redmi 9C 32GB Gray WOM;TELEFONIA
15558249;;F;39;CHILENO;;X;N/D;N/D;289990;1;1;1;1;289990;0;0;0;CELULAR SMARTPHONE A52S 5G LIGHT GREEN 128GB;TELEFONIA
17654580;;M;31;CHILENO;;Millenial;N/D;N/D;149991;2;1;0;0;0;2;1;149991;CELULAR MOTO G30 128GB LILA PASTEL OPEN;TELEFONIA
13360515;;F;44;CHILENO;;X;SALAMANCA                     ;COQUIMBO;179990;1;1;0;0;0;1;1;179990;CELULAR A22 128GB NEGRO;TELEFONIA
23781840;;F;33;CHILENO;;Extranjero;"";"";293980;2;3;2;3;293980;0;0;0;CELULAR SMARTPHONE A52S 5G LIGHT GREEN 128GB;TELEFONIA
14748354;Soltero;M;31;CHILENO;MEDICO CIRUJANO;Extranjero;PROVIDENCIA                   ;METROPOLITANA;459980;2;1;0;0;0;2;1;459980;CELULAR REDMI NOTE 10S 128GB PEBBLE WHITE;TELEFONIA
18489589;;M;29;CHILENO;;Millenial;"";"";189990;1;1;0;0;0;1;1;189990;CELULAR A32 128 GB LIGHT VIOLET OPEN;TELEFONIA
11963211;;F;49;CHILENO;;X;RENCA                         ;METROPOLITANA;19990;1;1;0;0;0;1;1;19990;CELULAR AZUMI L4G BLACK CLARO;TELEFONIA
18487745;;M;28;CHILENO;;Millenial;MELIPILLA                     ;METROPOLITANA;99990;1;1;0;0;0;1;1;99990;CELULAR VIVO Y11S 32GB NEBULA BLUE OPEN;TELEFONIA
13390447;;F;43;CHILENO;;X;LEBU                          ;BIO BIO;1537000;9;5;0;0;0;9;5;1537000;CELULAR A32 128 GB LIGHT VIOLET OPEN;TELEFONIA
16765407;;F;34;CHILENO;;Millenial;"";"";205840;2;1;2;1;205840;0;0;0;POCO X3 PRO 256 GB METAL BRONCE;TELEFONIA
11813621;;M;51;CHILENO;;X;ARICA                         ;ARICA Y PARINACOTA;244980;2;2;0;0;0;2;2;244980;CELULAR A22 128GB NEGRO;TELEFONIA
13180481;;F;45;CHILENO;;X;PUNITAQUI                     ;COQUIMBO;44990;2;1;0;0;0;2;1;44990;CELULAR MOTOROLA E7 IPOWER 32GB BLUE CLARO;TELEFONIA
15198242;Casado;F;39;CHILENO;;X;RENCA                         ;METROPOLITANA;189980;2;2;0;0;0;2;2;189980;CELULAR REDMI 9T 128 GB OCEAN GREEN;TELEFONIA
11609233;;M;52;CHILENO;;Millenial;N/D;N/D;223980;2;1;0;0;0;2;1;223980;CELULAR SAMSUNG A12 128GB BLACK CLARO;TELEFONIA
13754713;;M;42;CHILENO;;X;N/D;N/D;219990;1;1;0;0;0;1;1;219990;CELULAR REDMI NOTE 10S 128GB PEBBLE WHITE;TELEFONIA
4710604;;M;80;CHILENO;;Silencioso;LA LIGUA                      ;VALPARAISO;289990;1;1;0;0;0;1;1;289990;CELULAR SMARTPHONE A52S 5G BLACK 128GB;TELEFONIA
14901613;Soltero;F;41;CHILENO;;X;PROVIDENCIA                   ;METROPOLITANA;139990;1;1;1;1;139990;0;0;0;CELULAR MOTO ONE FUSION 128GB AZUL OPEN;TELEFONIA
12775666;;F;47;CHILENO;;X;"";"";316982;2;1;0;0;0;2;1;316982;CELULAR REDMI NOTE 10S 128GB PEBBLE WHITE;TELEFONIA
11768985;;F;51;CHILENO;;X;PARRAL                        ;MAULE;484970;3;3;0;0;0;3;3;484970;CELULAR REDMI NOTE 10 PRO 6+128GB ONYX GRAY;TELEFONIA
10568741;;F;57;CHILENO;;Boomers;TALCA                         ;MAULE;138980;3;1;0;0;0;3;1;138980;CELULAR MOTOROLA MOTO G20 64GB ROSA FLAMINGO;TELEFONIA
20985768;;M;20;CHILENO;;Z;PENALOLEN;METROPOLITANA;297940;6;3;6;3;297940;0;0;0;POCO X3 PRO 256 GB METAL BRONCE;TELEFONIA
14471585;;F;45;CHILENO;;X;COLTAUCO                      ;L.G.B.OÂ´HIGGINS;1907470;12;7;0;0;0;12;7;1907470;CELULAR CLARO MOTOROLA E7 32GB GRIS;TELEFONIA
10084301;Soltero;F;51;CHILENO;;X;RINCONADA;VALPARAISO;299990;1;1;1;1;299990;0;0;0;CELULAR IPHONE SE 64GB DIRECTO CLARO;TELEFONIA
9656365;;F;59;CHILENO;;Boomers;MONTE PATRIA                  ;COQUIMBO;219990;1;1;0;0;0;1;1;219990;CELULAR HUAWEI Y9A BLACK OPEN;TELEFONIA
6743242;;M;68;CHILENO;;Silencioso;RENCA                         ;METROPOLITANA;149990;1;1;0;0;0;1;1;149990;CELULAR A12 128GB Negro OPEN;TELEFONIA
8212309;;F;64;CHILENO;;Boomers;RENCA                         ;METROPOLITANA;199980;2;1;0;0;0;2;1;199980;CELULAR VIVO Y11S NEBULA BLUE 32GB OPEN;TELEFONIA
12153813;;F;50;CHILENO;;X;RENCA                         ;METROPOLITANA;149990;1;1;0;0;0;1;1;149990;SMARTPHONE A03S 64 GB NEGRO;TELEFONIA
13777421;Soltero;F;42;CHILENO;;X;PROVIDENCIA                   ;METROPOLITANA;199990;1;1;0;0;0;1;1;199990;CELULAR A32 128 GB LIGHT VIOLET OPEN;TELEFONIA
14324292;;M;45;CHILENO;;X;CONSTITUCION                  ;MAULE;197040;6;3;0;0;0;6;3;197040;CELULAR XIAOMI REDMI 9T TWILIGHT BLUE MOVISTAR;TELEFONIA
26732302;;F;35;VENEZOLANO;;Extranjero;LA FLORIDA                    ;METROPOLITANA;1003960;4;2;2;1;133980;2;1;869980;Celular Galaxy S21 Ultra Phantom Silver 128GB;TELEFONIA
4946194;;M;75;CHILENO;;Silencioso;SANTIAGO                      ;METROPOLITANA;119990;1;1;0;0;0;1;1;119990;SMARTPHONE A03S NEGRO 32GB;TELEFONIA
12569745;;M;48;CHILENO;;X;LA SERENA                     ;COQUIMBO;154990;2;1;0;0;0;2;1;154990;CELULAR A32 128 GB LIGHT VIOLET OPEN;TELEFONIA
18010488;;F;30;CHILENO;;Millenial;PROVIDENCIA                   ;METROPOLITANA;249970;3;1;0;0;0;3;1;249970;POCO X3 PRO US 128G METAL BRONZE;TELEFONIA
12415248;;M;48;CHILENO;;X;SANTA CRUZ                    ;L.G.B.OÂ´HIGGINS;209990;1;1;0;0;0;1;1;209990;CELULAR A32 128 GB LIGHT VIOLET OPEN;TELEFONIA
12949515;;F;45;CHILENO;;X;RENCA                         ;METROPOLITANA;1099980;2;1;0;0;0;2;1;1099980;Celular Galaxy S21 Ultra Phantom Silver 128GB;TELEFONIA
17716666;;M;31;CHILENO;;Millenial;PROVIDENCIA                   ;METROPOLITANA;163980;2;2;1;1;139990;1;1;23990;CELULAR A12 128GB Azul OPEN;TELEFONIA
5864136;;M;72;CHILENO;;Silencioso;RENCA                         ;METROPOLITANA;273980;2;1;2;1;273980;0;0;0;CELULAR REDMI NOTE 10 PRO 6+128GB ONYX GRAY;TELEFONIA
9627160;;M;60;CHILENO;;Boomers;LIMACHE                       ;VALPARAISO;390961;5;2;0;0;0;5;2;390961;SMARTHPHONE REDMI 10 US 64GB SEA BLUE;TELEFONIA
26253133;;F;44;COLOMBIANO;;Extranjero;CERRO NAVIA                   ;METROPOLITANA;399990;1;1;0;0;0;1;1;399990;CELULAR A72 128 GB BLACK OPEN;TELEFONIA
10787639;;F;56;CHILENO;;Boomers;N/D;N/D;139990;1;2;0;0;0;1;2;139990;Celular XIAOMI REDMI 9 64 GB DIRECTO CLARO NEGRO;TELEFONIA
16275749;;F;35;CHILENO;;Millenial;PROVIDENCIA                   ;METROPOLITANA;47500;0;2;0;0;0;0;2;47500;SMARTPHONE A03S 64 GB S/SIM NEGRO;TELEFONIA
17795084;;F;31;CHILENO;;Millenial;CURICO                        ;MAULE;195480;2;1;2;1;195480;0;0;0;CELULAR A32 128 GB LIGHT VIOLET OPEN;TELEFONIA
16425947;;F;35;CHILENO;;Millenial;CARAHUE                       ;ARAUCANIA;119990;1;1;0;0;0;1;1;119990;SMARTPHONE A03S AZUL 32GB;TELEFONIA
16200605;;M;36;CHILENO;;Millenial;QUILPUE                       ;VALPARAISO;104980;2;1;2;1;104980;0;0;0;CELULAR MOTOROLA G20 64GB BLUE CLARO;TELEFONIA
6597226;Viudo;M;69;CHILENO;;Silencioso;RENCA                         ;METROPOLITANA;85130;3;1;0;0;0;3;1;85130;CELULAR NOKIA C1 PLUS BLUE;TELEFONIA
10025707;;F;55;CHILENO;;Boomers;BUIN                          ;METROPOLITANA;127980;3;1;0;0;0;3;1;127980;SMARTHPHONE REDMI 10 US 64GB SEA BLUE;TELEFONIA
15900555;;F;37;CHILENO;;Millenial;N/D;N/D;85990;1;1;1;1;85990;0;0;0;CELULAR MOTO E7 32GB ROSA CORAL OPEN;TELEFONIA
18651069;;F;27;CHILENO;;Z;N/D;N/D;124990;1;1;0;0;0;1;1;124990;CELULAR MOTOROLA G30 GRIS WOM 128 GB;TELEFONIA
11413952;;F;53;CHILENO;;X;CASTRO                        ;LOS LAGOS;289980;2;2;0;0;0;2;2;289980;CELULAR MOTOROLA G9 PLAY 64GB ELECTRIC BLUE OPEN;TELEFONIA
16832824;;F;34;CHILENO;;Millenial;COPIAPO                       ;ATACAMA;438980;2;1;0;0;0;2;1;438980;CELULAR SMARTPHONE A52S 5G LIGHT VIOLET 128GB;TELEFONIA
13969352;;M;42;CHILENO;;X;AISEN                         ;AYSEN;264980;2;2;0;0;0;2;2;264980;CELULAR POCO X3 PRO 256 GB FROST BLUE;TELEFONIA
22888569;;F;40;CHILENO;;Extranjero;SALAMANCA                     ;COQUIMBO;529960;4;2;0;0;0;4;2;529960;CELULAR REDMI NOTE 10 PRO 6+128GB ONYX GRAY;TELEFONIA
11532270;Casado;F;52;CHILENO;;X;RENCA                         ;METROPOLITANA;19990;1;1;0;0;0;1;1;19990;CELULAR AZUMI L4G BLACK CLARO;TELEFONIA
9570261;;F;58;CHILENO;;Boomers;RENCA                         ;METROPOLITANA;203980;2;1;2;1;203980;0;0;0;CELULAR HUAWEI Y9A BLACK OPEN;TELEFONIA
17393648;;M;32;CHILENO;;Millenial;BUIN                          ;METROPOLITANA;131990;2;1;0;0;0;2;1;131990;CELULAR MOTO G30 GRIS TORNASOL 128GB MOVISTAR;TELEFONIA
14416014;;F;53;CHILENO;;X;ANGOL                         ;ARAUCANIA;489980;2;2;0;0;0;2;2;489980;SMARTPHONE A52S 5G WHITE 128GB;TELEFONIA
8581082;;F;53;CHILENO;;X;N/D;N/D;759340;5;2;0;0;0;5;2;759340;CELULAR VIVO Y11S 32GB NEBULA BLUE OPEN;TELEFONIA
16103416;;F;37;CHILENO;;Millenial;N/D;N/D;299990;2;1;0;0;0;2;1;299990;CELULAR SMARTPHONE A52S 5G LIGHT GREEN 128GB;TELEFONIA
12549713;;M;48;CHILENO;;X;SAN IGNACIO                   ;BIO BIO;166981;3;1;0;0;0;3;1;166981;SMARTPHONE A03S AZUL 32GB;TELEFONIA
22814508;;M;35;PERUANO;;Extranjero;FREIRINA                      ;ATACAMA;751940;6;5;5;4;651950;1;1;99990;POCO X3 PRO 256 GB PHANTOM BLACK;TELEFONIA
7627692;;F;65;CHILENO;;Boomers;COLINA                        ;METROPOLITANA;203970;3;2;0;0;0;3;2;203970;CELULAR A12 128GB Rojo OPEN;TELEFONIA
16695044;;F;34;CHILENO;;Millenial;N/D;N/D;437960;4;2;4;2;437960;0;0;0;CELULAR REDMI 9T 128 GB OCEAN GREEN;TELEFONIA
19210024;;M;26;CHILENO;;Z;PROVIDENCIA                   ;METROPOLITANA;100981;3;1;0;0;0;3;1;100981;CELULAR VIVO Y11S 32GB NEBULA BLUE OPEN;TELEFONIA
26496723;;M;41;HAITIANO;;Extranjero;CONCEPCION                    ;BIO BIO;191981;4;1;0;0;0;4;1;191981;CELULAR A12 128GB Azul OPEN;TELEFONIA
19916772;;F;23;CHILENO;;Z;SAN BERNARDO                  ;METROPOLITANA;224970;3;1;0;0;0;3;1;224970;CELULAR VIVO Y20S NEBULA 128 GB BLUE OPEN;TELEFONIA
10252898;;M;58;CHILENO;;Boomers;ILLAPEL                       ;COQUIMBO;159990;1;1;0;0;0;1;1;159990;CELULAR REDMI 9T 128 GB OCEAN GREEN;TELEFONIA
18031157;;F;30;CHILENO;;Millenial;N/D;N/D;0;0;2;0;0;0;0;2;0;Celular ALCATEL 1 4G 16GB ENTEL TRIANGULADO NEGR;TELEFONIA
23621045;;M;53;PERUANO;;Extranjero;N/D;N/D;409990;2;1;0;0;0;2;1;409990;CELULAR MOTO G100 128GB VERDE BOREAL + HMDI OPEN;TELEFONIA
15921468;;M;37;CHILENO;;Millenial;LINARES                       ;MAULE;229990;1;1;0;0;0;1;1;229990;VIVO Y53S DEEP SEA BLUE 128GB OPEN;TELEFONIA
20137644;;M;22;CHILENO;;Silencioso;PROVIDENCIA                   ;METROPOLITANA;209990;1;1;0;0;0;1;1;209990;CELULAR POCO X3 PRO 128G PHANTOM BLACK OPEN;TELEFONIA
19704609;;F;24;CHILENO;;Z;PROVIDENCIA                   ;METROPOLITANA;319990;1;1;1;1;319990;0;0;0;CELULAR SMARTPHONE A52S 5G LIGHT VIOLET 128GB;TELEFONIA
13452235;;F;44;CHILENO;;X;TALAGANTE                     ;METROPOLITANA;399990;1;1;0;0;0;1;1;399990;CELULAR GALAXY S20FE 128GB CLOUD LAVENDER OPEN;TELEFONIA
10720651;;F;57;CHILENO;;Boomers;PUERTO VARAS                  ;LOS LAGOS;230960;4;2;0;0;0;4;2;230960;CELULAR CLARO MOTOROLA E7 32GB GRIS;TELEFONIA
18986506;Soltero;M;26;CHILENO;;Z;PROVIDENCIA                   ;METROPOLITANA;199990;1;1;1;1;199990;0;0;0;CELULAR POCO X3 PRO 128G PHANTOM BLACK OPEN;TELEFONIA
16259974;;F;36;CHILENO;;Millenial;N/D;N/D;419990;1;1;0;0;0;1;1;419990;CELULAR HUAWEI P40 AZUL PROFUNDO OPEN;TELEFONIA
19835919;;M;24;CHILENO;;Z;"";"";239991;2;1;0;0;0;2;1;239991;POCO X3 PRO 256 GB PHANTOM BLACK;TELEFONIA
7302383;Casado;M;66;CHILENO;;Boomers;PROVIDENCIA                   ;METROPOLITANA;139990;1;1;0;0;0;1;1;139990;CELULAR MOTOROLA G20 64GB BLUE CLARO;TELEFONIA
13252563;;M;45;CHILENO;;X;N/D;N/D;89990;1;1;0;0;0;1;1;89990;CELULAR VIVO Y11S PHANTON BLACK 32GB MOVISTAR;TELEFONIA
16352589;;F;42;CHILENO;;X;VICTORIA                      ;ARAUCANIA;209991;2;1;0;0;0;2;1;209991;CELULAR A32 128 GB LIGHT VIOLET OPEN;TELEFONIA
11932335;;M;49;CHILENO;;X;RENCA                         ;METROPOLITANA;239980;2;2;2;2;239980;0;0;0;CELULAR MOTOROLA G9 PLAY 64GB ELECTRIC BLUE OPEN;TELEFONIA
12334688;;M;48;CHILENO;;X;TEODORO SCHMIDT               ;ARAUCANIA;156980;2;1;0;0;0;2;1;156980;SMARTPHONE A03S NEGRO 32GB;TELEFONIA
17096304;Soltero;M;33;CHILENO;INGENIERO COMERCIAL;Millenial;PROVIDENCIA                   ;METROPOLITANA;699990;2;1;2;1;699990;0;0;0;Celular Galaxy S21 Plus Phantom Violet 128GB;TELEFONIA
13451684;;F;45;CHILENO;;X;QUINTA NORMAL                 ;METROPOLITANA;95980;3;1;0;0;0;3;1;95980;CELULAR VIVO Y20S NEBULA 128 GB BLUE OPEN;TELEFONIA
18481529;;F;29;CHILENO;;Millenial;LA FLORIDA                    ;METROPOLITANA;586950;5;2;0;0;0;5;2;586950;CELULAR A12 128GB Rojo OPEN;TELEFONIA
15501612;;F;39;CHILENO;;X;ANTOFAGASTA                   ;ANTOFAGASTA;129991;2;1;0;0;0;2;1;129991;SMARTPHONE A03S AZUL 32GB;TELEFONIA
13930373;Casado;M;42;CHILENO;;X;PROVIDENCIA                   ;METROPOLITANA;189990;1;1;1;1;189990;0;0;0;CELULAR A32 128 GB LIGHT VIOLET OPEN;TELEFONIA
11216608;;M;55;CHILENO;;Boomers;NUEVA IMPERIAL                ;ARAUCANIA;84990;1;1;0;0;0;1;1;84990;CELULAR VIVO Y11S 32GB NEBULA BLUE OPEN;TELEFONIA
15352780;;F;40;CHILENO;;X;N/D;N/D;259990;1;1;0;0;0;1;1;259990;CELULAR MI 11 LITE 128GB BOBA BLACK OPEN;TELEFONIA
17793464;Casado;M;30;CHILENO;;Silencioso;PROVIDENCIA                   ;METROPOLITANA;189990;1;1;1;1;189990;0;0;0;CELULAR A32 128 GB BLUE OPEN;TELEFONIA
13925702;;F;42;CHILENO;;X;RENCA                         ;METROPOLITANA;173980;2;1;2;1;173980;0;0;0;CELULAR REDMI NOTE 9 DIRECTO CLARO BLUE;TELEFONIA
19631546;;M;25;CHILENO;;Millenial;N/D;N/D;219990;2;1;0;0;0;2;1;219990;POCO X3 PRO 256 GB PHANTOM BLACK;TELEFONIA
10746803;;M;55;CHILENO;;Boomers;PROVIDENCIA                   ;METROPOLITANA;99990;1;1;0;0;0;1;1;99990;Celular Y7P LIB OPEN AZUL;TELEFONIA
20001570;;F;23;CHILENO;;Z;PROVIDENCIA                   ;METROPOLITANA;113980;2;1;2;1;113980;0;0;0;Celular SAMSUNG A11 32GB ENTEL DIRECTO NEGRO;TELEFONIA
10498061;Soltero;M;56;CHILENO;AGRONOMO;Boomers;RENCA                         ;METROPOLITANA;32990;1;1;0;0;0;1;1;32990;CELULAR OWN 1026 AZUL ENTEL;TELEFONIA
7963428;;F;66;CHILENO;;Boomers;LA LIGUA                      ;VALPARAISO;174981;3;1;0;0;0;3;1;174981;CELULAR A12 128GB Azul OPEN;TELEFONIA
18572538;;M;28;CHILENO;;Millenial;PROVIDENCIA                   ;METROPOLITANA;15990;1;1;1;1;15990;0;0;0;REPETIDOR MI WIFI RANGE EXTENDER PRO XIAOMI;TELEFONIA
15427528;;F;39;CHILENO;;X;TEMUCO                        ;ARAUCANIA;576980;2;1;2;1;576980;0;0;0;IPHONE 11 128GB BLACK CLARO;TELEFONIA
9997175;;F;52;CHILENO;;X;LEBU                          ;BIO BIO;220980;2;1;0;0;0;2;1;220980;CELULAR REDMI NOTE 10 128GB ONIX GRAY OPEN;TELEFONIA
19698840;;F;24;CHILENO;;Z;CORONEL                       ;BIO BIO;129990;1;1;1;1;129990;0;0;0;CELULAR Moto One Fusion 128GB Blue WOM;TELEFONIA
6079208;;M;71;CHILENO;;Silencioso;RENCA                         ;METROPOLITANA;44990;1;1;0;0;0;1;1;44990;CELULAR ALCATEL P1 DIRECTO CLARO BLACK;TELEFONIA
15632627;Soltero;F;38;CHILENO;PROFESOR;Millenial;PROVIDENCIA                   ;METROPOLITANA;39990;1;1;0;0;0;1;1;39990;CELULAR NOKIA QUEEN VALUE BLACK CLARO;TELEFONIA
10327623;;F;57;CHILENO;;Boomers;LOS ANGELES                   ;BIO BIO;54990;2;1;0;0;0;2;1;54990;CELULAR VIVO Y11S NEBULA BLUE 32GB OPEN;TELEFONIA
13309715;;F;45;CHILENO;;X;CONCEPCION                    ;BIO BIO;120980;3;1;0;0;0;3;1;120980;CELULAR VIVO Y20S NEBULA 128 GB BLUE OPEN;TELEFONIA
25626507;;M;41;VENEZOLANO;;Extranjero;NATALES                       ;MAGALLANES;370960;4;3;0;0;0;4;3;370960;CELULAR A12 128GB Negro OPEN;TELEFONIA
18839738;Soltero;F;28;CHILENO;TECNOLOGO MEDICO;Silencioso;PROVIDENCIA                   ;METROPOLITANA;174980;2;1;0;0;0;2;1;174980;CELULAR A12 128GB Negro OPEN;TELEFONIA
21932962;;F;63;PERUANO;;Extranjero;N/D;N/D;529980;2;2;0;0;0;2;2;529980;CELULAR A12 128GB Rojo OPEN;TELEFONIA
11469077;;M;52;CHILENO;;X;ANTOFAGASTA                   ;ANTOFAGASTA;153850;3;2;0;0;0;3;2;153850;CELULAR ZTE A5 2020 DIRECTO CLARO VERDE;TELEFONIA
15009862;;M;39;CHILENO;;X;N/D;N/D;284740;6;2;0;0;0;6;2;284740;CELULAR VIVO Y20 BLACK 64GB MOVISTAR;TELEFONIA
19709144;;F;23;CHILENO;;Z;PROVIDENCIA                   ;METROPOLITANA;699990;2;1;2;1;699990;0;0;0;Celular Galaxy S21 Plus Phantom Black 128GB;TELEFONIA
25625693;;M;48;COLOMBIANO;;Extranjero;ANTOFAGASTA                   ;ANTOFAGASTA;244990;1;1;0;0;0;1;1;244990;POCO X3 PRO 256 GB PHANTOM BLACK;TELEFONIA
16921790;Soltero;M;34;CHILENO;;Silencioso;PROVIDENCIA                   ;METROPOLITANA;119990;1;1;1;1;119990;0;0;0;CELULAR XIAOMI REDMI 9 64GB DIRECTO CLARO MORADO;TELEFONIA
13218012;;F;45;CHILENO;;X;PROVIDENCIA                   ;METROPOLITANA;59990;1;1;1;1;59990;0;0;0;CELULAR MOTOROLA E6 PLAY AZUL TRI WOM;TELEFONIA
10858997;;M;55;CHILENO;;Boomers;QUILPUE                       ;VALPARAISO;144990;1;1;0;0;0;1;1;144990;MOTO G30 LILA PASTEL 128GB MOVISTAR;TELEFONIA
13861438;;F;42;CHILENO;;X;ANTUCO                        ;BIO BIO;199980;2;1;0;0;0;2;1;199980;Celular Y8P ENTEL TRIANGULADO NEGRO;TELEFONIA
5115668;;F;74;CHILENO;;Silencioso;MAIPU                         ;METROPOLITANA;247860;3;2;0;0;0;3;2;247860;IPHONE 7 32GB LIB OPEN DORADO;TELEFONIA
11702659;;M;50;CHILENO;;X;PROVIDENCIA                   ;METROPOLITANA;149990;2;1;0;0;0;2;1;149990;CELULAR A12 128GB Negro OPEN;TELEFONIA
20364716;;F;21;CHILENO;;Z;CANETE                        ;BIO BIO;240980;2;2;0;0;0;2;2;240980;CELULAR A32 128 GB BLUE OPEN;TELEFONIA
17714849;;F;31;CHILENO;;Millenial;ANCUD                         ;LOS LAGOS;958540;2;1;2;1;958540;0;0;0;CELULAR IPHONE 12 PRO MAX 128GB AZUL CLARO;TELEFONIA
14388328;;F;44;CHILENO;;X;RENCA                         ;METROPOLITANA;284980;2;1;0;0;0;2;1;284980;CELULAR VIVO Y51 CRYSTAL SYMPHONY OPEN;TELEFONIA
14244401;;F;48;CHILENO;;X;VICTORIA                      ;ARAUCANIA;469980;3;2;0;0;0;3;2;469980;Celular SAMSUNG A01 CORE BLACK CLARO;TELEFONIA
13394573;;M;44;CHILENO;;X;ERCILLA                       ;ARAUCANIA;44990;1;1;0;0;0;1;1;44990;CELULAR ALCATEL P1 DIRECTO CLARO BLACK;TELEFONIA
18961733;;F;27;CHILENO;;Z;TALAGANTE                     ;METROPOLITANA;129990;1;1;0;0;0;1;1;129990;CELULAR REDMI 9 64GB SUNSET PURPLE TRI WOM;TELEFONIA
20194008;;M;23;CHILENO;;Z;PROVIDENCIA                   ;METROPOLITANA;169990;1;1;0;0;0;1;1;169990;MOTO G30 LILA PASTEL 128GB MOVISTAR;TELEFONIA
16671409;;F;35;CHILENO;;Millenial;PROVIDENCIA                   ;METROPOLITANA;21990;1;1;0;0;0;1;1;21990;CELULAR AZUMI L4G BLACK CLARO;TELEFONIA
11172839;;F;55;CHILENO;;Boomers;PERALILLO                     ;L.G.B.OÂ´HIGGINS;32990;1;1;0;0;0;1;1;32990;CELULAR OWN 1026 AZUL ENTEL;TELEFONIA
8333969;;F;51;CHILENO;;X;MELIPILLA                     ;METROPOLITANA;109990;1;1;0;0;0;1;1;109990;CELULAR VIVO Y11s PHANTOM BLACK ENTEL DIRECTO;TELEFONIA
9143714;;F;59;CHILENO;;Boomers;RENCA                         ;METROPOLITANA;54990;1;1;0;0;0;1;1;54990;CELULAR NOKIA C1 PLUS BLUE;TELEFONIA
14297915;;F;48;CHILENO;;Extranjero;PROVIDENCIA                   ;METROPOLITANA;75840;2;1;2;1;75840;0;0;0;MOTO E7i 2/32GB POWER NARANJA;TELEFONIA
9380865;;F;61;CHILENO;;Boomers;YERBAS BUENAS                 ;MAULE;262000;8;4;0;0;0;8;4;262000;CELULAR XIAOMI REDMI 9A 32GB BLACK DIRECTO CLARO;TELEFONIA
14017170;;M;41;CHILENO;;X;"";"";83860;3;2;0;0;0;3;2;83860;Celular AL3 CLARO DIRECTO NEGRO;TELEFONIA
16540993;;F;33;CHILENO;;Millenial;N/D;N/D;379970;3;1;0;0;0;3;1;379970;POCO X3 PRO 256 GB METAL BRONCE;TELEFONIA
19560367;;F;25;CHILENO;;Z;PROVIDENCIA                   ;METROPOLITANA;219990;1;1;1;1;219990;0;0;0;CELULAR A32 128 GB LIGHT VIOLET OPEN;TELEFONIA
18314285;;F;29;CHILENO;;Millenial;ARICA                         ;ARICA Y PARINACOTA;294970;3;3;0;0;0;3;3;294970;CELULAR A12 128GB Negro OPEN;TELEFONIA
16195311;;M;36;CHILENO;;Millenial;SAN ANTONIO                   ;VALPARAISO;189980;2;1;0;0;0;2;1;189980;CELULAR A12 128GB Negro OPEN;TELEFONIA
12047807;;F;49;CHILENO;;X;N/D;N/D;115980;2;1;0;0;0;2;1;115980;CELULAR VIVO Y11S NEBULA BLUE 32GB OPEN;TELEFONIA
10806129;;F;59;CHILENO;;Boomers;LONCOCHE                      ;ARAUCANIA;129990;1;1;0;0;0;1;1;129990;CELULAR Moto G20 Blue WOM;TELEFONIA
8081500;;M;60;CHILENO;;Boomers;TALAGANTE                     ;METROPOLITANA;284980;2;1;0;0;0;2;1;284980;CELULAR A32 128 GB BLACK OPEN;TELEFONIA
5992770;;F;77;CHILENO;;Silencioso;ANTOFAGASTA                   ;ANTOFAGASTA;24990;1;1;0;0;0;1;1;24990;Celular AL3 CLARO DIRECTO NEGRO;TELEFONIA
19579091;;M;25;CHILENO;;Z;SAAVEDRA                      ;ARAUCANIA;131990;2;1;0;0;0;2;1;131990;MOTO G30 LILA PASTEL 128GB MOVISTAR;TELEFONIA
16611885;;F;33;CHILENO;;Millenial;PROVIDENCIA                   ;METROPOLITANA;519990;2;1;2;1;519990;0;0;0;CELULAR SAMSUNG NOTE 20 MYSTIC BRONZE 256 GB OPE;TELEFONIA
17220261;;F;33;CHILENO;;Millenial;LAUTARO                       ;ARAUCANIA;149990;1;1;0;0;0;1;1;149990;CELULAR A12 128GB Azul OPEN;TELEFONIA
17526135;;F;30;CHILENO;;Millenial;QUELLON;LOS LAGOS;208540;2;1;2;1;208540;0;0;0;POCO X3 PRO 256 GB METAL BRONCE;TELEFONIA
17007745;Soltero;F;33;CHILENO;TECNICO DE NIVEL SUPERIOR EN ENFERMERIA;Millenial;RENCA                         ;METROPOLITANA;79980;2;1;2;1;79980;0;0;0;CELULAR SMARTPHONE 1B ALCATEL PRIME BLACK;TELEFONIA
16858814;;F;34;CHILENO;;Millenial;PROVIDENCIA                   ;METROPOLITANA;179990;2;1;0;0;0;2;1;179990;CELULAR REDMI NOTE 10S 128GB PEBBLE WHITE;TELEFONIA
11683292;;M;51;CHILENO;;X;CARAHUE                       ;ARAUCANIA;309980;2;2;0;0;0;2;2;309980;CELULAR POCO X3 PRO 128G PHANTOM BLACK OPEN;TELEFONIA
27008130;;M;35;EXTRANJERO - NO INFORMA NACIONALIDAD;;Extranjero;N/D;N/D;179980;2;2;0;0;0;2;2;179980;CELULAR VIVO Y20S NEBULA 128 GB BLUE OPEN;TELEFONIA
9104773;;F;44;CHILENO;;X;RENCA                         ;METROPOLITANA;32990;1;1;0;0;0;1;1;32990;CELULAR OWN 1026 AZUL ENTEL;TELEFONIA
14594229;;M;41;CHILENO;;X;RENCA                         ;METROPOLITANA;209990;1;1;1;1;209990;0;0;0;CELULAR POCO X3 PRO 256 GB FROST BLUE;TELEFONIA
15396964;;F;38;CHILENO;;X;N/D;N/D;437950;5;2;5;2;437950;0;0;0;CELULAR XIAOMI REDMI 9T 128GB BLACK CLARO;TELEFONIA
16304410;;M;36;CHILENO;;Millenial;SAN BERNARDO                  ;METROPOLITANA;499980;2;1;0;0;0;2;1;499980;CELULAR SMARTPHONE A52S 5G LIGHT VIOLET 128GB;TELEFONIA
18291162;;F;29;CHILENO;;Millenial;CANETE                        ;BIO BIO;335950;5;3;0;0;0;5;3;335950;CELULAR MOTO ONE FUSION 128GB AZUL OPEN;TELEFONIA
16290155;;F;36;CHILENO;;Millenial;MOLINA                        ;MAULE;119990;2;1;0;0;0;2;1;119990;XIAOMI REDMI 9T GRIS WOM 128 GB;TELEFONIA
18470549;Soltero;M;28;CHILENO;INGENIERO EN CONSTRUCCION;Millenial;PROVIDENCIA                   ;METROPOLITANA;209990;1;1;1;1;209990;0;0;0;CELULAR POCO X3 PRO 256 GB FROST BLUE;TELEFONIA
4915249;;M;76;CHILENO;;Silencioso;RENCA                         ;METROPOLITANA;69990;1;1;0;0;0;1;1;69990;Celular LG K22 MOVISTAR DIRECTO TITAN;TELEFONIA
10653666;Soltero;F;60;CHILENO;;Boomers;PROVIDENCIA                   ;METROPOLITANA;705840;2;1;2;1;705840;0;0;0;CELULAR IPHONE 12 64GB WHITE CLARO;TELEFONIA
6829371;Casado;M;67;CHILENO;;Boomers;RENCA                         ;METROPOLITANA;139990;1;1;0;0;0;1;1;139990;CELULAR A12 128GB Negro OPEN;TELEFONIA
18651218;;F;27;CHILENO;;Z;N/D;N/D;149990;1;1;0;0;0;1;1;149990;Celular Y8P ENTEL TRIANGULADO NEGRO;TELEFONIA
14138388;;F;41;CHILENO;;X;RANCAGUA                      ;L.G.B.OÂ´HIGGINS;139991;2;1;0;0;0;2;1;139991;CELULAR A12 128GB Negro OPEN;TELEFONIA
10431631;;M;52;CHILENO;;X;CHIMBARONGO                   ;L.G.B.OÂ´HIGGINS;144980;2;2;0;0;0;2;2;144980;CELULAR A21s 128 GB Rojo;TELEFONIA
9502692;;M;58;CHILENO;;Boomers;PROVIDENCIA                   ;METROPOLITANA;69990;1;1;0;0;0;1;1;69990;CELULAR MOTOROLA E7 IPOWER 32GB BLUE CLARO;TELEFONIA
19808396;;F;23;CHILENO;;Z;PROVIDENCIA                   ;METROPOLITANA;89990;1;1;1;1;89990;0;0;0;CELULAR Redmi 9C 32GB Gray WOM;TELEFONIA
15390957;;F;46;CHILENO;;X;N/D;N/D;249990;1;1;0;0;0;1;1;249990;CELULAR REDMI NOTE 10 PRO 6+128GB GRADIENT BRONZ;TELEFONIA
19077011;;M;27;CHILENO;;Silencioso;PROVIDENCIA                   ;METROPOLITANA;213980;2;1;2;1;213980;0;0;0;POCO X3 PRO 256 GB PHANTOM BLACK;TELEFONIA
19934044;;F;24;CHILENO;;Silencioso;PROVIDENCIA                   ;METROPOLITANA;388530;3;2;3;2;388530;0;0;0;CELULAR REDMI NOTE 10S 128GB PEBBLE WHITE;TELEFONIA
20232984;;F;23;CHILENO;;Z;CASTRO                        ;LOS LAGOS;217310;4;2;2;1;118540;2;1;98770;CELULAR MOTOROLA E6S GRIS 32GB DIRECTO WOM;TELEFONIA
10943707;;M;55;CHILENO;;Boomers;PROVIDENCIA                   ;METROPOLITANA;189990;1;1;1;1;189990;0;0;0;CELULAR REDMI NOTE 10S 128GB ONIX BLACK;TELEFONIA
8560151;;F;65;CHILENO;;Boomers;CHANARAL                      ;ATACAMA;169990;2;1;0;0;0;2;1;169990;CELULAR A54 OPPO AZUL 128GB;TELEFONIA
16321527;;M;36;CHILENO;;Millenial;PROVIDENCIA                   ;METROPOLITANA;34990;1;2;1;1;29990;0;1;5000;CELULAR ALCATEL P1 DIRECTO CLARO BLACK;TELEFONIA
19336211;;M;25;CHILENO;;Silencioso;PROVIDENCIA                   ;METROPOLITANA;469990;1;1;1;1;469990;0;0;0;IPHONE 11 64GB BLACK CLARO;TELEFONIA
26499714;;M;47;VENEZOLANO;;Extranjero;N/D;N/D;31990;2;1;0;0;0;2;1;31990;CELULAR MOTO E7I POWER 32GB BLUE MOVISTAR;TELEFONIA
14101980;;F;40;CHILENO;;X;PROVIDENCIA                   ;METROPOLITANA;385960;5;3;0;0;0;5;3;385960;CELULAR REDMI NOTE 8 2021 64 GB SPACE BLACK;TELEFONIA
14390392;;M;44;CHILENO;;X;TALCAHUANO                    ;BIO BIO;179990;1;1;0;0;0;1;1;179990;CELULAR A54 OPPO NEGRO 128GB;TELEFONIA
19430217;;F;25;CHILENO;;Z;"";"";104970;6;1;0;0;0;6;1;104970;CELULAR REDMI NOTE 8 2021 64GB MOONLIGHT WHITE;TELEFONIA
17179387;;F;33;CHILENO;;Millenial;N/D;N/D;59979;2;1;0;0;0;2;1;59979;CELULAR NOKIA QUEEN VALUE BLACK CLARO;TELEFONIA
7957721;;M;63;CHILENO;;Boomers;ILLAPEL                       ;COQUIMBO;139990;1;1;0;0;0;1;1;139990;CELULAR Galaxy A21s (128GB) Black WOM;TELEFONIA
17683546;Soltero;M;31;CHILENO;KINESIOLOGO;Millenial;PROVIDENCIA                   ;METROPOLITANA;139990;1;1;0;0;0;1;1;139990;SMARTPHONE A03S 64 GB NEGRO;TELEFONIA
15624229;;F;38;CHILENO;;Millenial;N/D;N/D;701940;6;1;0;0;0;6;1;701940;SMARTPHONE A22 VERDE 128GB;TELEFONIA
15417970;;M;39;CHILENO;;X;INDEPENDENCIA                 ;METROPOLITANA;189990;1;1;0;0;0;1;1;189990;CELULAR A22 128GB NEGRO;TELEFONIA
21103567;;M;23;CHILENO;;Extranjero;PROVIDENCIA                   ;METROPOLITANA;243980;2;1;2;1;243980;0;0;0;CELULAR REDMI NOTE 10 PRO 128GB GLACIER BLUE;TELEFONIA
17438708;;F;32;CHILENO;;Millenial;PROVIDENCIA                   ;METROPOLITANA;79990;2;1;0;0;0;2;1;79990;CELULAR MOTO G20 64GB ROSA FLAMINGO OPEN;TELEFONIA
13332248;;F;43;CHILENO;;X;MELIPILLA                     ;METROPOLITANA;425960;4;4;0;0;0;4;4;425960;CELULAR REDMI 9T 128 GB OCEAN GREEN;TELEFONIA
7352154;;M;68;CHILENO;;Silencioso;TOCOPILLA                     ;ANTOFAGASTA;250980;2;1;0;0;0;2;1;250980;CELULAR A22 128GB NEGRO;TELEFONIA
20060312;;M;23;CHILENO;;Silencioso;PROVIDENCIA                   ;METROPOLITANA;209990;1;1;1;1;209990;0;0;0;POCO X3 PRO 256 GB PHANTOM BLACK;TELEFONIA
12089909;;M;49;CHILENO;;X;PROVIDENCIA                   ;METROPOLITANA;114980;2;1;0;0;0;2;1;114980;CELULAR CLARO MOTOROLA E7 32GB GRIS;TELEFONIA
7870098;;F;67;CHILENO;;X;ILLAPEL                       ;COQUIMBO;74990;1;1;0;0;0;1;1;74990;CELULAR MOTO E6I 32GB GRIS OPEN;TELEFONIA
13472723;;M;44;CHILENO;;Silencioso;PROVIDENCIA                   ;METROPOLITANA;209980;2;2;2;2;209980;0;0;0;CELULAR POCO X3 PRO 128G PHANTOM BLACK OPEN;TELEFONIA
12254625;;M;50;CHILENO;;X;TALCA                         ;MAULE;234980;2;1;0;0;0;2;1;234980;CELULAR MOTOROLA G9 PLUS 128GB AZUL CLARO;TELEFONIA
9141979;;M;55;CHILENO;;Boomers;NATALES                       ;MAGALLANES;119990;1;1;0;0;0;1;1;119990;CELULAR MOTOROLA G9 PLAY 64GB ELECTRIC BLUE OPEN;TELEFONIA
14317414;Casado;M;45;CHILENO;;X;RENGO                         ;L.G.B.OÂ´HIGGINS;109990;1;1;0;0;0;1;1;109990;CELULAR MOTOROLA G9 PLAY 64GB SPRING PINK OPEN;TELEFONIA
16581405;;M;34;CHILENO;;Millenial;PROVIDENCIA                   ;METROPOLITANA;562620;4;1;4;1;562620;0;0;0;CELULAR POCO X3 PRO 128G PHANTOM BLACK OPEN;TELEFONIA
18410872;;M;29;CHILENO;;Millenial;PROVIDENCIA                   ;METROPOLITANA;861690;3;1;3;1;861690;0;0;0;Celular Galaxy S21 Plus Phantom Black 128GB;TELEFONIA
25807036;;F;45;COLOMBIANO;;Extranjero;MAIPU                         ;METROPOLITANA;698960;4;2;0;0;0;4;2;698960;POCO F3 EU Night Black 256GB;TELEFONIA
15068549;;F;40;CHILENO;;X;LA FLORIDA;METROPOLITANA;1103970;4;2;4;2;1103970;0;0;0;CELULAR SAMSUNG NOTE 20 MYSTIC 256 GB GREEN OPEN;TELEFONIA
21104382;;F;27;CHILENO;;Extranjero;PROVIDENCIA                   ;METROPOLITANA;683980;2;1;2;1;683980;0;0;0;CELULAR IPHONE 12 64GB WHITE CLARO;TELEFONIA
8586433;;M;60;CHILENO;;Boomers;LA SERENA;COQUIMBO;79990;1;1;0;0;0;1;1;79990;Celular NOKIA 4.2 ENTEL DIRECTO NEGRO;TELEFONIA
16450735;;F;35;CHILENO;;Millenial;VALLENAR;ATACAMA;209990;1;1;0;0;0;1;1;209990;CELULAR REDMI NOTE 10S 128GB PEBBLE WHITE;TELEFONIA
19469141;;F;26;CHILENO;;Millenial;N/D;N/D;194970;3;2;3;2;194970;0;0;0;CELULAR REDMI 9C 64GB SUNRISE ORANGE;TELEFONIA
18261152;;F;30;CHILENO;;Millenial;N/D;N/D;403520;4;2;4;2;403520;0;0;0;Celular P40 LITE LIB OPEN GREEN;TELEFONIA
18109455;;F;30;CHILENO;;Millenial;N/D;N/D;831690;3;1;3;1;831690;0;0;0;Celular Galaxy S21 Plus Phantom Black 128GB;TELEFONIA
10110875;;M;53;CHILENO;;X;ARICA                         ;ARICA Y PARINACOTA;309980;3;2;0;0;0;3;2;309980;CELULAR POCO X3 PRO 256 GB FROST BLUE;TELEFONIA
26554780;;F;36;EXTRANJERO - NO INFORMA NACIONALIDAD;;Extranjero;"";"";323980;2;1;2;1;323980;0;0;0;POCO F3 EU Night Black 256GB;TELEFONIA
7911393;Soltero;F;62;CHILENO;ENFERMERA;Boomers;RENCA                         ;METROPOLITANA;99990;1;1;0;0;0;1;1;99990;CELULAR REDMI 9C 64 GB BLUE DIRECTO CLARO;TELEFONIA
7686642;;F;50;CHILENO;;X;PROVIDENCIA                   ;METROPOLITANA;103980;2;1;2;1;103980;0;0;0;Celular XIAOMI REDMI 9C 64 GB DIRECTO CLARO;TELEFONIA
10852104;;M;55;CHILENO;;Silencioso;PROVIDENCIA                   ;METROPOLITANA;139990;1;1;0;0;0;1;1;139990;SMARTPHONE A03S 64 GB NEGRO;TELEFONIA
16596149;;M;35;CHILENO;;Millenial;MONTE PATRIA                  ;COQUIMBO;329990;1;1;0;0;0;1;1;329990;CELULAR POCO F3 128 GB NIGHT BLACK;TELEFONIA
3415094;;M;87;CHILENO;;Silencioso;ANTOFAGASTA                   ;ANTOFAGASTA;69640;2;1;2;1;69640;0;0;0;MOTO E7i 2/32GB POWER NARANJA;TELEFONIA
19634494;Soltero;F;25;CHILENO;;Z;PROVIDENCIA                   ;METROPOLITANA;99990;2;1;0;0;0;2;1;99990;CELULAR HUAWEI Y7P NEGRO ENTEL;TELEFONIA
19413269;Soltero;F;27;CHILENO;;Millenial;CHAITEN                       ;LOS LAGOS;225980;2;1;0;0;0;2;1;225980;CELULAR MOTO G30 128GB LILA PASTEL OPEN;TELEFONIA
18517457;Soltero;M;29;CHILENO;;Millenial;PROVIDENCIA                   ;METROPOLITANA;109990;1;1;0;0;0;1;1;109990;CELULAR OPPO A15 BLACK 32GB CLARO;TELEFONIA
10497004;;F;55;CHILENO;;Boomers;N/D;N/D;0;0;2;0;0;0;0;2;0;PRODUCTO 2 SELECCION BANDA 3;TELEFONIA
17819974;;M;31;CHILENO;;Millenial;VILLARICA                     ;ARAUCANIA;990;1;1;0;0;0;1;1;990;CHIP OPEN ENTEL;TELEFONIA
19169111;;M;26;CHILENO;;Z;PROVIDENCIA                   ;METROPOLITANA;99990;1;1;1;1;99990;0;0;0;CELULAR Moto G20 Blue WOM;TELEFONIA
16214834;;M;37;CHILENO;;Millenial;"";"";133980;2;1;2;1;133980;0;0;0;XIAOMI REDMI 9T CARBON GRAY 128GB MOVISTAR;TELEFONIA
15304182;;F;45;CHILENO;;Extranjero;"";"";297870;2;1;0;0;0;2;1;297870;CELULAR MI 11 LITE 128GB BUBBLEGUM BLUE;TELEFONIA
14205022;;F;41;CHILENO;;X;PROVIDENCIA                   ;METROPOLITANA;109480;2;1;0;0;0;2;1;109480;CELULAR CLARO MOTOROLA E7 32GB GRIS;TELEFONIA
15593291;;F;49;CHILENO;;Silencioso;PROVIDENCIA                   ;METROPOLITANA;69990;1;1;1;1;69990;0;0;0;CELULAR MOTO E7I POWER 32GB BLUE MOVISTAR;TELEFONIA
17720410;Soltero;M;28;CHILENO;;Millenial;DALCAHUE                      ;LOS LAGOS;169990;1;1;1;1;169990;0;0;0;CELULAR POCO X3 PRO 128G PHANTOM BLACK OPEN;TELEFONIA
17732129;;F;31;CHILENO;;Millenial;MELIPILLA                     ;METROPOLITANA;173980;2;1;2;1;173980;0;0;0;IPHONE 7 32GB LIB OPEN DORADO;TELEFONIA
18004513;;F;30;CHILENO;;Millenial;TOCOPILLA                     ;ANTOFAGASTA;187870;2;1;0;0;0;2;1;187870;CELULAR REDMI 9T 128 GB OCEAN GREEN;TELEFONIA
14232302;;M;53;CHILENO;;X;PROVIDENCIA                   ;BIO BIO;159990;1;1;0;0;0;1;1;159990;CELULAR A21s 128 GB Negro;TELEFONIA
13874488;;M;42;CHILENO;;X;N/D;N/D;79980;4;1;0;0;0;4;1;79980;CELULAR MOTO E7 32GB GRIS OPEN;TELEFONIA
18542978;;M;29;CHILENO;;Millenial;"";"";399990;1;1;0;0;0;1;1;399990;CELULAR SMARTPHONE A52S 5G BLACK 128GB;TELEFONIA
17740494;;F;31;CHILENO;;Silencioso;PROVIDENCIA                   ;METROPOLITANA;129990;1;1;1;1;129990;0;0;0;CELULAR POCO M3 128GB POWER BLACK;TELEFONIA
19778269;;F;24;CHILENO;;Silencioso;PROVIDENCIA                   ;METROPOLITANA;183980;2;1;2;1;183980;0;0;0;CELULAR POCO X3 PRO 128G PHANTOM BLACK OPEN;TELEFONIA
12567536;;F;48;CHILENO;;X;N/D;N/D;51990;2;1;0;0;0;2;1;51990;CELULAR REDMI 9A GRANITE GREY DIRECTO MOVISTAR;TELEFONIA
14086931;Casado;M;46;CHILENO;;X;PROVIDENCIA                   ;METROPOLITANA;101990;2;1;0;0;0;2;1;101990;Celular A01 LIB OPEN AZUL;TELEFONIA
12422233;;M;49;CHILENO;;Silencioso;PROVIDENCIA                   ;METROPOLITANA;483980;2;1;2;1;483980;0;0;0;CELULAR SAMSUNG NOTE 20 MYSTIC BRONZE 256 GB OPE;TELEFONIA
14237160;Soltero;F;48;CHILENO;SECRETARIA;X;RENCA                         ;METROPOLITANA;209990;1;1;1;1;209990;0;0;0;CELULAR POCO X3 PRO 256 GB FROST BLUE;TELEFONIA
7669230;;F;65;CHILENO;;Boomers;QUILPUE                       ;VALPARAISO;174980;2;1;2;1;174980;0;0;0;SMARTPHONE A22 BLANCO 128GB;TELEFONIA
19031851;;M;27;CHILENO;;Z;PROVIDENCIA                   ;METROPOLITANA;189990;1;1;1;1;189990;0;0;0;CELULAR POCO X3 PRO 128G PHANTOM BLACK OPEN;TELEFONIA
20178745;;M;23;CHILENO;;Z;PROVIDENCIA                   ;METROPOLITANA;103980;2;1;2;1;103980;0;0;0;CELULAR POCO M3 64GB POWER BLACK;TELEFONIA
10290379;Casado;F;58;CHILENO;;Boomers;PUQUELDON                     ;LOS LAGOS;39890;11;1;0;0;0;11;1;39890;CELULAR ALCATEL P1 DIRECTO CLARO BLACK;TELEFONIA
10042542;;M;41;CHILENO;;X;PROVIDENCIA                   ;METROPOLITANA;129990;1;1;1;1;129990;0;0;0;CELULAR MOTO G20 64GB AZUL OPEN;TELEFONIA
13670958;;M;43;CHILENO;;X;QUILICURA;METROPOLITANA;683980;2;1;2;1;683980;0;0;0;CELULAR IPHONE 12 64GB BLACK CLARO;TELEFONIA
12852006;;M;47;CHILENO;;Silencioso;PROVIDENCIA                   ;METROPOLITANA;499990;2;1;2;1;499990;0;0;0;IPHONE 11 64GB BLACK CLARO;TELEFONIA
18727018;;M;29;CHILENO;;Millenial;VILCUN                        ;ARAUCANIA;177871;3;1;0;0;0;3;1;177871;CELULAR MOTOROLA G9 PLAY 64GB ELECTRIC BLUE OPEN;TELEFONIA
25670795;;M;32;VENEZOLANO;;Extranjero;N/D;N/D;279980;2;2;0;0;0;2;2;279980;CELULAR REDMI NOTE 10 128GB PEBBLE WHITE;TELEFONIA
16908044;;M;34;CHILENO;;Millenial;YUNGAY                        ;BIO BIO;236980;2;1;0;0;0;2;1;236980;CELULAR A32 128 GB WHITE OPEN;TELEFONIA
18760970;;M;27;CHILENO;;Millenial;PROVIDENCIA                   ;METROPOLITANA;249990;1;1;0;0;0;1;1;249990;CELULAR REDMI NOTE 10 PRO 128GB GLACIER BLUE;TELEFONIA
9518036;;F;60;CHILENO;;Boomers;COIHAIQUE                     ;AYSEN;124990;1;1;0;0;0;1;1;124990;CELULAR REDMI 9T 128 GB OCEAN GREEN;TELEFONIA
19185538;;F;27;CHILENO;;Silencioso;PROVIDENCIA                   ;METROPOLITANA;384980;2;1;2;1;384980;0;0;0;CELULAR SMARTPHONE A52S 5G LIGHT GREEN 128GB;TELEFONIA
23782765;;F;22;CHILENO;;Extranjero;PROVIDENCIA                   ;METROPOLITANA;259980;3;1;3;1;259980;0;0;0;CELULAR A12 128GB Azul OPEN;TELEFONIA
19289570;Soltero;M;26;CHILENO;;Silencioso;PROVIDENCIA                   ;METROPOLITANA;183980;2;1;2;1;183980;0;0;0;CELULAR POCO X3 PRO 128 GB FROST BLUE;TELEFONIA
17647898;;F;31;CHILENO;;Millenial;N/D;N/D;16990;1;1;1;1;16990;0;0;0;Celular AL3 CLARO DIRECTO NEGRO;TELEFONIA
9545077;;M;57;CHILENO;;Boomers;PUERTO MONTT;LOS LAGOS;308540;2;1;2;1;308540;0;0;0;CELULAR IPHONE SE 64GB DIRECTO CLARO;TELEFONIA
7655175;;M;62;CHILENO;;Boomers;ANGOL                         ;ARAUCANIA;148980;2;1;0;0;0;2;1;148980;CELULAR REDMI NOTE 8 2021 64GB MOONLIGHT WHITE;TELEFONIA
19485107;;M;25;CHILENO;;Z;PROVIDENCIA                   ;METROPOLITANA;293980;2;1;2;1;293980;0;0;0;CELULAR POCO F3 128 GB NIGHT BLACK;TELEFONIA
19002362;;M;27;CHILENO;;Millenial;MELIPILLA                     ;METROPOLITANA;127870;3;1;0;0;0;3;1;127870;CELULAR REDMI 9 64GB SUNSET PURPLE TRI WOM;TELEFONIA
7885881;;M;60;CHILENO;;Boomers;TALCAHUANO                    ;BIO BIO;64480;3;1;0;0;0;3;1;64480;CELULAR VIVO Y11S PHANTOM BLACK OPEN;TELEFONIA
18665936;;M;28;CHILENO;;Millenial;PROVIDENCIA                   ;METROPOLITANA;623980;2;1;2;1;623980;0;0;0;CELULAR IPHONE 12 MINI 64GB BLACK CLARO;TELEFONIA
15635536;;F;38;CHILENO;;Silencioso;PROVIDENCIA                   ;METROPOLITANA;223980;2;1;2;1;223980;0;0;0;CELULAR MI 11 LITE US 128GB PEACH PINK OPEN;TELEFONIA
11711817;;F;51;CHILENO;;X;PROVIDENCIA                   ;METROPOLITANA;279990;1;1;0;0;0;1;1;279990;CELULAR REDMI NOTE 10 PRO 128GB GLACIER BLUE;TELEFONIA
10970848;;F;50;CHILENO;;X;QUILPUE                       ;VALPARAISO;234960;4;2;0;0;0;4;2;234960;CELULAR A32 128 GB BLACK OPEN;TELEFONIA
10836633;;M;56;CHILENO;;Boomers;CHIMBARONGO                   ;L.G.B.OÂ´HIGGINS;129480;2;1;0;0;0;2;1;129480;CELULAR REDMI NOTE 8 2021 64GB MOONLIGHT WHITE;TELEFONIA
17015662;;M;33;CHILENO;;Millenial;"";"";139990;1;1;0;0;0;1;1;139990;CELULAR VIVO Y20S OBSIDIAN BLACK 128GB OPEN;TELEFONIA
15885656;;M;41;CHILENO;;X;VALLENAR;ATACAMA;19980;2;1;0;0;0;2;1;19980;CELULAR NOKIA 110 BLACK OPEN;TELEFONIA
17335579;;F;32;CHILENO;;Millenial;N/D;N/D;199990;1;1;0;0;0;1;1;199990;CELULAR REDMI NOTE 10S 128GB PEBBLE WHITE;TELEFONIA
14615817;;F;40;CHILENO;;X;LA CRUZ                       ;VALPARAISO;124990;1;1;0;0;0;1;1;124990;CELULAR REDMI 9T 128 GB OCEAN GREEN;TELEFONIA
6627679;;F;68;CHILENO;;Boomers;RENCA                         ;METROPOLITANA;63670;2;1;0;0;0;2;1;63670;Celular SAMSUNG A01 CORE AZUL ENTEL;TELEFONIA
10484625;;F;57;CHILENO;;Boomers;RENCA                         ;METROPOLITANA;69990;1;1;0;0;0;1;1;69990;CELULAR MOTOROLA E6 PLAY AZUL TRI WOM;TELEFONIA
8554503;;M;64;CHILENO;;Boomers;PROVIDENCIA                   ;METROPOLITANA;379960;4;1;0;0;0;4;1;379960;CELULAR VIVO Y20 NEGRO DIRECTO ENTEL;TELEFONIA
8812517;;M;61;CHILENO;;Boomers;"";"";19990;1;1;0;0;0;1;1;19990;Celular AL3 CLARO DIRECTO NEGRO;TELEFONIA
17550487;;M;30;CHILENO;;Millenial;"";"";149990;1;2;0;0;0;1;2;149990;CELULAR A21s 128 GB Rojo;TELEFONIA
18320557;;M;30;CHILENO;;Millenial;PROVIDENCIA                   ;METROPOLITANA;205970;3;2;0;0;0;3;2;205970;CELULAR A21s 128 GB Negro;TELEFONIA
8879214;;F;62;CHILENO;;Boomers;SAN JAVIER                    ;MAULE;139990;1;1;0;0;0;1;1;139990;CELULAR A21s 128 GB Negro;TELEFONIA
14664989;Soltero;F;51;BOLIVIANO;;Extranjero;ALTO HOSPICIO;TARAPACA;187860;3;1;0;0;0;3;1;187860;CELULAR MOTOROLA G9 PLAY 64GB ELECTRIC BLUE OPEN;TELEFONIA
18873314;;M;27;CHILENO;;Millenial;PROVIDENCIA                   ;METROPOLITANA;459990;2;1;0;0;0;2;1;459990;CELULAR GALAXY S20FE 128GB ClOUD NAVY OPEN;TELEFONIA
10789417;;F;54;CHILENO;;X;N/D;N/D;176470;3;1;0;0;0;3;1;176470;CELULAR MOTOROLA E6S GRIS 32GB DIRECTO WOM;TELEFONIA
15053459;;F;39;CHILENO;;X;N/D;N/D;241950;5;2;0;0;0;5;2;241950;CELULAR POCO M3 128GB POWER BLACK;TELEFONIA
5661525;Viudo;M;74;CHILENO;;Silencioso;RENCA                         ;METROPOLITANA;182860;3;2;0;0;0;3;2;182860;CELULAR XIAOMI REDMI 9 64GB DIRECTO CLARO MORADO;TELEFONIA
16792973;;M;34;CHILENO;;Millenial;SAN JAVIER                    ;MAULE;149990;1;1;0;0;0;1;1;149990;CELULAR MOTO ONE FUSION 128GB AZUL OPEN;TELEFONIA
18945348;;F;26;CHILENO;;Z;N/D;N/D;990;1;1;0;0;0;1;1;990;CHIP OPEN ENTEL;TELEFONIA
16849793;;F;34;CHILENO;;Millenial;N/D;N/D;129990;1;1;0;0;0;1;1;129990;CELULAR POCO M3 128GB COOL BLUE;TELEFONIA
16896447;;F;34;CHILENO;;Millenial;PROVIDENCIA                   ;METROPOLITANA;129990;1;1;0;0;0;1;1;129990;CELULAR POCO M3 128GB POWER BLACK;TELEFONIA
18498289;;F;30;CHILENO;;Millenial;N/D;N/D;198970;5;1;0;0;0;5;1;198970;CELULAR POCO M3 128GB COOL BLUE;TELEFONIA
8120448;;F;66;CHILENO;;Boomers;N/D;N/D;409990;1;1;0;0;0;1;1;409990;CELULAR A72 128 GB BLACK OPEN;TELEFONIA
13147790;Casado;M;44;CHILENO;;X;RENCA                         ;METROPOLITANA;179980;2;1;0;0;0;2;1;179980;CELULAR REDMI NOTE 9 128G FOREST GREEN OPEN;TELEFONIA
18162953;;M;29;CHILENO;;Millenial;PROVIDENCIA                   ;METROPOLITANA;239990;1;1;0;0;0;1;1;239990;POCO X3 PRO 256 GB PHANTOM BLACK;TELEFONIA
16700834;;M;34;CHILENO;;Millenial;LA LIGUA                      ;VALPARAISO;229990;1;1;0;0;0;1;1;229990;POCO X3 PRO 256 GB PHANTOM BLACK;TELEFONIA
16949981;;M;34;CHILENO;;Millenial;N/D;N/D;149990;1;1;0;0;0;1;1;149990;CELULAR A21s 128 GB AZUL;TELEFONIA
15206903;;F;39;CHILENO;;X;PROVIDENCIA                   ;METROPOLITANA;61990;2;1;0;0;0;2;1;61990;CELULAR VIVO Y11S PHANTON BLACK 32GB MOVISTAR;TELEFONIA
15167492;;F;39;CHILENO;;X;PROVIDENCIA                   ;METROPOLITANA;99990;1;1;0;0;0;1;1;99990;CELULAR VIVO Y11S PHANTOM BLACK OPEN;TELEFONIA
6778940;;M;67;CHILENO;;Boomers;SAN VICENTE                   ;L.G.B.OÂ´HIGGINS;42000;0;1;0;0;0;0;1;42000;CELULAR CLARO MOTOROLA E7 32GB GRIS;TELEFONIA
20120448;;F;23;CHILENO;;Silencioso;PROVIDENCIA                   ;METROPOLITANA;210980;3;1;0;0;0;3;1;210980;CELULAR MOTO G30 128GB LILA PASTEL OPEN;TELEFONIA
18430439;;F;29;CHILENO;;Millenial;N/D;N/D;189990;2;1;0;0;0;2;1;189990;CELULAR A32 128 GB WHITE OPEN;TELEFONIA
5290609;;M;78;CHILENO;;Millenial;PROVIDENCIA                   ;METROPOLITANA;18991;2;1;0;0;0;2;1;18991;CELULAR NOKIA 110 BLACK OPEN;TELEFONIA
5045540;;M;78;CHILENO;;Silencioso;NOGALES                       ;VALPARAISO;19990;1;1;0;0;0;1;1;19990;Celular AL3 CLARO DIRECTO NEGRO;TELEFONIA
18875884;;M;28;CHILENO;;Millenial;N/D;N/D;119480;2;1;0;0;0;2;1;119480;CELULAR MOTO E7 GRIS MINERAL MOVISTAR;TELEFONIA
4831864;;F;77;CHILENO;;Silencioso;SAN CARLOS                    ;BIO BIO;324980;2;1;0;0;0;2;1;324980;Celular P40 LITE LIB OPEN GREEN;TELEFONIA
12905406;;F;47;CHILENO;;Silencioso;PROVIDENCIA                   ;METROPOLITANA;133980;2;1;2;1;133980;0;0;0;CELULAR A12 128GB Rojo OPEN;TELEFONIA
25204179;;M;38;PERUANO;;Extranjero;N/D;N/D;239990;1;1;0;0;0;1;1;239990;POCO X3 PRO 256 GB PHANTOM BLACK;TELEFONIA
14395088;;F;44;CHILENO;;X;N/D;N/D;132120;5;2;0;0;0;5;2;132120;CELULAR REDMI NOTE 8 2021 64GB NEPTUNE BLUE;TELEFONIA
16543012;;F;35;CHILENO;;Millenial;VALDIVIA                      ;LOS RIOS;69990;1;1;0;0;0;1;1;69990;Celular LG K22 ENTEL DIRECTO TITAN;TELEFONIA
12885486;;M;49;CHILENO;;X;LA LIGUA                      ;VALPARAISO;109990;2;1;0;0;0;2;1;109990;CELULAR A21s 128 GB AZUL;TELEFONIA
14022097;;F;40;CHILENO;;X;CAUQUENES                     ;MAULE;139990;1;1;0;0;0;1;1;139990;CELULAR A21s 128 GB Negro;TELEFONIA
9835748;;F;58;CHILENO;;Boomers;COLTAUCO                      ;L.G.B.OÂ´HIGGINS;399990;1;1;0;0;0;1;1;399990;CELULAR GALAXY S20FE 128GB ClOUD NAVY OPEN;TELEFONIA
5705754;;M;72;CHILENO;;Silencioso;PROVIDENCIA                   ;METROPOLITANA;30970;3;1;0;0;0;3;1;30970;CELULAR NOKIA 110 BLACK OPEN;TELEFONIA
15183947;Soltero;F;39;CHILENO;;X;PROVIDENCIA                   ;METROPOLITANA;129990;1;1;0;0;0;1;1;129990;CELULAR A12 128GB Rojo OPEN;TELEFONIA
25822687;Soltero;M;39;VENEZOLANO;MEDICO CIRUJANO;Extranjero;PROVIDENCIA                   ;METROPOLITANA;1421950;5;2;0;0;0;5;2;1421950;CELULAR IPHONE 12 64GB BLACK CLARO;TELEFONIA
17406308;;F;32;CHILENO;;Silencioso;PROVIDENCIA                   ;METROPOLITANA;233980;2;1;2;1;233980;0;0;0;POCO X3 PRO 256 GB METAL BRONCE;TELEFONIA
12426225;;F;49;CHILENO;;X;OVALLE                        ;COQUIMBO;65990;1;1;0;0;0;1;1;65990;CELULAR MOTOROLA E6 PLAY AZUL TRI WOM;TELEFONIA
9062148;;M;61;CHILENO;;Boomers;IQUIQUE                       ;TARAPACA;-139990;-1;1;-1;1;-139990;0;0;0;CELULAR A21s 128 GB Rojo;TELEFONIA
9584462;;F;65;CHILENO;;Silencioso;PROVIDENCIA                   ;METROPOLITANA;101480;3;1;0;0;0;3;1;101480;CELULAR MOTO E6I ROSA OPEN;TELEFONIA
20307775;;F;23;CHILENO;;Z;PROVIDENCIA                   ;METROPOLITANA;84990;1;1;0;0;0;1;1;84990;CELULAR MOTOROLA E7 IPOWER 32GB BLUE CLARO;TELEFONIA
12715337;;F;48;CHILENO;;X;AISEN                         ;AYSEN;229990;1;1;0;0;0;1;1;229990;CELULAR POCO X3 PRO 256 GB FROST BLUE;TELEFONIA
7535527;;M;67;CHILENO;;Boomers;N/D;N/D;679991;2;1;0;0;0;2;1;679991;Celular Galaxy S21 Phantom Violet 128GB;TELEFONIA
7118610;;F;71;CHILENO;;Silencioso;PIRQUE                        ;METROPOLITANA;161660;3;2;0;0;0;3;2;161660;CELULAR MOTOROLA G9 PLAY 64GB ELECTRIC BLUE OPEN;TELEFONIA
5378965;;M;71;CHILENO;;Silencioso;TALCAHUANO                    ;BIO BIO;139990;1;1;0;0;0;1;1;139990;CELULAR MOTO G20 64GB AZUL OPEN;TELEFONIA
12324361;;F;49;CHILENO;;X;ARAUCO                        ;BIO BIO;189990;1;1;0;0;0;1;1;189990;CELULAR MOTO G30 128GB GRIS TORNASOL OPEN;TELEFONIA
11522597;Soltero;M;51;CHILENO;MECANICO AUTOMOTRIZ EN SISTEMAS ELECTRONICOS;X;RENCA                         ;METROPOLITANA;29980;2;1;0;0;0;2;1;29980;CELULAR NOKIA 110 BLACK OPEN;TELEFONIA
11382696;;M;53;CHILENO;;X;OVALLE                        ;COQUIMBO;139990;1;1;0;0;0;1;1;139990;CELULAR A21s 128 GB Negro;TELEFONIA
11554698;;F;51;CHILENO;;X;PROVIDENCIA                   ;METROPOLITANA;239990;1;1;0;0;0;1;1;239990;POCO X3 PRO 256 GB PHANTOM BLACK;TELEFONIA
19115052;;F;27;CHILENO;;Z;CALERA DE TANGO               ;METROPOLITANA;279990;2;1;0;0;0;2;1;279990;CELULAR REDMI NOTE 10 PRO 6+128GB GRADIENT BRONZ;TELEFONIA
12627393;Soltero;M;47;CHILENO;;X;VINA DEL MAR                  ;VALPARAISO;99990;1;2;0;0;0;1;2;99990;Celular XIAOMI REDMI 9C 64 GB DIRECTO CLARO;TELEFONIA
6686046;;M;70;CHILENO;;Silencioso;PAINE                         ;METROPOLITANA;250980;2;1;0;0;0;2;1;250980;CELULAR A32 128 GB BLUE OPEN;TELEFONIA
17031616;;M;33;CHILENO;;Millenial;N/D;N/D;0;0;0;0;0;0;0;0;0;CELULAR VIVO Y11S PHANTOM BLACK OPEN;TELEFONIA
13782926;;F;42;CHILENO;;X;CHIMBARONGO                   ;L.G.B.OÂ´HIGGINS;0;0;0;0;0;0;0;0;0;CELULAR MOTO E7i 32GB AZUL OPEN;TELEFONIA
18346041;;F;29;CHILENO;;Millenial;DALCAHUE                      ;LOS LAGOS;0;0;0;0;0;0;0;0;0;CELULAR A21s 128 GB AZUL;TELEFONIA
5578070;;F;75;CHILENO;;Silencioso;SAN RAMON                     ;METROPOLITANA;0;0;0;0;0;0;0;0;0;CELULAR REDMI NOTE 10 EU 64GB ONIX GRAY OPEN;TELEFONIA
5692108;;F;73;CHILENO;;Silencioso;PENCO                         ;BIO BIO;0;0;0;0;0;0;0;0;0;CELULAR GALAXY S20FE 128GB CLOUD LAVENDER OPEN;TELEFONIA
15132746;;F;39;CHILENO;;X;CHIMBARONGO                   ;L.G.B.OÂ´HIGGINS;0;0;0;0;0;0;0;0;0;CELULAR ZTE A3 2020 GRIS DIRECTO CLARO;TELEFONIA
18561792;;F;27;CHILENO;;Millenial;PROVIDENCIA                   ;METROPOLITANA;0;0;0;0;0;0;0;0;0;CELULAR A21s 128 GB Negro;TELEFONIA
7050481;;M;67;CHILENO;;Boomers;NUEVA IMPERIAL                ;ARAUCANIA;0;0;0;0;0;0;0;0;0;CELULAR A32 128 GB BLACK OPEN;TELEFONIA
12058422;;F;58;CHILENO;;Boomers;LA FLORIDA                    ;METROPOLITANA;0;0;0;0;0;0;0;0;0;CELULAR XIAOMI POCO X3 64G SHADOW GRAY;TELEFONIA
15218269;;M;39;CHILENO;;X;CHILLAN;BIO-BIO;0;0;0;0;0;0;0;0;0;CELULAR POCO F3 128 GB NIGHT BLACK;TELEFONIA
16572672;;F;34;CHILENO;;Silencioso;PROVIDENCIA                   ;METROPOLITANA;0;0;0;0;0;0;0;0;0;POCO X3 PRO 256 GB PHANTOM BLACK;TELEFONIA
12576983;;F;47;CHILENO;;X;VICUNA                        ;COQUIMBO;0;0;0;0;0;0;0;0;0;CELULAR REDMI 9A 32GB PEACOCK GREEN;TELEFONIA
13158163;;F;44;CHILENO;;X;N/D;N/D;0;0;0;0;0;0;0;0;0;IPHONE 5S 16GB NEGRO OPEN;TELEFONIA
15922109;;M;37;CHILENO;;Millenial;RENGO                         ;L.G.B.OÂ´HIGGINS;0;0;0;0;0;0;0;0;0;Celular LG K22 ENTEL DIRECTO TITAN;TELEFONIA
24049536;;M;52;PERUANO;;Extranjero;SALAMANCA                     ;COQUIMBO;0;0;0;0;0;0;0;0;0;CELULAR A21s 128 GB Negro;TELEFONIA
9556819;;F;63;CHILENO;;Silencioso;PROVIDENCIA                   ;METROPOLITANA;0;0;0;0;0;0;0;0;0;CELULAR MOTOROLA E6 PLAY AZUL TRI WOM;TELEFONIA
12245813;;M;49;CHILENO;;X;PAPUDO                        ;VALPARAISO;0;0;0;0;0;0;0;0;0;CELULAR A21s 128 GB Negro;TELEFONIA
19724814;;F;23;CHILENO;;Z;CABRERO                       ;BIO BIO;0;0;0;0;0;0;0;0;0;CELULAR MOTO E6I 32GB GRIS OPEN;TELEFONIA
15772658;;F;38;CHILENO;;Millenial;TALCA                         ;MAULE;0;0;0;0;0;0;0;0;0;Celular AL3 CLARO DIRECTO NEGRO;TELEFONIA
20143074;;F;22;CHILENO;;Z;PROVIDENCIA                   ;METROPOLITANA;0;0;0;0;0;0;0;0;0;CELULAR POCO X3 PRO 256 GB FROST BLUE;TELEFONIA
11223570;;F;53;CHILENO;;X;QUILPUE                       ;VALPARAISO;0;0;0;0;0;0;0;0;0;Celular XIAOMI REDMI 9C 64 GB DIRECTO CLARO;TELEFONIA
9361084;Casado;M;60;CHILENO;AGRONOMO;Boomers;RENCA                         ;METROPOLITANA;0;0;0;0;0;0;0;0;0;Celular A11 LIB OPEN BLUE;TELEFONIA
10467945;;F;56;CHILENO;;Boomers;PUENTE ALTO                   ;METROPOLITANA;0;0;0;0;0;0;0;0;0;CELULAR REDMI NOTE 9 128 GB MIDNIGHT GREY OPEN;TELEFONIA
9247934;;M;61;CHILENO;;Boomers;LO ESPEJO                     ;METROPOLITANA;0;0;0;0;0;0;0;0;0;CELULAR A12 128GB AZUL OPEN;TELEFONIA
16109302;;F;37;CHILENO;;Millenial;N/D;N/D;0;0;0;0;0;0;0;0;0;CELULAR A12 128GB NEGRO TRIANGULADO CLARO;TELEFONIA
18191323;;F;29;CHILENO;;Millenial;N/D;N/D;0;0;0;0;0;0;0;0;0;Celular P40 LITE LIB OPEN GREEN;TELEFONIA
19052287;;F;26;CHILENO;;Z;N/D;N/D;0;0;0;0;0;0;0;0;0;CELULAR MOTO E7i 32GB AZUL OPEN;TELEFONIA
17845424;;F;30;CHILENO;;Millenial;PROVIDENCIA                   ;METROPOLITANA;0;0;0;0;0;0;0;0;0;CELULAR A21s 128 GB Rojo;TELEFONIA
23902122;;M;52;COLOMBIANO;;Extranjero;COPIAPO                       ;ATACAMA;0;0;0;0;0;0;0;0;0;CELULAR A32 128 GB BLUE OPEN;TELEFONIA
21212817;;F;30;CHILENO;;Millenial;CHILLAN                       ;BIO BIO;0;0;0;0;0;0;0;0;0;CELULAR MOTOROLA G9 PLAY 64GB SPRING PINK OPEN;TELEFONIA
8938608;Casado;M;61;CHILENO;;Boomers;RENCA                         ;METROPOLITANA;0;0;0;0;0;0;0;0;0;CELULAR ALCATEL P1 3080 BLACK MOVISTAR DIRECTO;TELEFONIA
10050981;;F;53;CHILENO;;Silencioso;PROVIDENCIA                   ;METROPOLITANA;0;0;0;0;0;0;0;0;0;CELULAR A32 128 GB BLACK OPEN;TELEFONIA
16324470;;F;36;CHILENO;;Millenial;"";"";0;0;0;0;0;0;0;0;0;CELULAR GALAXY A01 32GB AZUL ENTEL;TELEFONIA
16625826;;F;34;CHILENO;;Millenial;TALAGANTE                     ;METROPOLITANA;0;0;0;0;0;0;0;0;0;CELULAR A02s ROJO 32GB OPEN;TELEFONIA
6722946;;M;71;CHILENO;;Silencioso;MALLOA                        ;L.G.B.OÂ´HIGGINS;0;0;0;0;0;0;0;0;0;CELULAR OWN 1026 AZUL ENTEL;TELEFONIA
13763081;;M;41;CHILENO;;X;LA LIGUA                      ;VALPARAISO;0;0;0;0;0;0;0;0;0;CELULAR REDMI NOTE 8 2021 64GB MOONLIGHT WHITE;TELEFONIA
6183176;;F;77;CHILENO;;Silencioso;RENCA                         ;METROPOLITANA;0;0;0;0;0;0;0;0;0;CELULAR A12 128GB AZUL OPEN;TELEFONIA
15542630;;M;38;CHILENO;;X;BUIN                          ;METROPOLITANA;0;0;0;0;0;0;0;0;0;CELULAR A32 128 GB BLUE OPEN;TELEFONIA
12058237;;F;54;CHILENO;;X;RENCA                         ;METROPOLITANA;0;0;0;0;0;0;0;0;0;Celular AL3 CLARO DIRECTO NEGRO;TELEFONIA
16788598;;F;34;CHILENO;;Silencioso;PROVIDENCIA                   ;METROPOLITANA;0;0;0;0;0;0;0;0;0;CELULAR G8 POWER MOTO TRI ENTEL;TELEFONIA
19719216;;F;25;CHILENO;;Z;ANGOL                         ;ARAUCANIA;0;0;0;0;0;0;0;0;0;CELULAR A21s 128 GB AZUL;TELEFONIA
9835507;;M;58;CHILENO;;Boomers;NEGRETE                       ;BIO BIO;0;0;0;0;0;0;0;0;0;CELULAR MOTOROLA E6 PLAY AZUL TRI WOM;TELEFONIA
17538445;Soltero;M;32;CHILENO;ASISTENTE SOCIAL;Millenial;PROVIDENCIA                   ;METROPOLITANA;0;0;0;0;0;0;0;0;0;CELULAR A32 128 GB BLUE OPEN;TELEFONIA
17687652;;F;31;CHILENO;;Millenial;RENGO                         ;L.G.B.OÂ´HIGGINS;0;0;0;0;0;0;0;0;0;CELULAR A12 128GB ROJO OPEN;TELEFONIA
15407535;;M;40;CHILENO;;X;PROVIDENCIA                   ;METROPOLITANA;0;0;0;0;0;0;0;0;0;CELULAR A21s 128 GB Negro;TELEFONIA
20059387;;F;23;CHILENO;;Z;PROVIDENCIA                   ;METROPOLITANA;0;0;0;0;0;0;0;0;0;CELULAR A72 128 GB LIGHT VIOLET OPEN;TELEFONIA
10993544;;F;50;CHILENO;;X;PROVIDENCIA                   ;METROPOLITANA;0;0;0;0;0;0;0;0;0;CELULAR MOTOROLA E6 PLAY AZUL TRI WOM;TELEFONIA
11729470;;F;51;CHILENO;;X;LLAILLAY                      ;VALPARAISO;0;0;0;0;0;0;0;0;0;CELULAR REDMI 9C 64GB SUNRISE ORANGE;TELEFONIA
13253842;Casado;F;44;CHILENO;;X;PROVIDENCIA                   ;METROPOLITANA;0;0;0;0;0;0;0;0;0;Celular NOKIA 4.2 ENTEL DIRECTO NEGRO;TELEFONIA
17492948;;M;32;CHILENO;;Millenial;COPIAPO                       ;ATACAMA;0;0;0;0;0;0;0;0;0;CELULAR VIVO Y11S NEBULA BLUE 32GB OPEN;TELEFONIA
7309741;;F;67;CHILENO;;Silencioso;LINARES                       ;MAULE;0;0;0;0;0;0;0;0;0;CELULAR A12 128GB AZUL OPEN;TELEFONIA
17892768;;F;31;CHILENO;;Millenial;PUNTA ARENAS                  ;MAGALLANES;0;0;0;0;0;0;0;0;0;CELULAR REDMI NOTE 10S 128GB ONIX BLACK;TELEFONIA
18850485;;F;27;CHILENO;;Millenial;CERRO NAVIA                   ;METROPOLITANA;0;0;0;0;0;0;0;0;0;IPHONE 12 128GB BLACK CLARO;TELEFONIA
9800688;;F;58;CHILENO;;Boomers;MAULE                         ;MAULE;0;0;0;0;0;0;0;0;0;CELULAR A21s 128 GB Rojo;TELEFONIA
17987411;;M;31;CHILENO;;Millenial;N/D;N/D;0;0;0;0;0;0;0;0;0;CELULAR REDMI 9T 128 GB OCEAN GREEN;TELEFONIA
13202866;;M;45;CHILENO;;Silencioso;PROVIDENCIA                   ;METROPOLITANA;0;0;0;0;0;0;0;0;0;CELULAR A32 128 GB LIGHT VIOLET OPEN;TELEFONIA
15905941;;F;38;CHILENO;;Millenial;CONCEPCION                    ;BIO BIO;0;0;0;0;0;0;0;0;0;CELULAR MOTO E7i 32GB AZUL OPEN;TELEFONIA
12796683;;M;50;CHILENO;;X;TALCAHUANO                    ;BIO BIO;0;0;0;0;0;0;0;0;0;Celular ZTE A3 2020 ENTEL DIRECTO GRIS;TELEFONIA
25862604;;M;47;VENEZOLANO;;Extranjero;ANTOFAGASTA                   ;ANTOFAGASTA;0;0;0;0;0;0;0;0;0;CELULAR REDMI NOTE 9 128 GB MIDNIGHT GREY OPEN;TELEFONIA
14328029;;M;45;CHILENO;;X;CASTRO                        ;LOS LAGOS;0;0;0;0;0;0;0;0;0;CELULAR MOTO G9 POWER PURPLE 128GB MOVISTAR;TELEFONIA
11769798;;M;51;CHILENO;;Silencioso;PROVIDENCIA                   ;METROPOLITANA;0;0;0;0;0;0;0;0;0;CELULAR NOKIA 110 BLACK OPEN;TELEFONIA
24071287;;F;33;COLOMBIANO;;Extranjero;N/D;N/D;0;0;0;0;0;0;0;0;0;CELULAR XIAOMI REDMI 9A 32GB BLACK DIRECTO CLARO;TELEFONIA
15945855;;M;37;CHILENO;;Silencioso;PROVIDENCIA                   ;METROPOLITANA;0;0;0;0;0;0;0;0;0;CELULAR A21s 128 GB AZUL;TELEFONIA
13450008;;F;44;CHILENO;;Silencioso;PROVIDENCIA                   ;METROPOLITANA;0;0;0;0;0;0;0;0;0;CELULAR VIVO Y11s PHANTOM BLACK ENTEL DIRECTO;TELEFONIA
15598680;;F;38;CHILENO;;Millenial;N/D;N/D;0;0;0;0;0;0;0;0;0;CELULAR A32 128 GB BLUE OPEN;TELEFONIA
19388884;;F;26;CHILENO;;Z;BUIN                          ;METROPOLITANA;0;0;0;0;0;0;0;0;0;CELULAR MOTO E6I 32GB GRIS OPEN;TELEFONIA
13130660;Casado;M;45;CHILENO;;X;RENCA                         ;METROPOLITANA;0;0;0;0;0;0;0;0;0;POCO X3 PRO 256 GB PHANTOM BLACK;TELEFONIA
19703902;;F;25;CHILENO;;Z;PROVIDENCIA                   ;METROPOLITANA;0;0;0;0;0;0;0;0;0;CELULAR CLARO LG K42 GRIS;TELEFONIA
19503610;;F;25;CHILENO;;Z;PROVIDENCIA                   ;METROPOLITANA;0;0;0;0;0;0;0;0;0;CELULAR A21s 128 GB Rojo;TELEFONIA
7508092;;F;61;CHILENO;;Boomers;N/D;N/D;0;0;0;0;0;0;0;0;0;CELULAR POCO X3 PRO 256 GB FROST BLUE;TELEFONIA
18518221;Soltero;F;29;CHILENO;;Millenial;PROVIDENCIA                   ;METROPOLITANA;0;0;0;0;0;0;0;0;0;CELULAR A12 128GB AZUL OPEN;TELEFONIA
26152587;;F;36;VENEZOLANO;;Extranjero;NUNOA                         ;METROPOLITANA;0;0;0;0;0;0;0;0;0;CELULAR MOTO ONE FUSION 128GB AZUL OPEN;TELEFONIA
19648145;;F;24;CHILENO;;Z;PROVIDENCIA                   ;METROPOLITANA;0;0;0;0;0;0;0;0;0;CELULAR MOTO ONE FUSION 128GB AZUL OPEN;TELEFONIA
19284312;;M;26;CHILENO;;Z;VITACURA                      ;METROPOLITANA;0;0;0;0;0;0;0;0;0;CELULAR MI 11 LITE 128GB BUBBLEGUM BLUE;TELEFONIA
8568595;;M;64;CHILENO;;Boomers;PROVIDENCIA                   ;METROPOLITANA;0;0;0;0;0;0;0;0;0;CELULAR OWN 1026 AZUL ENTEL;TELEFONIA
11517257;;F;52;CHILENO;;X;N/D;N/D;0;0;0;0;0;0;0;0;0;CELULAR A32 128 GB LIGHT VIOLET OPEN;TELEFONIA
9138112;;M;60;CHILENO;;Boomers;PROVIDENCIA                   ;METROPOLITANA;0;0;0;0;0;0;0;0;0;CELULAR A12 128GB NEGRO TRIANGULADO CLARO;TELEFONIA
14428995;;F;45;CHILENO;;X;ESTACION CENTRAL              ;METROPOLITANA;0;0;0;0;0;0;0;0;0;CELULAR A32 128 GB WHITE OPEN;TELEFONIA
18175636;;M;30;CHILENO;;Millenial;N/D;N/D;0;0;0;0;0;0;0;0;0;CELULAR POCO X3 PRO 256 GB FROST BLUE;TELEFONIA
17058776;;M;33;CHILENO;;Millenial;N/D;N/D;0;0;0;0;0;0;0;0;0;Celular Galaxy S21 Ultra Phantom Black 128GB;TELEFONIA
9834880;;M;59;CHILENO;;Boomers;N/D;N/D;0;0;0;0;0;0;0;0;0;CELULAR GALAXY A01 32GB AZUL ENTEL;TELEFONIA
15203671;;F;40;CHILENO;;X;CANETE                        ;BIO BIO;0;0;0;0;0;0;0;0;0;CELULAR VIVO Y20S NEBULA 128 GB BLUE OPEN;TELEFONIA
19978069;;F;23;CHILENO;;Z;PROVIDENCIA                   ;METROPOLITANA;0;0;0;0;0;0;0;0;0;CELULAR MOTOROLA G9 PLAY 64GB SPRING PINK OPEN;TELEFONIA
13068601;;F;45;CHILENO;;X;"";"";0;0;0;0;0;0;0;0;0;CELULAR A21s 128 GB Rojo;TELEFONIA
7397569;;M;69;CHILENO;;Silencioso;CORONEL                       ;BIO BIO;0;0;0;0;0;0;0;0;0;Celular A10S LIB OPEN RED;TELEFONIA
15750226;;M;38;CHILENO;;X;N/D;N/D;0;0;0;0;0;0;0;0;0;CELULAR A12 128GB AZUL OPEN;TELEFONIA
27176590;;M;28;CHILENO;;Extranjero;N/D;N/D;0;0;0;0;0;0;0;0;0;CELULAR REDMI NOTE 10 PRO 6+128GB GRADIENT BRONZ;TELEFONIA
25461179;;M;29;BOLIVIANO;;Extranjero;N/D;N/D;0;0;0;0;0;0;0;0;0;CELULAR GALAXY S20FE 128GB ClOUD NAVY OPEN;TELEFONIA
17557926;;F;32;CHILENO;;Millenial;QUINTA NORMAL                 ;METROPOLITANA;0;0;0;0;0;0;0;0;0;CELULAR A12 128GB AZUL OPEN;TELEFONIA
18453779;Soltero;F;29;CHILENO;;Millenial;PROVIDENCIA                   ;METROPOLITANA;0;0;0;0;0;0;0;0;0;CELULAR MOTO ONE FUSION 64GB VERDE 64GB OPEN;TELEFONIA
27022094;;M;33;VENEZOLANO;;Extranjero;ALHUE                         ;METROPOLITANA;0;0;0;0;0;0;0;0;0;CELULAR MOTOROLA E6 PLAY AZUL TRI WOM;TELEFONIA
7782388;;M;66;CHILENO;;Boomers;TALCA                         ;MAULE;0;0;0;0;0;0;0;0;0;CELULAR MOTO E6S 32GB GRIS DIRECTO ENTEL;TELEFONIA
13153224;;F;44;CHILENO;;X;CURACAUTIN                    ;ARAUCANIA;0;0;0;0;0;0;0;0;0;CELULAR A21s 128 GB Negro;TELEFONIA
17717854;;F;31;CHILENO;;Millenial;PROVIDENCIA                   ;METROPOLITANA;0;0;0;0;0;0;0;0;0;CELULAR REDMI NOTE 9 128G FOREST GREEN OPEN;TELEFONIA
12495986;;M;49;CHILENO;;X;LA FLORIDA                    ;METROPOLITANA;0;0;0;0;0;0;0;0;0;CELULAR A12 128GB ROJO OPEN;TELEFONIA
16555866;;F;35;CHILENO;;Millenial;TALCA                         ;MAULE;0;0;0;0;0;0;0;0;0;CELULAR MI 11 LITE 128GB BUBBLEGUM BLUE;TELEFONIA
12573825;;M;47;CHILENO;;X;SANTIAGO                      ;METROPOLITANA;0;0;0;0;0;0;0;0;0;CELULAR REDMI 9T 128GB SUNRISE ORANGE MOVISTAR;TELEFONIA
19708190;;F;24;CHILENO;;Z;LAMPA                         ;METROPOLITANA;0;0;0;0;0;0;0;0;0;Celular LG K22 MOVISTAR DIRECTO TITAN;TELEFONIA
19387227;;F;25;CHILENO;;Z;CURANILAHUE                   ;BIO BIO;0;0;0;0;0;0;0;0;0;CELULAR SAMSUNG A12 128GB BLACK CLARO;TELEFONIA
26456593;;M;24;VENEZOLANO;;Extranjero;N/D;N/D;0;0;0;0;0;0;0;0;0;CELULAR REDMI 9T 128 GB OCEAN GREEN;TELEFONIA
20318690;;F;22;CHILENO;;Z;PROVIDENCIA                   ;METROPOLITANA;0;0;0;0;0;0;0;0;0;CELULAR REDMI NOTE 10 EU 64GB ONIX GRAY OPEN;TELEFONIA
10699656;;F;57;CHILENO;;Boomers;"";"";0;0;0;0;0;0;0;0;0;CELULAR XIAOMI REDMI 9C 64GB TIWLIGHT BLUE TRI W;TELEFONIA
12707411;Soltero;F;49;CHILENO;;X;TEMUCO                        ;ARAUCANIA;0;0;0;0;0;0;0;0;0;Celular A11 LIB OPEN WHITE;TELEFONIA
17473636;;M;32;CHILENO;;Millenial;PROVIDENCIA                   ;METROPOLITANA;0;0;0;0;0;0;0;0;0;CELULAR GALAXY S20FE 128GB ClOUD NAVY OPEN;TELEFONIA
16047848;;M;36;CHILENO;;Millenial;N/D;N/D;0;0;0;0;0;0;0;0;0;CELULAR LG K61 Gris OPEN;TELEFONIA
19579477;;F;24;CHILENO;;Silencioso;PROVIDENCIA                   ;METROPOLITANA;0;0;0;0;0;0;0;0;0;CELULAR A32 128 GB WHITE OPEN;TELEFONIA
7673502;;F;64;CHILENO;;Boomers;PARRAL                        ;MAULE;0;0;0;0;0;0;0;0;0;CELULAR REDMI NOTE 10 128GB ONIX GRAY OPEN;TELEFONIA
9752341;;F;60;CHILENO;;Boomers;NIQUEN                        ;BIO BIO;0;0;0;0;0;0;0;0;0;CELULAR MOTOROLA E6 PLAY AZUL TRI WOM;TELEFONIA
16551119;;M;34;CHILENO;;Millenial;PROVIDENCIA                   ;METROPOLITANA;0;0;0;0;0;0;0;0;0;CELULAR A32 128 GB BLUE OPEN;TELEFONIA
18835088;;F;28;CHILENO;;Silencioso;PROVIDENCIA                   ;METROPOLITANA;0;0;0;0;0;0;0;0;0;CELULAR REDMI NOTE 9 128G FOREST GREEN OPEN;TELEFONIA
20401878;;M;22;CHILENO;;Z;N/D;N/D;0;0;0;0;0;0;0;0;0;CELULAR REDMI 9 64GB SUNSET PURPLE TRI WOM;TELEFONIA
19597365;;F;25;CHILENO;;Z;TALCAHUANO                    ;BIO BIO;0;0;0;0;0;0;0;0;0;CELULAR A32 128 GB LIGHT VIOLET OPEN;TELEFONIA
15044010;Soltero;M;40;CHILENO;;X;PROVIDENCIA                   ;METROPOLITANA;0;0;0;0;0;0;0;0;0;KIT PACK OPEN RETAIL 4G TELEFONICA;TELEFONIA
19942210;;F;24;CHILENO;;Z;PROVIDENCIA                   ;METROPOLITANA;0;0;0;0;0;0;0;0;0;CELULAR MOTO G30 128GB LILA PASTEL OPEN;TELEFONIA
8028384;;F;61;CHILENO;;Boomers;RENCA                         ;METROPOLITANA;0;0;0;0;0;0;0;0;0;CELULAR MOTO E7I POWER 32GB BLUE MOVISTAR;TELEFONIA
19010403;Soltero;F;26;CHILENO;TECNICO EN ENFERMERIA DE NIVEL SUPERIOR;Z;PROVIDENCIA                   ;METROPOLITANA;0;0;0;0;0;0;0;0;0;Celular Y8P ENTEL TRIANGULADO PIEDRA DE LUNA;TELEFONIA
8290774;;F;68;CHILENO;;Silencioso;PROVIDENCIA                   ;METROPOLITANA;0;0;0;0;0;0;0;0;0;CELULAR NOKIA 110 BLACK OPEN;TELEFONIA
13607809;;F;43;CHILENO;;X;RENCA                         ;METROPOLITANA;0;0;0;0;0;0;0;0;0;CELULAR POCO X3 PRO 128G PHANTOM BLACK OPEN;TELEFONIA
15359923;;M;39;CHILENO;;X;RENCA                         ;METROPOLITANA;0;0;0;0;0;0;0;0;0;CELULAR MOTO E6I 32GB GRIS OPEN;TELEFONIA
16236858;;M;36;CHILENO;;Millenial;ARICA                         ;TARAPACA;0;0;0;0;0;0;0;0;0;Celular Galaxy S21 Ultra Phantom Silver 128GB;TELEFONIA
19694257;;F;24;CHILENO;;Z;CHANCO                        ;MAULE;0;0;0;0;0;0;0;0;0;CELULAR MOTOROLA MOTO G20 64GB ROSA FLAMINGO;TELEFONIA
5401394;;M;74;CHILENO;;Silencioso;PROVIDENCIA                   ;METROPOLITANA;0;0;0;0;0;0;0;0;0;CHIP DE PORTABILIDAD ENTEL;TELEFONIA
19041123;;M;27;CHILENO;;Z;PROVIDENCIA                   ;METROPOLITANA;0;0;0;0;0;0;0;0;0;CELULAR ALCATEL P1 3080 BLACK MOVISTAR DIRECTO;TELEFONIA
13361043;Soltero;M;43;CHILENO;;X;VINA DEL MAR                  ;VALPARAISO;0;0;0;0;0;0;0;0;0;CELULAR GALAXY A01 32GB AZUL ENTEL;TELEFONIA
14443038;;M;48;CHILENO;;Silencioso;PROVIDENCIA                   ;METROPOLITANA;0;0;0;0;0;0;0;0;0;CELULAR A32 128 GB BLACK OPEN;TELEFONIA
12731239;Casado;M;46;CHILENO;;X;RENCA                         ;METROPOLITANA;0;0;0;0;0;0;0;0;0;CELULAR Y8S MOVISTAR DIRECTO BLACK;TELEFONIA
6955864;;F;70;CHILENO;;Silencioso;BUIN                          ;METROPOLITANA;0;0;0;0;0;0;0;0;0;CELULAR VIVO Y20S NEBULA 128 GB BLUE OPEN;TELEFONIA
9598719;Divorciado;M;59;CHILENO;;Boomers;PROVIDENCIA                   ;METROPOLITANA;0;0;0;0;0;0;0;0;0;Celular A10S LIB OPEN NEGRO;TELEFONIA
11940538;;M;49;CHILENO;;X;N/D;N/D;0;0;0;0;0;0;0;0;0;CELULAR XIAOMI MI 10T 128GB LUNAR SILVER OPEN;TELEFONIA
19594034;;M;25;CHILENO;;Z;PROVIDENCIA                   ;METROPOLITANA;0;0;0;0;0;0;0;0;0;CELULAR POCO F3 128 GB DEEP OCEAN BLUE;TELEFONIA
18277278;;M;29;CHILENO;;Silencioso;PROVIDENCIA                   ;METROPOLITANA;0;0;0;0;0;0;0;0;0;CELULAR MI 11 LITE 128GB BOBA BLACK OPEN;TELEFONIA
17799847;;M;31;CHILENO;;Millenial;N/D;N/D;0;0;0;0;0;0;0;0;0;Celular P30 LITE CLARO DIRECTO AZUL;TELEFONIA
8270219;;F;66;CHILENO;;Boomers;DALCAHUE                      ;LOS LAGOS;0;0;0;0;0;0;0;0;0;CELULAR A12 128GB ROJO OPEN;TELEFONIA
19399830;;M;25;CHILENO;;Z;CASTRO;LOS LAGOS;0;0;0;0;0;0;0;0;0;CELULAR OWN 1026 AZUL ENTEL;TELEFONIA
17776167;;F;31;CHILENO;;Millenial;N/D;N/D;0;0;0;0;0;0;0;0;0;Celular A11 LIB OPEN WHITE;TELEFONIA
7759155;Casado;M;66;CHILENO;;Silencioso;PROVIDENCIA                   ;METROPOLITANA;0;0;0;0;0;0;0;0;0;CELULAR ALCATEL P1 DIRECTO CLARO BLACK;TELEFONIA
19188203;;F;31;CHILENO;;Millenial;LA CISTERNA                   ;METROPOLITANA;0;0;0;0;0;0;0;0;0;CELULAR REDMI NOTE 8 2021 64 GB SPACE BLACK;TELEFONIA
20122875;;F;23;CHILENO;;Z;PENAFLOR                      ;METROPOLITANA;0;0;0;0;0;0;0;0;0;CELULAR A12 128GB NEGRO OPEN;TELEFONIA
20305468;;M;22;CHILENO;;Silencioso;TALCA                         ;MAULE;0;0;0;0;0;0;0;0;0;CELULAR MOTO ONE FUSION 64GB VERDE 64GB OPEN;TELEFONIA
20223160;;F;22;CHILENO;;Z;RENCA                         ;METROPOLITANA;0;0;0;0;0;0;0;0;0;CELULAR SAMSUNG A12 128GB BLACK CLARO;TELEFONIA
15046435;;F;38;CHILENO;;X;PUNITAQUI                     ;COQUIMBO;0;0;0;0;0;0;0;0;0;CELULAR A32 128 GB LIGHT VIOLET OPEN;TELEFONIA
9576561;;F;60;CHILENO;;Boomers;PUENTE ALTO                   ;METROPOLITANA;0;0;0;0;0;0;0;0;0;CELULAR A12 128GB AZUL OPEN;TELEFONIA
15658270;;M;39;CHILENO;;X;PROVIDENCIA                   ;METROPOLITANA;0;0;0;0;0;0;0;0;0;CELULAR MOTO ONE FUSION 128GB AZUL OPEN;TELEFONIA
20309198;;F;22;CHILENO;;Silencioso;PROVIDENCIA                   ;METROPOLITANA;0;0;0;0;0;0;0;0;0;CELULAR MOTOROLA E6 PLAY AZUL TRI WOM;TELEFONIA
17972644;;F;30;CHILENO;;Millenial;PROVIDENCIA                   ;METROPOLITANA;0;0;0;0;0;0;0;0;0;CELULAR GALAXY A01 32GB AZUL ENTEL;TELEFONIA
15199493;;F;39;CHILENO;;X;PUENTE ALTO                   ;METROPOLITANA;0;0;0;0;0;0;0;0;0;CELULAR A12 128GB AZUL OPEN;TELEFONIA
11361591;;M;52;CHILENO;;X;PUENTE ALTO                   ;METROPOLITANA;0;0;0;0;0;0;0;0;0;CELULAR A32 128 GB WHITE OPEN;TELEFONIA
16438192;;F;35;CHILENO;;Millenial;N/D;N/D;0;0;0;0;0;0;0;0;0;Celular Z FLIP LIB OPEN PURPLE;TELEFONIA
26374603;;M;43;VENEZOLANO;;Extranjero;CONCEPCION                    ;BIO BIO;0;0;0;0;0;0;0;0;0;CELULAR REDMI NOTE 9 128G FOREST GREEN OPEN;TELEFONIA
14473188;;M;44;CHILENO;;Silencioso;PROVIDENCIA                   ;METROPOLITANA;0;0;0;0;0;0;0;0;0;Celular A11 MOVISTAR DIRECTO BLACK;TELEFONIA
11957892;;F;50;CHILENO;;X;PENCO                         ;BIO BIO;0;0;0;0;0;0;0;0;0;CELULAR A32 128 GB WHITE OPEN;TELEFONIA
19301264;;F;26;CHILENO;;Silencioso;PROVIDENCIA                   ;METROPOLITANA;0;0;0;0;0;0;0;0;0;POCO X3 PRO 256 GB PHANTOM BLACK;TELEFONIA
17851853;;F;30;CHILENO;;Millenial;"";"";0;0;0;0;0;0;0;0;0;CELULAR REDMI 9A 32GB PEACOCO GREEN DIREC MOVIST;TELEFONIA
17322589;;M;32;CHILENO;;Millenial;PROVIDENCIA                   ;METROPOLITANA;0;0;0;0;0;0;0;0;0;CELULAR MOTOROLA G9 PLAY 64GB SPRING PINK OPEN;TELEFONIA
20137731;;F;22;CHILENO;;Z;TALAGANTE                     ;METROPOLITANA;0;0;0;0;0;0;0;0;0;CELULAR MOTO ONE FUSION 64GB VERDE 64GB OPEN;TELEFONIA
18792569;;F;27;CHILENO;;Millenial;ANTOFAGASTA                   ;ANTOFAGASTA;0;0;0;0;0;0;0;0;0;CELULAR MOTOROLA E6S GRIS 32GB DIRECTO WOM;TELEFONIA
12984214;;F;46;CHILENO;;X;RENAICO                       ;ARAUCANIA;0;0;0;0;0;0;0;0;0;CELULAR MOTO ONE FUSION 128GB AZUL OPEN;TELEFONIA
19807779;;F;24;CHILENO;;Silencioso;PROVIDENCIA                   ;METROPOLITANA;0;0;0;0;0;0;0;0;0;CELULAR MOTOROLA G9 PLAY 64GB BLUE DIRECTO CLAR;TELEFONIA
18069082;;M;30;CHILENO;;Millenial;PROVIDENCIA                   ;METROPOLITANA;0;0;0;0;0;0;0;0;0;CELULAR SAMSUNG NOTE 20 MYSTIC GRAY OPEN;TELEFONIA
17748099;;M;31;CHILENO;;Millenial;CHILLAN                       ;BIO BIO;0;0;0;0;0;0;0;0;0;CELULAR POCO X3 PRO 256 GB FROST BLUE;TELEFONIA
13961702;;M;42;CHILENO;;X;PROVIDENCIA                   ;METROPOLITANA;0;0;0;0;0;0;0;0;0;CELULAR REDMI NOTE 9 128G ONYX BLACK OPEN;TELEFONIA
18751647;;M;28;CHILENO;;Millenial;VALLENAR;ATACAMA;0;0;0;0;0;0;0;0;0;CELULAR MI 10T LITE 128G ATLANTIC BLUE OPEN;TELEFONIA
15090493;;M;40;CHILENO;;X;PROVIDENCIA                   ;METROPOLITANA;0;0;0;0;0;0;0;0;0;CELULAR A02 ROJO 32GB OPEN;TELEFONIA
12182065;;F;50;CHILENO;;X;TALCAHUANO                    ;BIO BIO;0;0;0;0;0;0;0;0;0;CELULAR A12 128GB AZUL OPEN;TELEFONIA
19202136;Soltero;M;27;CHILENO;;Z;PROVIDENCIA                   ;METROPOLITANA;0;0;0;0;0;0;0;0;0;CELULAR GALAXY S20FE 128GB ClOUD NAVY OPEN;TELEFONIA
15596540;;F;39;CHILENO;;X;PROVIDENCIA                   ;METROPOLITANA;0;0;0;0;0;0;0;0;0;CELULAR A21s 128 GB Rojo;TELEFONIA
15150965;;F;39;CHILENO;;X;SAN JAVIER                    ;MAULE;0;0;0;0;0;0;0;0;0;CELULAR XIAOMI MI 10T 128GB LUNAR SILVER OPEN;TELEFONIA
25644588;;F;25;VENEZOLANO;;Extranjero;N/D;N/D;0;0;0;0;0;0;0;0;0;CELULAR REDMI NOTE 10 EU 128G Lake Green BUNDLE;TELEFONIA
19324800;;F;25;CHILENO;;Z;SANTA JUANA                   ;BIO BIO;0;0;0;0;0;0;0;0;0;CELULAR VIVO Y20 NEGRO DIRECTO ENTEL;TELEFONIA
10389128;;M;41;CHILENO;;X;MAIPU                         ;METROPOLITANA;0;0;0;0;0;0;0;0;0;Celular AL3 CLARO DIRECTO NEGRO;TELEFONIA
12924906;;M;47;CHILENO;;Silencioso;PROVIDENCIA                   ;METROPOLITANA;0;0;0;0;0;0;0;0;0;Celular NOKIA 1.3 NEGRO WOM;TELEFONIA
15362073;;F;38;CHILENO;;X;N/D;N/D;0;0;0;0;0;0;0;0;0;CELULAR GALAXY S20FE 128GB CLOUD LAVENDER OPEN;TELEFONIA
6627902;Casado;M;68;CHILENO;;Boomers;RENCA                         ;METROPOLITANA;0;0;0;0;0;0;0;0;0;CELULAR MOTO E6I ROSA OPEN;TELEFONIA
6815524;;F;68;CHILENO;;Boomers;RENCA                         ;METROPOLITANA;0;0;0;0;0;0;0;0;0;CELULAR MOTO E6S 32GB GRIS DIRECTO ENTEL;TELEFONIA
17627023;;M;31;CHILENO;;Millenial;N/D;N/D;0;0;0;0;0;0;0;0;0;CELULAR OWN 1026 AZUL ENTEL;TELEFONIA
10796224;Casado;F;55;CHILENO;PROFESOR;Boomers;RENCA                         ;METROPOLITANA;0;0;0;0;0;0;0;0;0;Celular A20S ENTEL DIRECTO BLACK;TELEFONIA
17590389;;M;31;CHILENO;;Millenial;PROVIDENCIA                   ;METROPOLITANA;0;0;0;0;0;0;0;0;0;Celular A11 LIB OPEN BLACK;TELEFONIA
24555604;;F;34;PERUANO;;Extranjero;LOS ANDES                     ;VALPARAISO;0;0;0;0;0;0;0;0;0;CELULAR A21s 128 GB AZUL;TELEFONIA
9091778;;M;61;CHILENO;;Boomers;PROVIDENCIA                   ;METROPOLITANA;0;0;0;0;0;0;0;0;0;CELULAR MOTO E6I 32GB GRIS OPEN;TELEFONIA
7630887;;M;66;CHILENO;;Boomers;CALERA                        ;VALPARAISO;0;0;0;0;0;0;0;0;0;CELULAR VIVO Y11S PHANTOM BLACK OPEN;TELEFONIA
12428815;;F;50;CHILENO;;X;MAIPU                         ;METROPOLITANA;0;0;0;0;0;0;0;0;0;CELULAR Xiaomi Redmi 9 64 GB Morado WOM;TELEFONIA
8159850;;F;63;CHILENO;;Boomers;PROVIDENCIA                   ;METROPOLITANA;0;0;0;0;0;0;0;0;0;CELULAR REDMI 9T 128GB SUNRISE ORANGE MOVISTAR;TELEFONIA
8381130;;F;63;CHILENO;;Boomers;PARRAL                        ;MAULE;0;0;0;0;0;0;0;0;0;CELULAR REDMI NOTE 10 128GB PEBBLE WHITE;TELEFONIA
17036565;;F;33;CHILENO;;Millenial;N/D;N/D;0;0;0;0;0;0;0;0;0;CELULAR A21s 128 GB Rojo;TELEFONIA
8733697;;M;49;CHILENO;;X;RENCA                         ;METROPOLITANA;0;0;0;0;0;0;0;0;0;CELULAR A12 128GB AZUL OPEN;TELEFONIA
15211864;;M;59;CHILENO;;Boomers;N/D;N/D;0;0;0;0;0;0;0;0;0;CELULAR MOTOROLA G9 PLAY 64GB ELECTRIC BLUE OPEN;TELEFONIA
12437694;;M;48;CHILENO;;X;POZO ALMONTE                  ;TARAPACA;0;0;0;0;0;0;0;0;0;CELULAR A21s 128 GB Negro;TELEFONIA
13332811;;M;44;CHILENO;;X;PROVIDENCIA                   ;METROPOLITANA;0;0;0;0;0;0;0;0;0;CELULAR SAMSUNG NOTE 20 MYSTIC GRAY OPEN;TELEFONIA
25867305;;F;37;HAITIANO;;Extranjero;N/D;N/D;0;0;0;0;0;0;0;0;0;CELULAR REDMI NOTE 9 128G ONYX BLACK OPEN;TELEFONIA
18326466;;M;29;CHILENO;;Silencioso;PROVIDENCIA                   ;METROPOLITANA;0;0;0;0;0;0;0;0;0;CELULAR OWN 1026 AZUL ENTEL;TELEFONIA
19198469;Soltero;M;26;CHILENO;PSICOLOGO;Z;PROVIDENCIA                   ;METROPOLITANA;0;0;0;0;0;0;0;0;0;Celular A11 LIB OPEN BLUE;TELEFONIA
18740398;;F;28;CHILENO;;Millenial;VILLARICA                     ;ARAUCANIA;0;0;0;0;0;0;0;0;0;CELULAR A12 128GB ROJO OPEN;TELEFONIA
8977082;;M;57;CHILENO;;Boomers;CASTRO                        ;LOS LAGOS;0;0;0;0;0;0;0;0;0;CELULAR REDMI NOTE 10 128GB ONIX GRAY OPEN;TELEFONIA
14579142;Soltero;M;43;CHILENO;;Silencioso;PROVIDENCIA                   ;METROPOLITANA;0;0;0;0;0;0;0;0;0;CELULAR POCO M3 64GB COOL BLUE;TELEFONIA
17530037;Soltero;F;32;CHILENO;;Millenial;PROVIDENCIA                   ;METROPOLITANA;0;0;0;0;0;0;0;0;0;Celular A51 128GB LIB OPEN BLACK;TELEFONIA
12650228;Casado;M;47;CHILENO;;Silencioso;PROVIDENCIA                   ;METROPOLITANA;0;0;0;0;0;0;0;0;0;IPHONE 7 32GB LIB OPEN DORADO;TELEFONIA
9226183;;M;60;CHILENO;;Boomers;RENCA                         ;METROPOLITANA;0;0;0;0;0;0;0;0;0;CELULAR OPPO A15 BLACK 32GB CLARO;TELEFONIA
9397585;;M;60;CHILENO;;Boomers;N/D;N/D;0;0;0;0;0;0;0;0;0;CELULAR GALAXY S21 PHANTOM VIOLET 256GB OPEN;TELEFONIA
11074038;Casado;F;55;CHILENO;;Boomers;RENCA                         ;METROPOLITANA;0;0;0;0;0;0;0;0;0;CELULAR A02 ROJO 32GB OPEN;TELEFONIA
13304314;;F;45;CHILENO;;Millenial;"";"";0;0;0;0;0;0;0;0;0;CELULAR REDMI NOTE 10 128GB PEBBLE WHITE;TELEFONIA
13606503;Soltero;M;42;CHILENO;;X;RENCA                         ;METROPOLITANA;0;0;0;0;0;0;0;0;0;CELULAR MOTOROLA E6 PLAY AZUL TRI WOM;TELEFONIA
18831858;Soltero;M;28;CHILENO;;Silencioso;PROVIDENCIA                   ;METROPOLITANA;0;0;0;0;0;0;0;0;0;CELULAR A32 128 GB LIGHT VIOLET OPEN;TELEFONIA
7217675;Casado;M;60;CHILENO;;Silencioso;PROVIDENCIA                   ;METROPOLITANA;0;0;0;0;0;0;0;0;0;CELULAR MOTO ONE FUSION 64GB VERDE 64GB OPEN;TELEFONIA
11136399;;M;54;CHILENO;;Boomers;N/D;N/D;0;0;0;0;0;0;0;0;0;CELULAR A21s 128 GB Negro;TELEFONIA
13894479;;M;42;CHILENO;;X;PROVIDENCIA                   ;METROPOLITANA;0;0;0;0;0;0;0;0;0;CELULAR A21s 128 GB AZUL;TELEFONIA
14160983;;F;41;CHILENO;;X;MAIPU                         ;METROPOLITANA;0;0;0;0;0;0;0;0;0;IPHONE 7 LIB OPEN NEGRO;TELEFONIA
18498961;;F;28;CHILENO;;Millenial;"";"";0;0;0;0;0;0;0;0;0;Celular LG K22 MOVISTAR DIRECTO TITAN;TELEFONIA
16964543;;M;33;CHILENO;;Millenial;PROVIDENCIA                   ;METROPOLITANA;0;0;0;0;0;0;0;0;0;CELULAR A72 128 GB BLUE OPEN;TELEFONIA
26073504;;M;54;CHILENO;;Extranjero;N/D;N/D;0;0;0;0;0;0;0;0;0;Celular Galaxy S21 Phantom Grey 128GB;TELEFONIA
15422762;Soltero;M;40;CHILENO;;X;PROVIDENCIA                   ;METROPOLITANA;0;0;0;0;0;0;0;0;0;CELULAR A21s 128 GB AZUL;TELEFONIA
9300827;;M;60;CHILENO;;Boomers;PROVIDENCIA                   ;METROPOLITANA;0;0;0;0;0;0;0;0;0;CELULAR A12 128GB ROJO OPEN;TELEFONIA
11442267;Soltero;F;53;CHILENO;;X;PROVIDENCIA                   ;METROPOLITANA;0;0;0;0;0;0;0;0;0;CELULAR A02 NEGRO 32GB OPEN;TELEFONIA
19561578;;M;24;CHILENO;;Z;PROVIDENCIA                   ;METROPOLITANA;0;0;0;0;0;0;0;0;0;CELULAR Samsung Galaxy A02s 32GB Azul WOM;TELEFONIA
7623101;;M;65;CHILENO;;Boomers;ESTACION CENTRAL              ;METROPOLITANA;0;0;0;0;0;0;0;0;0;Celular A01 LIB OPEN NEGRO;TELEFONIA
7171817;;M;68;CHILENO;;Silencioso;LA GRANJA                     ;METROPOLITANA;0;0;0;0;0;0;0;0;0;CELULAR OWN 1026 AZUL ENTEL;TELEFONIA
15106859;;M;40;CHILENO;;X;RANCAGUA                      ;L.G.B.OÂ´HIGGINS;0;0;0;0;0;0;0;0;0;Celular VIVO Y11S ENTEL DIRECTO AZUL;TELEFONIA
8934167;;F;60;CHILENO;;Boomers;N/D;N/D;0;0;0;0;0;0;0;0;0;CELULAR A21s 128 GB Rojo;TELEFONIA
17566556;;F;32;CHILENO;;Millenial;SAN VICENTE                   ;L.G.B.OÂ´HIGGINS;0;0;0;0;0;0;0;0;0;Celular G8 POWER LITE WOM DIRECTO TURQUESA;TELEFONIA
6257973;Soltero;F;73;CHILENO;;Silencioso;RENCA                         ;METROPOLITANA;0;0;0;0;0;0;0;0;0;CELULAR MOTO E6S 32GB ROSA OPEN;TELEFONIA
7516233;Casado;M;58;CHILENO;TECNICO;Boomers;PROVIDENCIA                   ;METROPOLITANA;0;0;0;0;0;0;0;0;0;TELEFONO PP BINDU ENTEL;TELEFONIA
14045571;;M;40;CHILENO;ARQUITECTO;X;PROVIDENCIA                   ;METROPOLITANA;0;0;0;0;0;0;0;0;0;CELULAR REDMI NOTE 10 PRO 128GB GLACIER BLUE;TELEFONIA
16686730;;M;34;CHILENO;;Millenial;PROVIDENCIA                   ;METROPOLITANA;0;0;0;0;0;0;0;0;0;Celular LG K22 MOVISTAR DIRECTO TITAN;TELEFONIA
18976905;Soltero;M;27;CHILENO;PSICOLOGO;Z;PROVIDENCIA                   ;METROPOLITANA;0;0;0;0;0;0;0;0;0;CELULAR MOTOROLA E6 PLAY AZUL TRI WOM;TELEFONIA
6640745;Casado;M;70;CHILENO;;Silencioso;RENCA                         ;METROPOLITANA;0;0;0;0;0;0;0;0;0;CELULAR MI 11 EU 256G Horizon Blue BUNDLE;TELEFONIA
17717184;;F;31;CHILENO;;Millenial;N/D;N/D;0;0;0;0;0;0;0;0;0;CELULAR A02s ROJO 32GB OPEN;TELEFONIA
15230328;;M;39;CHILENO;;X;N/D;N/D;0;0;0;0;0;0;0;0;0;Celular XIAOMI REDMI 9 64 GB DIRECTO CLARO NEGRO;TELEFONIA
20193377;;M;22;CHILENO;;Silencioso;PROVIDENCIA                   ;METROPOLITANA;0;0;0;0;0;0;0;0;0;CELULAR OWN 1026 AZUL ENTEL;TELEFONIA
11985557;;M;50;CHILENO;;X;RENCA                         ;METROPOLITANA;0;0;0;0;0;0;0;0;0;CELULAR REDMI NOTE 9 128G FOREST GREEN OPEN;TELEFONIA
16953971;;F;33;CHILENO;;Millenial;N/D;N/D;0;0;0;0;0;0;0;0;0;CELULAR REDMI 9 32GB CARBON GREY OPEN;TELEFONIA
12357071;;F;48;CHILENO;;X;PUENTE ALTO                   ;METROPOLITANA;0;0;0;0;0;0;0;0;0;IPHONE 7 32GB LIB OPEN DORADO;TELEFONIA
16449880;;F;36;CHILENO;;Millenial;VALLENAR;ATACAMA;0;0;0;0;0;0;0;0;0;CELULAR Y8S MOVISTAR DIRECTO BLACK;TELEFONIA
18493050;Soltero;F;28;CHILENO;GASTRONOMIA INTERNACIONAL;Millenial;PROVIDENCIA                   ;METROPOLITANA;0;0;0;0;0;0;0;0;0;CELULAR REDMI 9 64GB SUNSET PURPLE TRI WOM;TELEFONIA
12218059;;F;50;CHILENO;;X;COPIAPO                       ;ATACAMA;0;0;0;0;0;0;0;0;0;Celular P40 LITE LIB OPEN BLACK;TELEFONIA
18392090;Soltero;F;29;CHILENO;;Silencioso;PROVIDENCIA                   ;METROPOLITANA;0;0;0;0;0;0;0;0;0;CELULAR A02 AZUL 32GB OPEN;TELEFONIA
16034829;;F;36;CHILENO;;Millenial;PROVIDENCIA                   ;METROPOLITANA;0;0;0;0;0;0;0;0;0;CELULAR VIVO Y51 TITANIUM SAPPHIRE OPEN;TELEFONIA
26830628;;F;38;VENEZOLANO;;Extranjero;N/D;N/D;0;0;0;0;0;0;0;0;0;CELULAR REDMI NOTE 9 128G FOREST GREEN OPEN;TELEFONIA
17334602;;F;33;CHILENO;;Millenial;"";"";0;0;0;0;0;0;0;0;0;CELULAR REDMI NOTE 10 EU 64GB ONIX GRAY OPEN;TELEFONIA
5724951;;F;75;CHILENO;;Silencioso;VALLENAR;ATACAMA;0;0;0;0;0;0;0;0;0;CELULAR A21s 128 GB Rojo;TELEFONIA
20441628;;M;27;CHILENO;;Silencioso;PROVIDENCIA                   ;METROPOLITANA;0;0;0;0;0;0;0;0;0;CELULAR POCO X3 PRO 256 GB FROST BLUE;TELEFONIA
13012766;;F;45;CHILENO;;X;SAN FELIPE                    ;VALPARAISO;0;0;0;0;0;0;0;0;0;CELULAR GALAXY S20FE 128GB CLOUD LAVENDER OPEN;TELEFONIA
12981160;;M;46;CHILENO;;X;N/D;N/D;0;0;0;0;0;0;0;0;0;CELULAR A21s 128 GB AZUL;TELEFONIA
19857736;;M;24;CHILENO;;Silencioso;PROVIDENCIA                   ;METROPOLITANA;0;0;0;0;0;0;0;0;0;CELULAR REDMI NOTE 10 128GB PEBBLE WHITE;TELEFONIA
25812773;;M;24;NO INFORMA NACIONALIDAD;;Extranjero;N/D;N/D;0;0;0;0;0;0;0;0;0;CELULAR REDMI NOTE 10 EU 128G Onyx Gray BUNDLE;TELEFONIA
13232863;Casado;M;45;CHILENO;;Silencioso;RENGO                         ;L.G.B.OÂ´HIGGINS;0;0;0;0;0;0;0;0;0;CELULAR MOTOROLA G9 PLAY 64GB BLUE DIRECTO CLAR;TELEFONIA
17575735;Soltero;F;32;CHILENO;;Millenial;PROVIDENCIA                   ;METROPOLITANA;0;0;0;0;0;0;0;0;0;CELULAR A72 128 GB BLACK OPEN;TELEFONIA
13598735;;M;43;CHILENO;;X;N/D;N/D;0;0;0;0;0;0;0;0;0;CELULAR A21s 128 GB Negro;TELEFONIA
18239569;Soltero;F;30;CHILENO;;Millenial;PROVIDENCIA                   ;METROPOLITANA;0;0;0;0;0;0;0;0;0;Celular A11 LIB OPEN BLACK;TELEFONIA
11934420;;F;49;CHILENO;;X;VALLENAR;ATACAMA;0;0;0;0;0;0;0;0;0;CELULAR A02 ROJO 32GB OPEN;TELEFONIA
14070445;;M;42;CHILENO;;Silencioso;PROVIDENCIA                   ;METROPOLITANA;0;0;0;0;0;0;0;0;0;CELULAR MOTO ONE FUSION 64GB VERDE 64GB OPEN;TELEFONIA
19876026;;M;23;CHILENO;;Silencioso;N/D;N/D;0;0;0;0;0;0;0;0;0;CELULAR A32 128 GB BLACK OPEN;TELEFONIA
19520897;;M;25;CHILENO;;Z;CORONEL                       ;BIO BIO;0;0;0;0;0;0;0;0;0;CELULAR REDMI NOTE 10 128GB ONIX GRAY OPEN;TELEFONIA
21817654;;M;24;BOLIVIANO;;Extranjero;PROVIDENCIA                   ;METROPOLITANA;0;0;0;0;0;0;0;0;0;CELULAR POCO X3 PRO 128G PHANTOM BLACK OPEN;TELEFONIA
15181743;;F;40;CHILENO;;Silencioso;PROVIDENCIA                   ;METROPOLITANA;0;0;0;0;0;0;0;0;0;CELULAR NOKIA 225 4G BLACK TRI ENTEL;TELEFONIA
18485267;Soltero;M;28;CHILENO;INGENIERO INFORMATICO;Millenial;PROVIDENCIA                   ;METROPOLITANA;0;0;0;0;0;0;0;0;0;CELULAR REDMI NOTE 9 128G FOREST GREEN OPEN;TELEFONIA
13937523;Soltero;F;42;CHILENO;;Silencioso;PROVIDENCIA                   ;METROPOLITANA;0;0;0;0;0;0;0;0;0;CELULAR A12 128GB AZUL OPEN;TELEFONIA
10936035;;M;50;CHILENO;;X;RENCA                         ;METROPOLITANA;0;0;0;0;0;0;0;0;0;CELULAR A21s 128 GB AZUL;TELEFONIA
16517876;;M;35;CHILENO;;Millenial;PADRE HURTADO                 ;METROPOLITANA;0;0;0;0;0;0;0;0;0;CELULAR A12 128GB ROJO OPEN;TELEFONIA
11170394;Soltero;F;54;CHILENO;;Boomers;MELIPILLA                     ;METROPOLITANA;0;0;0;0;0;0;0;0;0;CELULAR MOTO E6S 32GB GRIS DIRECTO ENTEL;TELEFONIA
17091406;;F;33;CHILENO;;Millenial;PROVIDENCIA                   ;METROPOLITANA;0;0;0;0;0;0;0;0;0;Celular LG K22 MOVISTAR DIRECTO TITAN;TELEFONIA
15117897;;M;40;CHILENO;;X;SAN FERNANDO                  ;L.G.B.OÂ´HIGGINS;0;0;0;0;0;0;0;0;0;CELULAR POCO M3 64GB POWER BLACK;TELEFONIA
25655583;;F;33;VENEZOLANO;;Extranjero;N/D;N/D;0;0;0;0;0;0;0;0;0;CELULAR XIAOMI MI 10T 128GB COSMIC BLACK OPEN;TELEFONIA
20464896;;M;22;CHILENO;;Silencioso;PROVIDENCIA                   ;METROPOLITANA;0;0;0;0;0;0;0;0;0;IPHONE 8 64 GB LIB OPEN DORADO;TELEFONIA
13114273;;M;46;CHILENO;;X;RENCA                         ;METROPOLITANA;0;0;0;0;0;0;0;0;0;CELULAR SAMSUNG NOTE 20 MYSTIC GRAY OPEN;TELEFONIA
10799796;;M;49;CHILENO;;Silencioso;PROVIDENCIA                   ;METROPOLITANA;0;0;0;0;0;0;0;0;0;CELULAR MOTOROLA E6 PLAY AZUL TRI WOM;TELEFONIA
11143798;;F;54;CHILENO;;Boomers;RENGO                         ;L.G.B.OÂ´HIGGINS;0;0;0;0;0;0;0;0;0;Celular P30 LITE LIB OPEN NEGRO;TELEFONIA
14218499;;F;42;CHILENO;;X;PROVIDENCIA                   ;METROPOLITANA;0;0;0;0;0;0;0;0;0;CELULAR A02s ROJO 32GB OPEN;TELEFONIA
11612123;;F;52;CHILENO;;X;ARICA                         ;ARICA Y PARINACOTA;0;0;0;0;0;0;0;0;0;CELULAR A02s ROJO 32GB OPEN;TELEFONIA
17196034;;M;32;CHILENO;;Millenial;N/D;N/D;0;0;0;0;0;0;0;0;0;CELULAR A21s 128 GB Rojo;TELEFONIA
14439482;Casado;F;49;CHILENO;;X;PROVIDENCIA                   ;METROPOLITANA;0;0;0;0;0;0;0;0;0;CELULAR A21s 128 GB AZUL;TELEFONIA
13199843;;F;44;CHILENO;;X;LA CISTERNA                   ;METROPOLITANA;0;0;0;0;0;0;0;0;0;Celular LG K22 MOVISTAR DIRECTO TITAN;TELEFONIA
15229434;;F;39;CHILENO;;X;FREIRE                        ;ARAUCANIA;0;0;0;0;0;0;0;0;0;Celular A11 LIB OPEN BLUE;TELEFONIA
18297101;;F;29;CHILENO;;Millenial;PROVIDENCIA                   ;METROPOLITANA;0;0;0;0;0;0;0;0;0;CELULAR MOTO ONE FUSION 64GB VERDE 64GB OPEN;TELEFONIA
15838297;Casado;F;37;CHILENO;PSICOLOGO;Silencioso;PROVIDENCIA                   ;METROPOLITANA;0;0;0;0;0;0;0;0;0;CELULAR A21s 128 GB AZUL;TELEFONIA
12759615;;F;46;CHILENO;;X;ANCUD                         ;LOS LAGOS;0;0;0;0;0;0;0;0;0;CELULAR A12 128GB NEGRO OPEN;TELEFONIA
19250760;;M;27;CHILENO;;Z;"";"";0;0;0;0;0;0;0;0;0;Celular A51 128GB LIB OPEN AZUL;TELEFONIA
8257470;Casado;F;64;CHILENO;;Boomers;PROVIDENCIA                   ;METROPOLITANA;0;0;0;0;0;0;0;0;0;CELULAR A02s ROJO 32GB OPEN;TELEFONIA
13103999;Casado;F;46;CHILENO;;Silencioso;PROVIDENCIA                   ;METROPOLITANA;0;0;0;0;0;0;0;0;0;CELULAR A21s 128 GB AZUL;TELEFONIA
19380977;;F;25;CHILENO;;Silencioso;PROVIDENCIA                   ;METROPOLITANA;0;0;0;0;0;0;0;0;0;CELULAR MOTO G9 POWER 128GB MORADO SONICO OPEN;TELEFONIA
18990901;;F;27;CHILENO;;Millenial;PROVIDENCIA                   ;METROPOLITANA;0;0;0;0;0;0;0;0;0;CELULAR A21s 128 GB Rojo;TELEFONIA
13437391;Casado;F;44;CHILENO;;X;RENCA                         ;METROPOLITANA;0;0;0;0;0;0;0;0;0;Celular A11 LIB OPEN BLACK;TELEFONIA
18723206;;F;27;CHILENO;;Millenial;SAN FERNANDO                  ;L.G.B.OÂ´HIGGINS;0;0;0;0;0;0;0;0;0;Celular A11 LIB OPEN BLACK;TELEFONIA
18977979;;M;27;CHILENO;;Silencioso;PROVIDENCIA                   ;METROPOLITANA;0;0;0;0;0;0;0;0;0;CELULAR REDMI NOTE 10 EU 64GB ONIX GRAY OPEN;TELEFONIA
14458690;;F;50;CHILENO;;X;QUELLON                       ;LOS LAGOS;0;0;0;0;0;0;0;0;0;Celular A51 128GB LIB OPEN BLACK;TELEFONIA
19999322;;M;23;CHILENO;;Silencioso;PROVIDENCIA                   ;METROPOLITANA;0;0;0;0;0;0;0;0;0;CELULAR REDMI NOTE 10 EU 64GB ONIX GRAY OPEN;TELEFONIA
7705684;Casado;M;65;CHILENO;;Boomers;RENCA                         ;METROPOLITANA;0;0;0;0;0;0;0;0;0;Celular A11 LIB OPEN BLUE;TELEFONIA
19600362;;F;24;CHILENO;;Z;PROVIDENCIA                   ;METROPOLITANA;0;0;0;0;0;0;0;0;0;CELULAR MOTO G30 128GB LILA PASTEL OPEN;TELEFONIA
13670026;;M;43;CHILENO;;X;SAN ESTEBAN                   ;VALPARAISO;0;0;0;0;0;0;0;0;0;CELULAR A12 128GB NEGRO OPEN;TELEFONIA
10509899;;M;56;CHILENO;;Boomers;PEDRO AGUIRRE CERDA           ;METROPOLITANA;0;0;0;0;0;0;0;0;0;Celular ZTE A3 2020 ENTEL DIRECTO GRIS;TELEFONIA
15105985;;F;36;CHILENO;;Silencioso;PROVIDENCIA                   ;METROPOLITANA;0;0;0;0;0;0;0;0;0;Celular S20 FE LIB OPEN Cloud Lavender;TELEFONIA
7737238;Soltero;M;66;CHILENO;;Boomers;RENCA                         ;METROPOLITANA;0;0;0;0;0;0;0;0;0;CELULAR A02s NEGRO 32GB OPEN;TELEFONIA
18296585;Soltero;F;29;CHILENO;;Millenial;PROVIDENCIA                   ;METROPOLITANA;0;0;0;0;0;0;0;0;0;CELULAR Xiaomi Redmi 9 64 GB Morado WOM;TELEFONIA
18251648;;F;29;CHILENO;;Millenial;PROVIDENCIA                   ;METROPOLITANA;0;0;0;0;0;0;0;0;0;CELULAR GALAXY S20FE 128GB CLOUD LAVENDER OPEN;TELEFONIA
13792593;Soltero;M;41;CHILENO;;X;RENCA                         ;METROPOLITANA;0;0;0;0;0;0;0;0;0;CELULAR A02s AZUL 32GB OPEN;TELEFONIA
13365589;;F;43;CHILENO;;X;N/D;N/D;0;0;0;0;0;0;0;0;0;Celular S20 FE LIB OPEN Cloud Green;TELEFONIA
19138309;;M;27;CHILENO;;Z;CHONCHI                       ;LOS LAGOS;0;0;0;0;0;0;0;0;0;CELULAR A32 128 GB BLUE OPEN;TELEFONIA
17657949;;M;31;CHILENO;;Silencioso;PROVIDENCIA                   ;METROPOLITANA;0;0;0;0;0;0;0;0;0;Celular Galaxy S21 Phantom Grey 128GB;TELEFONIA
19655055;;F;30;CHILENO;;Millenial;TOCOPILLA                     ;ANTOFAGASTA;0;0;0;0;0;0;0;0;0;Celular LG K22 MOVISTAR DIRECTO TITAN;TELEFONIA
14014156;;F;41;CHILENO;;X;"";"";0;0;0;0;0;0;0;0;0;CELULAR MOTO G9 POWER 128GB MORADO SONICO OPEN;TELEFONIA
16840150;;F;34;CHILENO;;Millenial;PROVIDENCIA                   ;METROPOLITANA;0;0;0;0;0;0;0;0;0;CELULAR A12 128GB NEGRO OPEN;TELEFONIA
19755332;;F;24;CHILENO;;Z;N/D;N/D;0;0;0;0;0;0;0;0;0;CELULAR REDMI NOTE 10 128GB ONIX GRAY OPEN;TELEFONIA
13864146;;F;41;CHILENO;;X;RENCA                         ;METROPOLITANA;0;0;0;0;0;0;0;0;0;CELULAR REDMI NOTE 9 128G FOREST GREEN OPEN;TELEFONIA
14093177;Soltero;M;40;CHILENO;ANALISTA DE SISTEMAS;X;PROVIDENCIA                   ;METROPOLITANA;0;0;0;0;0;0;0;0;0;CELULAR REDMI NOTE 9 PRO 128GB GLACIER WHITE;TELEFONIA
13288710;Casado;M;44;CHILENO;;Silencioso;PROVIDENCIA                   ;METROPOLITANA;0;0;0;0;0;0;0;0;0;Celular A51 128GB LIB OPEN BLACK;TELEFONIA
5872077;Soltero;M;73;CHILENO;AGROINDUSTRIA;Silencioso;PROVIDENCIA                   ;METROPOLITANA;0;0;0;0;0;0;0;0;0;CELULAR OWN 1026 AZUL ENTEL;TELEFONIA
19764862;;M;24;CHILENO;;Z;PROVIDENCIA                   ;METROPOLITANA;0;0;0;0;0;0;0;0;0;Celular A11 LIB OPEN WHITE;TELEFONIA
8272144;;M;66;CHILENO;;Boomers;CURICO                        ;MAULE;0;0;0;0;0;0;0;0;0;CELULAR ZTE A5 2020 DIRECTO CLARO VERDE;TELEFONIA
20144089;;M;23;CHILENO;;Z;PROVIDENCIA                   ;METROPOLITANA;0;0;0;0;0;0;0;0;0;Celular P40 LITE LIB OPEN GREEN;TELEFONIA
6573522;;F;71;CHILENO;;Silencioso;RENCA                         ;METROPOLITANA;0;0;0;0;0;0;0;0;0;CELULAR A02s ROJO 32GB OPEN;TELEFONIA
16755219;;F;34;CHILENO;;Millenial;N/D;N/D;0;0;0;0;0;0;0;0;0;Celular AL3 CLARO DIRECTO NEGRO;TELEFONIA
18893955;Soltero;F;27;CHILENO;TECNICO DE NIVEL SUPERIOR EN ENFERMERIA;Z;PROVIDENCIA                   ;METROPOLITANA;0;0;0;0;0;0;0;0;0;CELULAR A02s ROJO 32GB OPEN;TELEFONIA
9298843;Soltero;M;59;CHILENO;;Boomers;PROVIDENCIA                   ;METROPOLITANA;0;0;0;0;0;0;0;0;0;CELULAR A21s 128 GB AZUL;TELEFONIA
17687453;;F;38;CHILENO;;Silencioso;N/D;N/D;0;0;0;0;0;0;0;0;0;CELULAR MOTO E6I 32GB GRIS OPEN;TELEFONIA
20015240;;F;23;CHILENO;;Z;PROVIDENCIA                   ;METROPOLITANA;0;0;0;0;0;0;0;0;0;Celular A11 LIB OPEN WHITE;TELEFONIA
13077369;;F;46;CHILENO;;Silencioso;PROVIDENCIA                   ;METROPOLITANA;0;0;0;0;0;0;0;0;0;CELULAR XIAOMI REDMI 9C 32GB AZUL WOM;TELEFONIA
20137108;;M;23;CHILENO;;Z;PROVIDENCIA                   ;METROPOLITANA;0;0;0;0;0;0;0;0;0;Celular P40 LITE LIB OPEN GREEN;TELEFONIA
14901565;;M;45;CHILENO;;Silencioso;PROVIDENCIA                   ;METROPOLITANA;0;0;0;0;0;0;0;0;0;Celular A51 128GB LIB OPEN BLACK;TELEFONIA
10046345;;M;55;CHILENO;;Boomers;VILLARICA                     ;ARAUCANIA;0;0;0;0;0;0;0;0;0;CELULAR REDMI 9 64GB CARBON GREY;TELEFONIA
12346564;;F;49;CHILENO;;X;PUENTE ALTO                   ;METROPOLITANA;0;0;0;0;0;0;0;0;0;CELULAR OWN 1026 AZUL ENTEL;TELEFONIA
12729304;;M;47;CHILENO;;X;TOME                          ;BIO BIO;0;0;0;0;0;0;0;0;0;Celular A20S LIB OPEN AZUL;TELEFONIA
7806809;Casado;M;63;CHILENO;;Boomers;PROVIDENCIA                   ;METROPOLITANA;0;0;0;0;0;0;0;0;0;CELULAR A21s 128 GB Negro;TELEFONIA
13224082;;M;45;CHILENO;;X;RENCA                         ;METROPOLITANA;0;0;0;0;0;0;0;0;0;CELULAR A02s ROJO 32GB OPEN;TELEFONIA
20309549;;F;22;CHILENO;;Z;PROVIDENCIA                   ;METROPOLITANA;0;0;0;0;0;0;0;0;0;Celular A11 LIB OPEN BLUE;TELEFONIA
19799854;;M;24;CHILENO;;Z;QUILPUE;VALPARAISO;0;0;0;0;0;0;0;0;0;Celular A71 LIB OPEN NEGRO;TELEFONIA
6626359;;M;67;CHILENO;;Boomers;PROVIDENCIA                   ;METROPOLITANA;0;0;0;0;0;0;0;0;0;CELULAR A21s 128 GB AZUL;TELEFONIA
11920874;;F;52;CHILENO;;X;N/D;N/D;0;0;0;0;0;0;0;0;0;CELULAR A21s 128 GB AZUL;TELEFONIA
7997310;;M;65;CHILENO;;Boomers;PROVIDENCIA                   ;METROPOLITANA;0;0;0;0;0;0;0;0;0;CELULAR OWN 1026 AZUL ENTEL;TELEFONIA
11366535;Casado;M;53;CHILENO;;X;RENCA                         ;METROPOLITANA;0;0;0;0;0;0;0;0;0;CELULAR A21s 128 GB Rojo;TELEFONIA
9602912;;F;60;CHILENO;;Boomers;RENCA                         ;METROPOLITANA;0;0;0;0;0;0;0;0;0;CELULAR A12 128GB NEGRO OPEN;TELEFONIA
13209933;;F;45;CHILENO;;X;PUENTE ALTO                   ;METROPOLITANA;0;0;0;0;0;0;0;0;0;Celular G8 POWER LITE WOM DIRECTO TURQUESA;TELEFONIA
5374525;;F;79;CHILENO;;Silencioso;RENCA                         ;METROPOLITANA;0;0;0;0;0;0;0;0;0;Celular A71 LIB OPEN NEGRO;TELEFONIA
19108073;;M;27;CHILENO;;Z;PROVIDENCIA                   ;METROPOLITANA;0;0;0;0;0;0;0;0;0;CELULAR GALAXY S20FE 128GB ClOUD NAVY OPEN;TELEFONIA
26134253;;M;48;VENEZOLANO;;Extranjero;N/D;N/D;0;0;0;0;0;0;0;0;0;CELULAR A21s 128 GB AZUL;TELEFONIA
19115437;;F;27;CHILENO;;Z;SAN BERNARDO                  ;METROPOLITANA;0;0;0;0;0;0;0;0;0;Celular A11 LIB OPEN BLUE;TELEFONIA
17901076;;M;33;CHILENO;;Millenial;CONSTITUCION                  ;MAULE;0;0;0;0;0;0;0;0;0;CELULAR XIAOMI POCO X3 64G SHADOW GRAY;TELEFONIA
13440936;Soltero;M;43;CHILENO;;Silencioso;PROVIDENCIA                   ;METROPOLITANA;0;0;0;0;0;0;0;0;0;CEULAR NOTE 10 LITE SILVER;TELEFONIA
19599840;;M;25;CHILENO;;Z;PROVIDENCIA                   ;METROPOLITANA;0;0;0;0;0;0;0;0;0;Celular XIAOMI REDMI 9 64 GB DIRECTO CLARO NEGRO;TELEFONIA
25756578;;F;57;EXTRANJERO - NO INFORMA NACIONALIDAD;;Extranjero;PROVIDENCIA                   ;METROPOLITANA;0;0;0;0;0;0;0;0;0;CELULAR A12 128GB ROJO OPEN;TELEFONIA
25269035;Soltero;F;33;HAITIANO;;Extranjero;CERRILLOS                     ;METROPOLITANA;0;0;0;0;0;0;0;0;0;CELULAR MOTO ONE FUSION 64GB VERDE 64GB OPEN;TELEFONIA
14578027;;F;42;CHILENO;;X;CURICO                        ;MAULE;0;0;0;0;0;0;0;0;0;CELULAR MOTO G8 POWER LITE AZUL TRI ENTEL;TELEFONIA
17695574;;M;27;CHILENO;;Z;PROVIDENCIA                   ;METROPOLITANA;0;0;0;0;0;0;0;0;0;CELULAR REDMI NOTE 9 PRO 128GB GLACIER WHITE;TELEFONIA
18264718;;F;29;CHILENO;;Millenial;PROVIDENCIA                   ;METROPOLITANA;0;0;0;0;0;0;0;0;0;IPHONE 5S 16GB NEGRO OPEN;TELEFONIA
16792827;;F;35;CHILENO;;Millenial;SAN JAVIER                    ;MAULE;0;0;0;0;0;0;0;0;0;CELULAR A21s 128 GB Rojo;TELEFONIA
19568305;;F;25;CHILENO;;Z;PROVIDENCIA                   ;METROPOLITANA;0;0;0;0;0;0;0;0;0;CELULAR MOTOROLA E6 PLAY AZUL TRI WOM;TELEFONIA
16398621;;M;35;CHILENO;;Millenial;PROVIDENCIA                   ;METROPOLITANA;0;0;0;0;0;0;0;0;0;CELULAR Xiaomi Redmi 9 64 GB Morado WOM;TELEFONIA
18300065;;M;29;CHILENO;;Millenial;PROVIDENCIA                   ;METROPOLITANA;0;0;0;0;0;0;0;0;0;CELULAR NOTE 20 ULTRA MYSTIC BLACK 256GB OPEN;TELEFONIA
19714309;;M;24;CHILENO;;Z;CURANILAHUE                   ;BIO BIO;0;0;0;0;0;0;0;0;0;CELULAR A72 128 GB BLACK OPEN;TELEFONIA
26243909;;F;25;CHILENO;;Extranjero;ISLA DE MAIPO;METROPOLITANA;0;0;0;0;0;0;0;0;0;CELULAR REDMI NOTE 10 128GB ONIX GRAY OPEN;TELEFONIA
8148829;;M;63;CHILENO;;Boomers;PROVIDENCIA                   ;METROPOLITANA;0;0;0;0;0;0;0;0;0;Celular ZTE A3 2020 ENTEL DIRECTO GRIS;TELEFONIA
12215329;Divorciado;F;50;CHILENO;;X;PROVIDENCIA                   ;METROPOLITANA;0;0;0;0;0;0;0;0;0;CELULAR A12 128GB NEGRO OPEN;TELEFONIA
12759470;;M;47;CHILENO;;X;CALBUCO                       ;LOS LAGOS;0;0;0;0;0;0;0;0;0;Celular SA3 CLARO DIRECTO BLACK;TELEFONIA
18901216;;M;27;CHILENO;;Millenial;NUEVA IMPERIAL                ;ARAUCANIA;0;0;0;0;0;0;0;0;0;Celular NOKIA 1.3 NEGRO WOM;TELEFONIA
18534177;;F;28;CHILENO;;Millenial;SANTIAGO                      ;METROPOLITANA;0;0;0;0;0;0;0;0;0;CELULAR GALAXY S20FE 128GB CLOUD LAVENDER OPEN;TELEFONIA
10493237;Soltero;M;55;CHILENO;;Boomers;RENCA                         ;METROPOLITANA;0;0;0;0;0;0;0;0;0;CELULAR Xiaomi Redmi 9 64 GB Morado WOM;TELEFONIA
24771044;;F;39;PERUANO;;Extranjero;ARICA                         ;ARICA Y PARINACOTA;0;0;0;0;0;0;0;0;0;CELULAR VIVO Y11S PHANTON BLACK 32GB MOVISTAR;TELEFONIA
6532534;;M;76;CHILENO;;Silencioso;PROVIDENCIA                   ;METROPOLITANA;0;0;0;0;0;0;0;0;0;CELULAR OWN 1026 AZUL ENTEL;TELEFONIA
8136699;Viudo;M;65;CHILENO;;Boomers;RENCA                         ;METROPOLITANA;0;0;0;0;0;0;0;0;0;CELULAR NOKIA 225 4G BLACK MOVISTAR DIRECTO;TELEFONIA
17919853;;F;30;CHILENO;;Millenial;MAIPU                         ;METROPOLITANA;0;0;0;0;0;0;0;0;0;IPHONE 5S 16GB NEGRO OPEN;TELEFONIA
7354041;;M;63;CHILENO;;Boomers;PERALILLO                     ;L.G.B.OÂ´HIGGINS;0;0;0;0;0;0;0;0;0;CELULAR OWN 1026 AZUL ENTEL;TELEFONIA
15865000;;M;38;CHILENO;;Millenial;TEMUCO                        ;ARAUCANIA;0;0;0;0;0;0;0;0;0;CELULAR REDMI NOTE 9 DIRECTO CLARO BLUE;TELEFONIA
11896066;;F;51;CHILENO;;X;PROVIDENCIA                   ;METROPOLITANA;0;0;0;0;0;0;0;0;0;CELULAR ALCATEL P1 DIRECTO CLARO BLACK;TELEFONIA
13657203;;F;43;CHILENO;;X;PROVIDENCIA                   ;METROPOLITANA;0;0;0;0;0;0;0;0;0;CELULAR A21s 128 GB AZUL;TELEFONIA
18939545;Soltero;F;27;CHILENO;;Millenial;PROVIDENCIA                   ;METROPOLITANA;0;0;0;0;0;0;0;0;0;Celular A51 128GB LIB OPEN BLACK;TELEFONIA
12944337;;M;46;CHILENO;;X;MONTE PATRIA                  ;COQUIMBO;0;0;0;0;0;0;0;0;0;Celular LG K22 MOVISTAR DIRECTO TITAN;TELEFONIA
10093616;;F;56;CHILENO;;Boomers;SAN FELIPE                    ;VALPARAISO;0;0;0;0;0;0;0;0;0;Celular S20 FE LIB OPEN Cloud Lavender;TELEFONIA
10043026;;M;57;CHILENO;;Boomers;PROVIDENCIA                   ;METROPOLITANA;0;0;0;0;0;0;0;0;0;CELULAR MOTOROLA E6 PLAY AZUL TRI WOM;TELEFONIA
14348711;;F;43;CHILENO;;Silencioso;PROVIDENCIA                   ;METROPOLITANA;0;0;0;0;0;0;0;0;0;CELULAR Xiaomi Redmi 9 64 GB Morado WOM;TELEFONIA
15797738;;F;38;CHILENO;;Millenial;PROVIDENCIA                   ;METROPOLITANA;0;0;0;0;0;0;0;0;0;Celular A51 128GB LIB OPEN BLACK;TELEFONIA
12310397;;F;50;CHILENO;;X;COIHAIQUE                     ;AYSEN;0;0;0;0;0;0;0;0;0;CELULAR SAMSUNG A01 NEGRO DIRECTO WOM;TELEFONIA
6262220;;M;71;CHILENO;;Silencioso;CURICO                        ;MAULE;0;0;0;0;0;0;0;0;0;CELULAR OWN 1026 AZUL ENTEL;TELEFONIA
12172075;;M;50;CHILENO;;X;COMBARBALA                    ;COQUIMBO;0;0;0;0;0;0;0;0;0;CELULAR XIAOMI POCO X3 64G SHADOW GRAY;TELEFONIA
19709621;;M;23;CHILENO;;Z;PROVIDENCIA                   ;METROPOLITANA;0;0;0;0;0;0;0;0;0;CELULAR MOTO ONE FUSION 64GB VERDE 64GB OPEN;TELEFONIA
17317759;;F;32;CHILENO;;Silencioso;PROVIDENCIA                   ;METROPOLITANA;0;0;0;0;0;0;0;0;0;CELULAR A52 128 GB BLACK OPEN;TELEFONIA
17970891;;F;31;CHILENO;;Millenial;N/D;N/D;0;0;0;0;0;0;0;0;0;Celular A51 128GB LIB OPEN AZUL;TELEFONIA
13595501;;M;43;CHILENO;;X;PROVIDENCIA                   ;METROPOLITANA;0;0;0;0;0;0;0;0;0;CELULAR MOTO ONE FUSION 64GB VERDE 64GB OPEN;TELEFONIA
20113990;;M;23;CHILENO;;Silencioso;PROVIDENCIA                   ;METROPOLITANA;0;0;0;0;0;0;0;0;0;CELULAR LG K61 Gris OPEN;TELEFONIA
18904860;Soltero;M;27;CHILENO;;Silencioso;PROVIDENCIA                   ;METROPOLITANA;0;0;0;0;0;0;0;0;0;CELULAR XIAOMI POCO M3 128GB YELLOW OPEN;TELEFONIA
8966126;;F;59;CHILENO;;Boomers;PROVIDENCIA                   ;METROPOLITANA;0;0;0;0;0;0;0;0;0;Celular A51 128GB LIB OPEN BLANCO;TELEFONIA
17152916;;M;33;CHILENO;;Millenial;PROVIDENCIA                   ;METROPOLITANA;0;0;0;0;0;0;0;0;0;CELULAR MOTOROLA RAZR GRIS OPEN;TELEFONIA
16793980;;F;34;CHILENO;;Millenial;TEMUCO                        ;ARAUCANIA;0;0;0;0;0;0;0;0;0;REPETIDOR MI WIFI RANGE EXTENDER PRO XIAOMI;TELEFONIA
7976714;Casado;F;67;CHILENO;;Boomers;RENCA                         ;METROPOLITANA;0;0;0;0;0;0;0;0;0;CELULAR XIAOMI REDMI 9A 32 GB BLUE DIRECTO CLARO;TELEFONIA
17815068;;F;31;CHILENO;;Millenial;SANTO DOMINGO                 ;VALPARAISO;0;0;0;0;0;0;0;0;0;Celular A11 LIB OPEN BLACK;TELEFONIA
12522435;;M;48;CHILENO;;X;RENCA                         ;METROPOLITANA;0;0;0;0;0;0;0;0;0;Celular A31 LIB OPEN BLACK;TELEFONIA
18983621;Soltero;F;26;CHILENO;;Z;PROVIDENCIA                   ;METROPOLITANA;0;0;0;0;0;0;0;0;0;CELULAR A12 128GB AZUL OPEN;TELEFONIA
10996369;;M;41;CHILENO;;Silencioso;PROVIDENCIA                   ;METROPOLITANA;0;0;0;0;0;0;0;0;0;CELULAR REDMI NOTE 9 PRO 128GB GLACIER WHITE;TELEFONIA
17711924;;M;31;CHILENO;;Silencioso;PROVIDENCIA                   ;METROPOLITANA;0;0;0;0;0;0;0;0;0;CELULAR REDMI 9 32GB CARBON GREY OPEN;TELEFONIA
20384551;;M;22;CHILENO;;Extranjero;NACIMIENTO                    ;BIO BIO;0;0;0;0;0;0;0;0;0;CELULAR A12 128GB ROJO OPEN;TELEFONIA
19371159;;M;25;CHILENO;;Z;LOS ANGELES                   ;BIO BIO;0;0;0;0;0;0;0;0;0;CELULAR REDMI NOTE 9 PRO 128GB GLACIER WHITE;TELEFONIA
18665696;Soltero;F;28;CHILENO;;Millenial;PROVIDENCIA                   ;METROPOLITANA;0;0;0;0;0;0;0;0;0;Celular A51 128GB LIB OPEN AZUL;TELEFONIA
13481900;Casado;F;43;CHILENO;;Silencioso;PROVIDENCIA                   ;METROPOLITANA;0;0;0;0;0;0;0;0;0;Celular P40 LITE LIB OPEN GREEN;TELEFONIA
9750798;;F;59;CHILENO;;Boomers;CAUQUENES                     ;MAULE;0;0;0;0;0;0;0;0;0;CELULAR SAMSUNG A71 AZUL OPEN;TELEFONIA
17264393;;M;32;CHILENO;;Silencioso;PROVIDENCIA                   ;METROPOLITANA;0;0;0;0;0;0;0;0;0;CELULAR REDMI 9 32GB CARBON GREY OPEN;TELEFONIA
14155129;;F;40;CHILENO;;X;PROVIDENCIA                   ;METROPOLITANA;0;0;0;0;0;0;0;0;0;Celular A51 128GB LIB OPEN AZUL;TELEFONIA
16860752;;F;34;CHILENO;;Millenial;RANCAGUA                      ;L.G.B.OÂ´HIGGINS;0;0;0;0;0;0;0;0;0;Celular A11 LIB OPEN BLUE;TELEFONIA
12170457;;F;50;CHILENO;;X;"";"";0;0;0;0;0;0;0;0;0;CELULAR SAMSUNG A71 AZUL OPEN;TELEFONIA
12779574;;F;47;CHILENO;;X;PROVIDENCIA                   ;METROPOLITANA;0;0;0;0;0;0;0;0;0;Celular A31 LIB OPEN ROJO;TELEFONIA
12380009;;F;49;CHILENO;;X;PROVIDENCIA                   ;METROPOLITANA;0;0;0;0;0;0;0;0;0;CELULAR A12 128GB AZUL OPEN;TELEFONIA
11256663;;F;54;CHILENO;;X;CERRO NAVIA                   ;METROPOLITANA;0;0;0;0;0;0;0;0;0;Celular G8 POWER LITE MOVISTAR DIRECTO AZUL;TELEFONIA
10808654;;M;56;CHILENO;;Boomers;FREIRE                        ;ARAUCANIA;0;0;0;0;0;0;0;0;0;CELULAR MOTO E6I 32GB GRIS OPEN;TELEFONIA
17814912;Soltero;M;31;CHILENO;PROFESOR;Millenial;PROVIDENCIA                   ;METROPOLITANA;0;0;0;0;0;0;0;0;0;CELULAR MOTO G9 POWER 128GB MORADO SONICO OPEN;TELEFONIA
18816544;;F;27;CHILENO;;Millenial;CONCEPCION                    ;BIO BIO;0;0;0;0;0;0;0;0;0;CELULAR MOTO ONE FUSION 64GB VERDE 64GB OPEN;TELEFONIA
16563522;;F;35;CHILENO;;Silencioso;PROVIDENCIA                   ;METROPOLITANA;0;0;0;0;0;0;0;0;0;Celular A51 128GB LIB OPEN AZUL;TELEFONIA
8181612;Soltero;F;58;CHILENO;;Boomers;PROVIDENCIA                   ;METROPOLITANA;0;0;0;0;0;0;0;0;0;Celular LG K22 ENTEL DIRECTO TITAN;TELEFONIA
10246586;;F;57;CHILENO;;Boomers;PROVIDENCIA                   ;METROPOLITANA;0;0;0;0;0;0;0;0;0;Celular A31 LIB OPEN ROJO;TELEFONIA
18166682;;F;30;CHILENO;;Millenial;PROVIDENCIA                   ;METROPOLITANA;0;0;0;0;0;0;0;0;0;Celular A01 LIB OPEN AZUL;TELEFONIA
18907588;;F;27;CHILENO;;Millenial;MAIPU                         ;METROPOLITANA;0;0;0;0;0;0;0;0;0;IPHONE 8 64 GB LIB OPEN PLATEADO;TELEFONIA
11682364;;F;51;CHILENO;;X;PROVIDENCIA                   ;METROPOLITANA;0;0;0;0;0;0;0;0;0;Celular Y7P LIB OPEN NEGRO;TELEFONIA
15672481;;M;38;CHILENO;;X;PROVIDENCIA                   ;METROPOLITANA;0;0;0;0;0;0;0;0;0;CELULAR REDMI NOTE 9 PRO 128GB INTERSTELLAR GREY;TELEFONIA
14178606;;F;40;CHILENO;;X;N/D;N/D;0;0;0;0;0;0;0;0;0;CELULAR MOTO G8 POWER LITE BUNDLE + ARO DE LUZ;TELEFONIA
11434502;;F;53;CHILENO;;X;SAN BERNARDO                  ;METROPOLITANA;0;0;0;0;0;0;0;0;0;Celular A01 LIB OPEN NEGRO;TELEFONIA
8154786;;F;63;CHILENO;;Boomers;CONCEPCION                    ;BIO BIO;0;0;0;0;0;0;0;0;0;Celular A11 LIB OPEN BLUE;TELEFONIA
17739075;;F;31;CHILENO;;Millenial;RENCA                         ;METROPOLITANA;0;0;0;0;0;0;0;0;0;CELULAR LG K61 Gris OPEN;TELEFONIA
16089154;;F;36;CHILENO;;Millenial;PUENTE ALTO                   ;METROPOLITANA;0;0;0;0;0;0;0;0;0;Celular S20 FE LIB OPEN Cloud Green;TELEFONIA
16045915;;F;36;CHILENO;;Millenial;PROVIDENCIA                   ;METROPOLITANA;0;0;0;0;0;0;0;0;0;Celular S20 FE LIB OPEN Cloud Green;TELEFONIA
10714941;;F;55;CHILENO;;Silencioso;PROVIDENCIA                   ;METROPOLITANA;0;0;0;0;0;0;0;0;0;CELULAR MOTOROLA G9 PLAY ROSADO DIRECTO WOM;TELEFONIA
13653262;;F;42;CHILENO;;Silencioso;PROVIDENCIA                   ;METROPOLITANA;0;0;0;0;0;0;0;0;0;Celular A11 LIB OPEN BLUE;TELEFONIA
18957392;;M;27;CHILENO;;Z;HUECHURABA                    ;METROPOLITANA;0;0;0;0;0;0;0;0;0;CELULAR XIAOMI MI 10T 128GB LUNAR SILVER OPEN;TELEFONIA
13167393;;F;45;CHILENO;;X;CASTRO                        ;LOS LAGOS;0;0;0;0;0;0;0;0;0;CELULAR Samsung Galaxy A02s 32GB Azul WOM;TELEFONIA
11997271;;F;50;CHILENO;;X;RENCA                         ;METROPOLITANA;0;0;0;0;0;0;0;0;0;CELULAR OWN 1026 AZUL ENTEL;TELEFONIA
19054433;;F;27;CHILENO;;Z;PROVIDENCIA                   ;METROPOLITANA;0;0;0;0;0;0;0;0;0;CELULAR MOTOROLA E6S GRIS 32GB DIRECTO WOM;TELEFONIA
12605801;Viudo;F;47;CHILENO;CONTADOR GENERAL;X;PROVIDENCIA                   ;METROPOLITANA;0;0;0;0;0;0;0;0;0;CELULAR IPHONE SE 64GB DIRECTO CLARO;TELEFONIA
15157792;;M;41;CHILENO;;Silencioso;PROVIDENCIA                   ;METROPOLITANA;0;0;0;0;0;0;0;0;0;Celular G8 POWER LITE MOVISTAR DIRECTO AZUL;TELEFONIA
9789913;;M;58;CHILENO;;Boomers;PROVIDENCIA                   ;METROPOLITANA;0;0;0;0;0;0;0;0;0;Celular A31 LIB OPEN AZUL;TELEFONIA
16191654;Soltero;F;36;CHILENO;;Silencioso;PROVIDENCIA                   ;METROPOLITANA;0;0;0;0;0;0;0;0;0;CELULAR XIAOMI REDMI 9 64GB DIRECTO CLARO MORADO;TELEFONIA
17711732;Soltero;F;31;CHILENO;;Millenial;PROVIDENCIA                   ;METROPOLITANA;0;0;0;0;0;0;0;0;0;CELULAR A02s AZUL 32GB OPEN;TELEFONIA
9358486;;F;60;CHILENO;;Silencioso;PROVIDENCIA                   ;METROPOLITANA;0;0;0;0;0;0;0;0;0;Celular A11 LIB OPEN BLUE;TELEFONIA
10552171;;M;54;CHILENO;;Boomers;N/D;N/D;0;0;0;0;0;0;0;0;0;Celular A01 LIB OPEN AZUL;TELEFONIA
15998741;;M;38;CHILENO;;Millenial;PROVIDENCIA                   ;METROPOLITANA;0;0;0;0;0;0;0;0;0;Celular A51 128GB LIB OPEN BLACK;TELEFONIA
18527426;;M;27;CHILENO;;Z;COIHAIQUE                     ;AYSEN;0;0;0;0;0;0;0;0;0;CELULAR A12 128GB NEGRO OPEN;TELEFONIA
16604257;;M;35;CHILENO;;Millenial;PROVIDENCIA                   ;METROPOLITANA;0;0;0;0;0;0;0;0;0;CELULAR A12 128GB AZUL OPEN;TELEFONIA
10199157;;M;52;CHILENO;;X;RENCA                         ;METROPOLITANA;0;0;0;0;0;0;0;0;0;CELULAR A21s 128 GB AZUL;TELEFONIA
18353018;Soltero;M;29;CHILENO;;Millenial;PROVIDENCIA                   ;METROPOLITANA;0;0;0;0;0;0;0;0;0;CELULAR A12 128GB NEGRO OPEN;TELEFONIA
13373270;;F;44;CHILENO;;X;CAUQUENES                     ;MAULE;0;0;0;0;0;0;0;0;0;CELULAR A02 ROJO 32GB OPEN;TELEFONIA
20394492;;M;22;CHILENO;;Z;"";"";0;0;0;0;0;0;0;0;0;Celular A51 128GB LIB OPEN BLANCO;TELEFONIA
4937299;;M;80;CHILENO;;Silencioso;PROVIDENCIA                   ;METROPOLITANA;0;0;0;0;0;0;0;0;0;CELULAR NOKIA 110 BLACK OPEN;TELEFONIA
11997309;;M;50;CHILENO;;X;TENO                          ;MAULE;0;0;0;0;0;0;0;0;0;CELULAR MOTO G8 POWER LITE TURQUESA TRI ENTEL;TELEFONIA
10690419;;F;56;CHILENO;;Boomers;LA SERENA                     ;COQUIMBO;0;0;0;0;0;0;0;0;0;CELULAR A21s 128 GB Rojo;TELEFONIA
16108618;;F;37;CHILENO;;Millenial;N/D;N/D;0;0;0;0;0;0;0;0;0;CELULAR HUAWEI Y9S BLACK DIRECTO CLARO;TELEFONIA
13680725;;F;43;CHILENO;;X;CAUQUENES                     ;MAULE;0;0;0;0;0;0;0;0;0;Celular LG K22 MOVISTAR DIRECTO TITAN;TELEFONIA
15463889;Soltero;F;39;CHILENO;;X;PROVIDENCIA                   ;METROPOLITANA;0;0;0;0;0;0;0;0;0;CELULAR SAMSUNG A01 NEGRO DIRECTO WOM;TELEFONIA
6563106;;M;67;CHILENO;;Boomers;ANTOFAGASTA                   ;ANTOFAGASTA;0;0;0;0;0;0;0;0;0;Celular a11 azul samsung WOM;TELEFONIA
6753888;;F;76;CHILENO;;Silencioso;PROVIDENCIA                   ;METROPOLITANA;0;0;0;0;0;0;0;0;0;Celular G8 POWER LITE WOM DIRECTO TURQUESA;TELEFONIA
16763005;;F;33;CHILENO;;Millenial;PROVIDENCIA                   ;METROPOLITANA;0;0;0;0;0;0;0;0;0;CELULAR MI 10T PRO 256GB AURORA BLUE OPEN;TELEFONIA
19761636;;F;23;CHILENO;;Z;PROVIDENCIA                   ;METROPOLITANA;0;0;0;0;0;0;0;0;0;CELULAR REDMI NOTE 9 PRO 128GB TROPICAL GREEN;TELEFONIA
14105487;;F;40;CHILENO;;X;PROVIDENCIA                   ;METROPOLITANA;0;0;0;0;0;0;0;0;0;Celular A31 LIB OPEN ROJO;TELEFONIA
19131982;;M;27;CHILENO;;Z;PROVIDENCIA                   ;METROPOLITANA;0;0;0;0;0;0;0;0;0;Celular G8 POWER LITE MOVISTAR DIRECTO AZUL;TELEFONIA
18050971;;M;30;CHILENO;;Silencioso;PROVIDENCIA                   ;METROPOLITANA;0;0;0;0;0;0;0;0;0;Celular ZTE A3 2020 ENTEL DIRECTO GRIS;TELEFONIA
16092207;Casado;M;37;CHILENO;;Silencioso;PROVIDENCIA                   ;METROPOLITANA;0;0;0;0;0;0;0;0;0;Celular Galaxy S21 Phantom Violet 128GB;TELEFONIA
13826091;;M;42;CHILENO;;X;CASTRO                        ;LOS LAGOS;0;0;0;0;0;0;0;0;0;CELULAR MOTO G9 POWER 128GB MORADO SONICO OPEN;TELEFONIA
16575456;;F;34;CHILENO;;Millenial;QUILPUE                       ;VALPARAISO;0;0;0;0;0;0;0;0;0;Celular XIAOMI REDMI 9C 64 GB DIRECTO CLARO;TELEFONIA
13978575;Soltero;F;40;CHILENO;;X;LOS VILOS                     ;COQUIMBO;0;0;0;0;0;0;0;0;0;CELULAR XIAOMI POCO X3 64G COBALT BLUE;TELEFONIA
16283580;;F;35;CHILENO;;Millenial;PROVIDENCIA                   ;METROPOLITANA;0;0;0;0;0;0;0;0;0;Celular A01 LIB OPEN ROJO;TELEFONIA
24606011;;M;31;BOLIVIANO;;Extranjero;CONCHALI                      ;METROPOLITANA;0;0;0;0;0;0;0;0;0;CELULAR SAMSUNG A71 AZUL OPEN;TELEFONIA
13355630;;F;44;CHILENO;;X;PUDAHUEL                      ;METROPOLITANA;0;0;0;0;0;0;0;0;0;Celular SA3 CLARO DIRECTO BLACK;TELEFONIA
13582236;;F;42;CHILENO;;X;PROVIDENCIA                   ;METROPOLITANA;0;0;0;0;0;0;0;0;0;Celular A10S MOVISTAR DIRECTO NEGRO;TELEFONIA
13347258;;F;44;CHILENO;;X;N/D;N/D;0;0;0;0;0;0;0;0;0;Celular Y8P ENTEL TRIANGULADO PIEDRA DE LUNA;TELEFONIA
17983343;Soltero;M;30;CHILENO;;Millenial;PROVIDENCIA                   ;METROPOLITANA;0;0;0;0;0;0;0;0;0;CELULAR OWN 1026 AZUL ENTEL;TELEFONIA
18471188;Soltero;M;28;CHILENO;TECNICO DE NIVEL SUPERIOR EN ENFERMERIA;Millenial;PROVIDENCIA                   ;METROPOLITANA;0;0;0;0;0;0;0;0;0;CELULAR REDMI NOTE 9 PRO 128GB TROPICAL GREEN;TELEFONIA
10291206;;F;57;CHILENO;;Boomers;N/D;N/D;0;0;0;0;0;0;0;0;0;CELULAR MOTOROLA E6S GRIS 32GB DIRECTO WOM;TELEFONIA
9259479;;F;60;CHILENO;;Boomers;PROVIDENCIA                   ;METROPOLITANA;0;0;0;0;0;0;0;0;0;Celular NOKIA 1.3 NEGRO WOM;TELEFONIA
12413695;;M;49;CHILENO;;X;CHIMBARONGO                   ;L.G.B.OÂ´HIGGINS;0;0;0;0;0;0;0;0;0;CELULAR A21s 128 GB Negro;TELEFONIA
20043547;;F;23;CHILENO;;Z;PROVIDENCIA                   ;METROPOLITANA;0;0;0;0;0;0;0;0;0;Celular S20 FE LIB OPEN Cloud Lavender;TELEFONIA
12784665;Soltero;F;47;CHILENO;;X;PROVIDENCIA                   ;METROPOLITANA;0;0;0;0;0;0;0;0;0;CELULAR NOKIA 110 BLACK OPEN;TELEFONIA
9402488;;M;60;CHILENO;;Boomers;EL BOSQUE                     ;METROPOLITANA;0;0;0;0;0;0;0;0;0;CELULAR MOTOROLA G8 POWER LITE AZUL WOM;TELEFONIA
15121599;Soltero;M;39;CHILENO;;X;RENCA                         ;METROPOLITANA;0;0;0;0;0;0;0;0;0;Celular A31 LIB OPEN ROJO;TELEFONIA
18039832;;M;30;CHILENO;;Millenial;DONIHUE                       ;L.G.B.OÂ´HIGGINS;0;0;0;0;0;0;0;0;0;Celular A51 128GB LIB OPEN BLANCO;TELEFONIA
7666401;;F;66;CHILENO;;Boomers;PROVIDENCIA                   ;METROPOLITANA;0;0;0;0;0;0;0;0;0;CELULAR OWN 1026 AZUL ENTEL;TELEFONIA
12772820;;F;47;CHILENO;;X;PROVIDENCIA                   ;METROPOLITANA;0;0;0;0;0;0;0;0;0;CELULAR A11 CLARO DIRECTO BLACK;TELEFONIA
11582109;;F;51;CHILENO;;X;RENCA                         ;METROPOLITANA;0;0;0;0;0;0;0;0;0;CELULAR Samsung Galaxy A02s 32GB Azul WOM;TELEFONIA
8146183;;M;64;CHILENO;;Boomers;SANTA MARIA                   ;VALPARAISO;0;0;0;0;0;0;0;0;0;CELULAR OWN 1026 AZUL ENTEL;TELEFONIA
10877972;Soltero;M;54;CHILENO;;Boomers;VINA DEL MAR                  ;VALPARAISO;0;0;0;0;0;0;0;0;0;CHIP RECARGA CLARO;TELEFONIA
16973085;Casado;F;34;CHILENO;;Millenial;PROVIDENCIA                   ;METROPOLITANA;0;0;0;0;0;0;0;0;0;Celular A51 128GB LIB OPEN AZUL;TELEFONIA
19076958;Soltero;M;27;CHILENO;;Silencioso;PROVIDENCIA                   ;METROPOLITANA;0;0;0;0;0;0;0;0;0;CELULAR MI 10T LITE 128G ATLANTIC BLUE OPEN;TELEFONIA
12012747;;F;46;CHILENO;;X;CHILLAN VIEJO                 ;BIO BIO;0;0;0;0;0;0;0;0;0;Celular A31 LIB OPEN BLACK;TELEFONIA
11748589;;F;51;CHILENO;;X;N/D;N/D;0;0;0;0;0;0;0;0;0;CELULAR REDMI NOTE 8 64GB NEPTUNE BLUE OPEN;TELEFONIA
19427991;Soltero;F;26;CHILENO;;Silencioso;PROVIDENCIA                   ;METROPOLITANA;0;0;0;0;0;0;0;0;0;CELULAR LG K22 TRIANGULADO WOM;TELEFONIA
11246906;Casado;F;53;CHILENO;;X;RENCA                         ;METROPOLITANA;0;0;0;0;0;0;0;0;0;Celular SA3 CLARO DIRECTO BLACK;TELEFONIA
13694424;;F;43;CHILENO;;X;PROVIDENCIA                   ;METROPOLITANA;0;0;0;0;0;0;0;0;0;CELULAR REDMI 9 64GB CARBON GREY;TELEFONIA
15865783;;F;38;CHILENO;;Millenial;MELIPILLA                     ;METROPOLITANA;0;0;0;0;0;0;0;0;0;CELULAR NOKIA 5.3 CHARCOAL TRI ENTEL;TELEFONIA
11138195;;F;55;CHILENO;;Boomers;PANGUIPULLI                   ;LOS RIOS;0;0;0;0;0;0;0;0;0;Celular A10S LIB OPEN RED;TELEFONIA
15777771;Soltero;M;37;CHILENO;;Millenial;PROVIDENCIA                   ;METROPOLITANA;0;0;0;0;0;0;0;0;0;Celular A01 LIB OPEN AZUL;TELEFONIA
4936347;;M;79;CHILENO;;Silencioso;RENCA                         ;METROPOLITANA;0;0;0;0;0;0;0;0;0;CELULAR ALCATEL P1 3080 BLACK MOVISTAR DIRECTO;TELEFONIA
4847833;;M;79;CHILENO;;Silencioso;RENCA                         ;METROPOLITANA;0;0;0;0;0;0;0;0;0;Celular LG K22 MOVISTAR DIRECTO TITAN;TELEFONIA
13209133;;F;45;CHILENO;;X;PROVIDENCIA                   ;METROPOLITANA;0;0;0;0;0;0;0;0;0;CELULAR REDMI 9 32GB CARBON GREY OPEN;TELEFONIA
16629720;;M;34;CHILENO;;Silencioso;PROVIDENCIA                   ;METROPOLITANA;0;0;0;0;0;0;0;0;0;CELULAR LG K61 Gris OPEN;TELEFONIA
8142986;;F;64;CHILENO;;Boomers;RENCA                         ;METROPOLITANA;0;0;0;0;0;0;0;0;0;CELULAR OWN 1026 AZUL ENTEL;TELEFONIA
11600043;;F;52;CHILENO;;Silencioso;PROVIDENCIA                   ;METROPOLITANA;0;0;0;0;0;0;0;0;0;Celular ZTE A3 2020 ENTEL DIRECTO GRIS;TELEFONIA
9278415;;F;57;CHILENO;;Boomers;PUERTO MONTT                  ;LOS LAGOS;0;0;0;0;0;0;0;0;0;CELULAR A02s AZUL 32GB OPEN;TELEFONIA
8232196;;M;65;CHILENO;;Boomers;LA FLORIDA                    ;METROPOLITANA;0;0;0;0;0;0;0;0;0;Celular A10S LIB OPEN RED;TELEFONIA
8200272;;M;66;CHILENO;;Boomers;MOLINA                        ;MAULE;0;0;0;0;0;0;0;0;0;Celular A11 LIB OPEN WHITE;TELEFONIA
16340722;;F;35;CHILENO;;Silencioso;PROVIDENCIA                   ;METROPOLITANA;0;0;0;0;0;0;0;0;0;Celular SAMSUNG A01 CORE AZUL ENTEL;TELEFONIA
17952036;;M;31;CHILENO;;Millenial;"";"";0;0;0;0;0;0;0;0;0;Celular A10S LIB OPEN RED;TELEFONIA
6681971;;F;76;CHILENO;;Silencioso;PROVIDENCIA                   ;METROPOLITANA;0;0;0;0;0;0;0;0;0;Celular 2.3 WOM DIRECTO VERDE;TELEFONIA
17815053;Soltero;M;31;CHILENO;;Millenial;PROVIDENCIA                   ;METROPOLITANA;0;0;0;0;0;0;0;0;0;Celular A31 LIB OPEN ROJO;TELEFONIA
8224152;;M;63;CHILENO;;Boomers;ANGOL                         ;ARAUCANIA;0;0;0;0;0;0;0;0;0;Celular A01 LIB OPEN AZUL;TELEFONIA
10076572;;M;58;CHILENO;;Boomers;PROVIDENCIA                   ;METROPOLITANA;0;0;0;0;0;0;0;0;0;Celular NOKIA 4.2 ENTEL DIRECTO NEGRO;TELEFONIA
15778570;;F;38;CHILENO;;Millenial;PROVIDENCIA                   ;METROPOLITANA;0;0;0;0;0;0;0;0;0;Celular AL3 CLARO DIRECTO NEGRO;TELEFONIA
6757021;;F;72;CHILENO;;Silencioso;PROVIDENCIA                   ;METROPOLITANA;0;0;0;0;0;0;0;0;0;Celular A01 Core Azul Tri Entel;TELEFONIA
7025701;;M;70;CHILENO;;Silencioso;MULCHEN                       ;BIO BIO;0;0;0;0;0;0;0;0;0;Celular R340 CLARO DIRECTO NEGRO;TELEFONIA
18951294;;F;27;CHILENO;;Millenial;PROVIDENCIA                   ;METROPOLITANA;0;0;0;0;0;0;0;0;0;Celular P40 LITE LIB OPEN BLACK;TELEFONIA
17239598;;M;33;CHILENO;;Millenial;PROVIDENCIA                   ;METROPOLITANA;0;0;0;0;0;0;0;0;0;Celular A01 CLARO DIRECTO BLACK;TELEFONIA
13803640;Soltero;M;41;CHILENO;;X;PROVIDENCIA                   ;METROPOLITANA;0;0;0;0;0;0;0;0;0;CELULAR MOTOROLA G8 POWER LITE AZUL WOM;TELEFONIA
15800282;;F;38;CHILENO;;Millenial;PROVIDENCIA                   ;METROPOLITANA;0;0;0;0;0;0;0;0;0;CELULAR XIAOMI POCO X3 64G COBALT BLUE;TELEFONIA
4086825;;F;85;CHILENO;;Silencioso;N/D;N/D;0;0;0;0;0;0;0;0;0;CELULAR XIAOMI REDMI 9A 32GB GRANITE GRAY TRI WO;TELEFONIA
12788250;Soltero;M;47;CHILENO;;Silencioso;PROVIDENCIA                   ;METROPOLITANA;0;0;0;0;0;0;0;0;0;Celular Y6P WOM TRIANGULADO VERDE;TELEFONIA
19728073;;F;24;CHILENO;;Silencioso;PROVIDENCIA                   ;METROPOLITANA;0;0;0;0;0;0;0;0;0;CELULAR OWN 1026 AZUL ENTEL;TELEFONIA
8749871;;M;63;CHILENO;;Boomers;OVALLE                        ;COQUIMBO;0;0;0;0;0;0;0;0;0;CELULAR MOTOROLA G8 POWER LITE AZUL WOM;TELEFONIA
9634401;;F;60;CHILENO;;Boomers;MONTE PATRIA                  ;COQUIMBO;0;0;0;0;0;0;0;0;0;CELULAR A12 128GB AZUL OPEN;TELEFONIA
17373293;;F;32;CHILENO;;Millenial;ISLA DE MAIPO                 ;METROPOLITANA;0;0;0;0;0;0;0;0;0;Celular S20 FE LIB OPEN Cloud Green;TELEFONIA
7538771;;F;61;CHILENO;;Boomers;LEBU                          ;BIO BIO;0;0;0;0;0;0;0;0;0;CELULAR REDMI NOTE 9 128 GB MIDNIGHT GREY OPEN;TELEFONIA
18826132;;F;27;CHILENO;;Millenial;N/D;N/D;0;0;0;0;0;0;0;0;0;Celular Y9S LIB OPEN BREATHING CRYSTAL;TELEFONIA
7378077;;F;79;CHILENO;;Silencioso;PROVIDENCIA                   ;METROPOLITANA;0;0;0;0;0;0;0;0;0;TELEFONO PP BINDU ENTEL;TELEFONIA
11795651;;M;50;CHILENO;;X;RENCA                         ;METROPOLITANA;0;0;0;0;0;0;0;0;0;Celular A51 128GB LIB OPEN BLACK;TELEFONIA
7879931;;M;66;CHILENO;;Silencioso;PROVIDENCIA                   ;METROPOLITANA;0;0;0;0;0;0;0;0;0;CELULAR G8 POWER MOTO TRI ENTEL;TELEFONIA
14394838;;F;44;CHILENO;;X;N/D;N/D;0;0;0;0;0;0;0;0;0;Celular A30S CLARO DIRECTO NEGRO;TELEFONIA
15431368;Soltero;F;40;CHILENO;;X;RENCA                         ;METROPOLITANA;0;0;0;0;0;0;0;0;0;CELULAR LG K61 Gris OPEN;TELEFONIA
24305479;;M;27;PERUANO;;Extranjero;LA PINTANA                    ;METROPOLITANA;0;0;0;0;0;0;0;0;0;Celular A51 128GB LIB OPEN AZUL;TELEFONIA
12654015;;F;48;CHILENO;;X;RENCA                         ;METROPOLITANA;0;0;0;0;0;0;0;0;0;CELULAR A12 128GB NEGRO OPEN;TELEFONIA
4647895;;M;80;CHILENO;;Silencioso;RENCA                         ;METROPOLITANA;0;0;0;0;0;0;0;0;0;CELULAR SAMSUNG A01 CORE BLACK WOM;TELEFONIA
16342612;;F;35;CHILENO;;Millenial;PROVIDENCIA                   ;METROPOLITANA;0;0;0;0;0;0;0;0;0;CELULAR NOKIA 225 4G BLACK TRI ENTEL;TELEFONIA
9523517;Casado;M;55;CHILENO;;Boomers;PROVIDENCIA                   ;METROPOLITANA;0;0;0;0;0;0;0;0;0;Celular SA3 CLARO DIRECTO BLACK;TELEFONIA
11891617;;M;51;CHILENO;;X;PICHIDEGUA                    ;L.G.B.OÂ´HIGGINS;0;0;0;0;0;0;0;0;0;Celular a11 azul samsung WOM;TELEFONIA
13344051;;F;44;CHILENO;;X;OLIVAR                        ;L.G.B.OÂ´HIGGINS;0;0;0;0;0;0;0;0;0;Celular P40 LITE LIB OPEN BLACK;TELEFONIA
9554607;Casado;F;60;CHILENO;;Silencioso;PROVIDENCIA                   ;METROPOLITANA;0;0;0;0;0;0;0;0;0;Celular A10S LIB OPEN BLUE;TELEFONIA
9540628;;M;60;CHILENO;;Boomers;VINA DEL MAR                  ;VALPARAISO;0;0;0;0;0;0;0;0;0;Celular A31 LIB OPEN ROJO;TELEFONIA
10992652;Soltero;M;49;CHILENO;;X;PROVIDENCIA                   ;METROPOLITANA;0;0;0;0;0;0;0;0;0;Celular A11 LIB OPEN WHITE;TELEFONIA
15796519;;M;38;CHILENO;;Millenial;SAN FELIPE                    ;VALPARAISO;0;0;0;0;0;0;0;0;0;BAM ZTE MF920 WOM;TELEFONIA
9046305;;F;62;CHILENO;;Boomers;MULCHEN                       ;BIO BIO;0;0;0;0;0;0;0;0;0;CELULAR HUAWEI Y8S NEGRO WOM;TELEFONIA
17578653;;F;31;CHILENO;;Millenial;PROVIDENCIA                   ;METROPOLITANA;0;0;0;0;0;0;0;0;0;Celular A11 LIB OPEN WHITE;TELEFONIA
8049970;;F;60;CHILENO;;Boomers;COPIAPO                       ;ATACAMA;0;0;0;0;0;0;0;0;0;CELULAR MOTOROLA E6S ROSADO DIRECTO WOM;TELEFONIA
19275361;;F;25;CHILENO;;Z;PROVIDENCIA                   ;METROPOLITANA;0;0;0;0;0;0;0;0;0;CELULAR SAMSUNG A01 NEGRO DIRECTO WOM;TELEFONIA
19145388;Soltero;F;26;CHILENO;;Z;PROVIDENCIA                   ;METROPOLITANA;0;0;0;0;0;0;0;0;0;CELULAR HUAWEI Y8S CLARO DIRECTO BLACK;TELEFONIA
14594215;;F;43;CHILENO;;Silencioso;PROVIDENCIA                   ;METROPOLITANA;0;0;0;0;0;0;0;0;0;IPHONE 8 64 GB LIB OPEN DORADO;TELEFONIA
9919508;Casado;M;59;CHILENO;;Boomers;RENCA                         ;METROPOLITANA;0;0;0;0;0;0;0;0;0;CELULAR XIAOMI POCO X3 64G SHADOW GRAY;TELEFONIA
16859748;;F;34;CHILENO;;Millenial;PROVIDENCIA                   ;METROPOLITANA;0;0;0;0;0;0;0;0;0;CELULAR G8 POWER MOTO TRI ENTEL;TELEFONIA
4819886;;M;76;CHILENO;;Silencioso;RENCA                         ;METROPOLITANA;0;0;0;0;0;0;0;0;0;CELULAR OWN 1026 AZUL ENTEL;TELEFONIA
12138495;Casado;F;57;CHILENO;AUXILIAR PARAMEDICO DE RADIOLOGIA LABORATORIO Y BANCO DE SANGRE;Boomers;RENCA                         ;METROPOLITANA;0;0;0;0;0;0;0;0;0;CELULAR REDMI NOTE 8 64GB NEPTUNE BLUE OPEN;TELEFONIA
13555568;;M;43;CHILENO;;X;PROVIDENCIA                   ;METROPOLITANA;0;0;0;0;0;0;0;0;0;CELULAR A21s 128 GB Negro;TELEFONIA
8327575;;F;64;CHILENO;;Boomers;N/D;N/D;0;0;0;0;0;0;0;0;0;CELULAR A12 128GB AZUL OPEN;TELEFONIA
8482436;;F;47;CHILENO;;X;PROVIDENCIA                   ;METROPOLITANA;0;0;0;0;0;0;0;0;0;CELULAR NOKIA 110 BLACK OPEN;TELEFONIA
12114148;;M;41;CHILENO;;X;MELIPILLA                     ;METROPOLITANA;0;0;0;0;0;0;0;0;0;CELULAR NOKIA 5.3 CHARCOAL TRI ENTEL;TELEFONIA
20177851;;M;22;CHILENO;;Silencioso;PAPUDO                        ;VALPARAISO;0;0;0;0;0;0;0;0;0;Celular Galaxy S21 Ultra Phantom Black 128GB;TELEFONIA
16223638;;M;36;CHILENO;;Millenial;RENGO                         ;L.G.B.OÂ´HIGGINS;0;0;0;0;0;0;0;0;0;Celular G8 POWER LITE MOVISTAR DIRECTO AZUL;TELEFONIA
23115703;;F;46;PERUANO;;Extranjero;INDEPENDENCIA                 ;METROPOLITANA;0;0;0;0;0;0;0;0;0;Celular A11 LIB OPEN WHITE;TELEFONIA
13708895;;F;43;CHILENO;;Silencioso;PROVIDENCIA                   ;METROPOLITANA;0;0;0;0;0;0;0;0;0;CELULAR VIVO Y11S PHANTOM BLACK OPEN;TELEFONIA
4879145;;M;76;CHILENO;;Silencioso;RENCA                         ;METROPOLITANA;0;0;0;0;0;0;0;0;0;Celular LG K22 DIRECTO CLARO;TELEFONIA
19731253;;F;24;CHILENO;;Z;MOLINA                        ;MAULE;0;0;0;0;0;0;0;0;0;CELULAR MOTO ONE FUSION 64GB VERDE 64GB OPEN;TELEFONIA
26003718;;F;37;PERUANO;;Extranjero;N/D;N/D;0;0;0;0;0;0;0;0;0;CELULAR REDMI NOTE 8 64GB NEPTUNE BLUE OPEN;TELEFONIA
19183908;;M;27;CHILENO;;Z;RENCA                         ;METROPOLITANA;0;0;0;0;0;0;0;0;0;Celular S10+ LIB OPEN NEGRO;TELEFONIA
15711251;;M;39;CHILENO;;X;PROVIDENCIA                   ;METROPOLITANA;0;0;0;0;0;0;0;0;0;CELULAR SAMSUNG A21S AZUL OPEN;TELEFONIA
13196975;;F;45;CHILENO;;X;PROVIDENCIA                   ;METROPOLITANA;0;0;0;0;0;0;0;0;0;CELULAR MOTOROLA G8 POWER LITE AZUL WOM;TELEFONIA
16828434;;F;34;CHILENO;;Millenial;CHEPICA                       ;L.G.B.OÂ´HIGGINS;0;0;0;0;0;0;0;0;0;CELULAR SAMSUNG A01 NEGRO DIRECTO WOM;TELEFONIA
7864927;Casado;M;66;CHILENO;;Boomers;PROVIDENCIA                   ;METROPOLITANA;0;0;0;0;0;0;0;0;0;Celular R340 CLARO DIRECTO NEGRO;TELEFONIA
7247941;Viudo;F;72;CHILENO;;Silencioso;PROVIDENCIA                   ;METROPOLITANA;0;0;0;0;0;0;0;0;0;CELULAR OWN 1026 AZUL ENTEL;TELEFONIA
11061302;;F;56;CHILENO;;Boomers;CHIGUAYANTE                   ;BIO BIO;0;0;0;0;0;0;0;0;0;Celular A31 LIB OPEN AZUL;TELEFONIA
13537365;;F;43;CHILENO;;X;SALAMANCA                     ;COQUIMBO;0;0;0;0;0;0;0;0;0;Celular R340 CLARO DIRECTO NEGRO;TELEFONIA
17269170;Soltero;M;32;CHILENO;INGENIERO ELECTRICO;Millenial;PROVIDENCIA                   ;METROPOLITANA;0;0;0;0;0;0;0;0;0;Celular S10 LITE LIB OPEN NEGRO;TELEFONIA
13029990;;M;46;CHILENO;;X;PROVIDENCIA                   ;METROPOLITANA;0;0;0;0;0;0;0;0;0;CELULAR REDMI NOTE 8 64GB SPACE BLACK OPEN;TELEFONIA
9458098;;M;54;CHILENO;;X;N/D;N/D;0;0;0;0;0;0;0;0;0;CELULAR LG K22 TRIANGULADO WOM;TELEFONIA
18680168;;F;28;CHILENO;;Millenial;LOS ANDES                     ;VALPARAISO;0;0;0;0;0;0;0;0;0;Celular ZTE A3 2020 WOM DIRECTO NEGRO;TELEFONIA
8077859;;F;65;CHILENO;;Boomers;CHIMBARONGO                   ;L.G.B.OÂ´HIGGINS;0;0;0;0;0;0;0;0;0;Celular SAMSUNG A01 CORE BLACK CLARO;TELEFONIA
6896073;Soltero;M;66;CHILENO;INGENIERO AGRICOLA;Boomers;PROVIDENCIA                   ;METROPOLITANA;0;0;0;0;0;0;0;0;0;Celular A01 Core Azul Tri Entel;TELEFONIA
10788383;Soltero;F;64;CHILENO;;Boomers;CALBUCO                       ;LOS LAGOS;0;0;0;0;0;0;0;0;0;Celular SAMSUNG A01 CORE BLACK CLARO;TELEFONIA
6304782;;M;73;CHILENO;;Silencioso;LA CISTERNA                   ;METROPOLITANA;0;0;0;0;0;0;0;0;0;Celular A71 LIB OPEN PLATEADO;TELEFONIA
11931364;;F;50;CHILENO;;X;COQUIMBO                      ;COQUIMBO;0;0;0;0;0;0;0;0;0;CELULAR MOTO G8 POWER LITE BUNDLE + ARO DE LUZ;TELEFONIA
14332433;;F;44;CHILENO;;X;PROVIDENCIA                   ;METROPOLITANA;0;0;0;0;0;0;0;0;0;CELULAR MOTOROLA G9 PLAY 64GB SPRING PINK OPEN;TELEFONIA
11812731;;M;50;CHILENO;;X;SANTA CRUZ                    ;L.G.B.OÂ´HIGGINS;0;0;0;0;0;0;0;0;0;Celular LG K22 DIRECTO CLARO;TELEFONIA
17367292;;F;32;CHILENO;;Millenial;CABILDO                       ;VALPARAISO;0;0;0;0;0;0;0;0;0;Celular A31 LIB OPEN ROJO;TELEFONIA
15147349;;M;37;CHILENO;;Millenial;RENCA                         ;METROPOLITANA;0;0;0;0;0;0;0;0;0;KIT PACK OPEN RETAIL 4G TELEFONICA;TELEFONIA
20304998;;M;22;CHILENO;;Silencioso;PROVIDENCIA                   ;METROPOLITANA;0;0;0;0;0;0;0;0;0;CELULAR MOTOROLA G9 PLAY 64GB ELECTRIC BLUE OPEN;TELEFONIA
9504878;;F;72;CHILENO;;Silencioso;PANGUIPULLI                   ;LOS RIOS;0;0;0;0;0;0;0;0;0;Celular LG K22 ENTEL DIRECTO TITAN;TELEFONIA
14000523;Soltero;M;40;CHILENO;;X;PROVIDENCIA                   ;METROPOLITANA;0;0;0;0;0;0;0;0;0;Celular NOKIA 4.2 ENTEL DIRECTO NEGRO;TELEFONIA
11416649;;F;52;CHILENO;;X;LOS ANGELES                   ;BIO BIO;0;0;0;0;0;0;0;0;0;CELULAR OWN 1026 AZUL ENTEL;TELEFONIA
15805760;Casado;F;38;CHILENO;;Millenial;RENCA                         ;METROPOLITANA;0;0;0;0;0;0;0;0;0;CELULAR NOKIA 110 BLACK OPEN;TELEFONIA
8436723;;M;65;CHILENO;;Boomers;PROVIDENCIA                   ;METROPOLITANA;0;0;0;0;0;0;0;0;0;Celular A51 128GB LIB OPEN BLANCO;TELEFONIA
8264339;;F;63;CHILENO;;Boomers;ANTOFAGASTA                   ;ANTOFAGASTA;0;0;0;0;0;0;0;0;0;CELULAR MOTO G8 POWER LITE TURQUESA TRI ENTEL;TELEFONIA
18125968;;M;31;CHILENO;;Millenial;COLINA                        ;METROPOLITANA;0;0;0;0;0;0;0;0;0;CELULAR SAMSUNG A21S NEGRO OPEN;TELEFONIA
15623775;;M;38;CHILENO;;X;MELIPILLA                     ;METROPOLITANA;0;0;0;0;0;0;0;0;0;Celular A51 128GB LIB OPEN BLACK;TELEFONIA
19170785;;F;27;CHILENO;;Z;N/D;N/D;0;0;0;0;0;0;0;0;0;CELULAR HUAWEI Y9S BLACK DIRECTO CLARO;TELEFONIA
17714088;;F;31;CHILENO;;Millenial;RENCA                         ;METROPOLITANA;0;0;0;0;0;0;0;0;0;IPHONE 7 32GB LIB OPEN DORADO;TELEFONIA
18888256;Soltero;M;27;CHILENO;;Z;N/D;N/D;0;0;0;0;0;0;0;0;0;CELULAR REDMI NOTE 8 64GB NEPTUNE BLUE OPEN;TELEFONIA
19872708;;M;24;CHILENO;;Z;PROVIDENCIA                   ;METROPOLITANA;0;0;0;0;0;0;0;0;0;CELULAR REDMI NOTE 9 PRO 128GB TROPICAL GREEN;TELEFONIA
14356977;Casado;M;45;CHILENO;;X;PROVIDENCIA                   ;METROPOLITANA;0;0;0;0;0;0;0;0;0;CELULAR MOTO G8 POWER LITE AZUL TRI ENTEL;TELEFONIA
15907590;Soltero;M;37;CHILENO;;Millenial;PROVIDENCIA                   ;METROPOLITANA;0;0;0;0;0;0;0;0;0;CELULAR MOTOROLA G8 POWER LITE AZUL WOM;TELEFONIA
19415154;;F;25;CHILENO;;Z;N/D;N/D;0;0;0;0;0;0;0;0;0;CELULAR HUAWEI Y9 PRIME BLUE OPEN;TELEFONIA
17685951;Soltero;F;31;CHILENO;ENFERMERA;Millenial;RENCA                         ;METROPOLITANA;0;0;0;0;0;0;0;0;0;Celular A31 LIB OPEN BLACK;TELEFONIA
10590660;;M;55;CHILENO;;Boomers;PROVIDENCIA                   ;METROPOLITANA;0;0;0;0;0;0;0;0;0;Celular LG K22 MOVISTAR DIRECTO TITAN;TELEFONIA
8793935;Casado;F;63;CHILENO;;Boomers;RENCA                         ;METROPOLITANA;0;0;0;0;0;0;0;0;0;Celular A11 LIB OPEN BLUE;TELEFONIA
12193770;;M;50;CHILENO;;X;TALCA                         ;MAULE;0;0;0;0;0;0;0;0;0;CELULAR MOTOROLA G8 POWER LITE AZUL WOM;TELEFONIA
18994594;Soltero;F;27;CHILENO;;Z;PROVIDENCIA                   ;METROPOLITANA;0;0;0;0;0;0;0;0;0;Celular A51 128GB LIB OPEN BLACK;TELEFONIA
17505115;;F;32;CHILENO;;Millenial;PROVIDENCIA                   ;METROPOLITANA;0;0;0;0;0;0;0;0;0;IPHONE 7 LIB OPEN NEGRO;TELEFONIA
18717188;Soltero;F;28;CHILENO;;Millenial;PROVIDENCIA                   ;METROPOLITANA;0;0;0;0;0;0;0;0;0;Celular A31 LIB OPEN ROJO;TELEFONIA
15696945;;F;38;CHILENO;;X;PARRAL                        ;MAULE;0;0;0;0;0;0;0;0;0;Celular P40 LITE LIB OPEN GREEN;TELEFONIA
11835230;Soltero;M;51;CHILENO;TECNICO AGRICOLA;X;RENCA                         ;METROPOLITANA;0;0;0;0;0;0;0;0;0;CELULAR OWN 1026 AZUL ENTEL;TELEFONIA
17546981;;F;31;CHILENO;;Millenial;QUELLON                       ;LOS LAGOS;0;0;0;0;0;0;0;0;0;Celular S10+ LIB OPEN NEGRO;TELEFONIA
25016194;;M;34;HAITIANO;;Extranjero;MOSTAZAL                      ;L.G.B.OÂ´HIGGINS;0;0;0;0;0;0;0;0;0;CELULAR REDMI NOTE 8 64GB SPACE BLACK OPEN;TELEFONIA
16892392;;F;34;CHILENO;;Millenial;COQUIMBO                      ;COQUIMBO;0;0;0;0;0;0;0;0;0;Celular R340 CLARO DIRECTO NEGRO;TELEFONIA
7073535;Divorciado;M;68;CHILENO;;Boomers;PROVIDENCIA                   ;METROPOLITANA;0;0;0;0;0;0;0;0;0;Celular NOKIA 4.2 ENTEL TRIANGULADO ROSADO;TELEFONIA
12654216;;M;48;CHILENO;;X;PROVIDENCIA                   ;METROPOLITANA;0;0;0;0;0;0;0;0;0;CELULAR OWN 1026 AZUL ENTEL;TELEFONIA
8985959;;F;65;CHILENO;;Boomers;RENCA                         ;METROPOLITANA;0;0;0;0;0;0;0;0;0;CELULAR REDMI 9A GRANITE GREY DIRECTO MOVISTAR;TELEFONIA
11048691;;F;55;CHILENO;;Boomers;LA LIGUA                      ;VALPARAISO;0;0;0;0;0;0;0;0;0;Celular A11 LIB OPEN BLUE;TELEFONIA
13280959;;F;44;CHILENO;;Millenial;PROVIDENCIA                   ;METROPOLITANA;0;0;0;0;0;0;0;0;0;Celular A10S LIB OPEN RED;TELEFONIA
12367963;;M;49;CHILENO;;X;PROVIDENCIA                   ;METROPOLITANA;0;0;0;0;0;0;0;0;0;CELULAR XIAOMI REDMI 9C 64GB TIWLIGHT BLUE TRI M;TELEFONIA
7624991;;M;65;CHILENO;;Boomers;MAIPU                         ;METROPOLITANA;0;0;0;0;0;0;0;0;0;Celular Y6P WOM TRIANGULADO VERDE;TELEFONIA
14391082;;M;44;CHILENO;;X;CORONEL                       ;BIO BIO;0;0;0;0;0;0;0;0;0;CELULAR HUAWEI Y8S NEGRO WOM;TELEFONIA
6303567;;F;72;CHILENO;;Silencioso;PUERTO MONTT                  ;LOS LAGOS;0;0;0;0;0;0;0;0;0;Celular R340 CLARO DIRECTO NEGRO;TELEFONIA
13774218;;M;42;CHILENO;;X;N/D;N/D;0;0;0;0;0;0;0;0;0;CELULAR LG K22 TRIANGULADO WOM;TELEFONIA
16289393;;M;35;CHILENO;;Millenial;N/D;N/D;0;0;0;0;0;0;0;0;0;Celular A11 LIB OPEN BLUE;TELEFONIA
18341113;;F;29;CHILENO;;Millenial;PROVIDENCIA                   ;METROPOLITANA;0;0;0;0;0;0;0;0;0;Celular A11 LIB OPEN WHITE;TELEFONIA
10040692;Soltero;F;58;CHILENO;;Boomers;RENCA                         ;METROPOLITANA;0;0;0;0;0;0;0;0;0;Celular ONE FUSION MOVISTAR DIRECTO AZUL;TELEFONIA
13584694;;M;43;CHILENO;;X;LONCOCHE                      ;ARAUCANIA;0;0;0;0;0;0;0;0;0;Celular Y5 NEO CLARO DIRECTO BLACK;TELEFONIA
17004213;;M;33;CHILENO;;Millenial;N/D;N/D;0;0;0;0;0;0;0;0;0;CELULAR MOTOROLA G8 POWER LITE AZUL WOM;TELEFONIA
8214553;Casado;M;65;CHILENO;AGROINDUSTRIA;Boomers;RENCA                         ;METROPOLITANA;0;0;0;0;0;0;0;0;0;Celular NOKIA 1.3 NEGRO WOM;TELEFONIA
8068847;;F;62;CHILENO;;Boomers;ANTOFAGASTA                   ;ANTOFAGASTA;0;0;0;0;0;0;0;0;0;Celular A01 CLARO DIRECTO BLACK;TELEFONIA
10527214;;M;56;CHILENO;;Boomers;PROVIDENCIA                   ;METROPOLITANA;0;0;0;0;0;0;0;0;0;CELULAR REDMI NOTE 8 64GB SPACE BLACK OPEN;TELEFONIA
17026535;;F;33;CHILENO;;Millenial;PROVIDENCIA                   ;METROPOLITANA;0;0;0;0;0;0;0;0;0;Celular SAMSUNG A01 CORE AZUL ENTEL;TELEFONIA
12002216;;F;48;CHILENO;;X;HUALQUI                       ;BIO BIO;0;0;0;0;0;0;0;0;0;Celular A20S LIB OPEN AZUL;TELEFONIA
12984889;;F;46;CHILENO;;X;PROVIDENCIA                   ;METROPOLITANA;0;0;0;0;0;0;0;0;0;CELULAR XIAOMI REDMI 9C 64GB MIDNIGHT GRAY;TELEFONIA
8578606;;F;63;CHILENO;;Boomers;EL BOSQUE                     ;METROPOLITANA;0;0;0;0;0;0;0;0;0;Celular NOKIA 2.3 WOM DIRECTO CHARCOAL;TELEFONIA
15109338;Casado;M;38;CHILENO;;X;PROVIDENCIA                   ;METROPOLITANA;0;0;0;0;0;0;0;0;0;Celular SAMSUNG A11 32GB ENTEL DIRECTO NEGRO;TELEFONIA
7897631;;F;64;CHILENO;;Boomers;PUNITAQUI                     ;COQUIMBO;0;0;0;0;0;0;0;0;0;Celular A01 CLARO DIRECTO BLACK;TELEFONIA
7732863;Casado;M;65;CHILENO;INGENIERO AGRICOLA;Boomers;PROVIDENCIA                   ;METROPOLITANA;0;0;0;0;0;0;0;0;0;CELULAR OWN 1026 AZUL ENTEL;TELEFONIA
16244875;;F;36;CHILENO;;Millenial;"";"";0;0;0;0;0;0;0;0;0;Celular A31 LIB OPEN AZUL;TELEFONIA
19527710;;M;25;CHILENO;;Z;N/D;N/D;0;0;0;0;0;0;0;0;0;CELULAR REDMI NOTE 8 64GB NEPTUNE BLUE OPEN;TELEFONIA
8446936;;M;64;CHILENO;;Boomers;ILLAPEL                       ;COQUIMBO;0;0;0;0;0;0;0;0;0;CELULAR XIAOMI REDMI 9C 64GB MIDNIGHT GRAY;TELEFONIA
10784372;Casado;M;57;CHILENO;AGRONOMO;Boomers;PROVIDENCIA                   ;METROPOLITANA;0;0;0;0;0;0;0;0;0;Celular Y5 NEO ENTEL DIRECTO BLACK;TELEFONIA
25463625;;M;46;PERUANO;;Extranjero;SANTIAGO                      ;METROPOLITANA;0;0;0;0;0;0;0;0;0;Celular A51 128GB LIB OPEN AZUL;TELEFONIA
9285053;;F;61;CHILENO;;Boomers;SAN VICENTE                   ;L.G.B.OÂ´HIGGINS;0;0;0;0;0;0;0;0;0;CELULAR HUAWEI Y5 NEO NEGRO WOM;TELEFONIA
17367611;;M;33;CHILENO;;Millenial;CALAMA                        ;ANTOFAGASTA;0;0;0;0;0;0;0;0;0;Celular Y6P WOM TRIANGULADO NEGRO;TELEFONIA
14272405;;M;48;CHILENO;;X;PROVIDENCIA                   ;METROPOLITANA;0;0;0;0;0;0;0;0;0;Celular A20S LIB OPEN NEGRO;TELEFONIA
12728519;;M;46;CHILENO;;X;"";"";0;0;0;0;0;0;0;0;0;Celular SAMSUNG A11 32GB ENTEL DIRECTO NEGRO;TELEFONIA
14058026;Soltero;M;41;CHILENO;CONSTRUCTOR CIVIL;X;RENCA                         ;METROPOLITANA;0;0;0;0;0;0;0;0;0;Celular A10S LIB OPEN BLUE;TELEFONIA
15041203;;F;39;CHILENO;;X;PROVIDENCIA                   ;METROPOLITANA;0;0;0;0;0;0;0;0;0;CELULAR MOTOROLA G8 POWER LITE AZUL WOM;TELEFONIA
17360744;;M;32;CHILENO;;Millenial;VALDIVIA                      ;LOS RIOS;0;0;0;0;0;0;0;0;0;Celular A20S LIB OPEN NEGRO;TELEFONIA
17886026;;M;31;CHILENO;;Millenial;"";"";0;0;0;0;0;0;0;0;0;Celular A10S LIB OPEN BLUE;TELEFONIA
17449492;Casado;F;32;CHILENO;;Millenial;PROVIDENCIA                   ;METROPOLITANA;0;0;0;0;0;0;0;0;0;Celular NOKIA 1.3 NEGRO WOM;TELEFONIA
17329061;Casado;F;42;CHILENO;;X;RENCA                         ;METROPOLITANA;0;0;0;0;0;0;0;0;0;CELULAR MOTOROLA G8 POWER LITE AZUL WOM;TELEFONIA
19506174;;F;25;CHILENO;;Z;N/D;N/D;0;0;0;0;0;0;0;0;0;CELULAR SAMSUNG A21S ROJO OPEN;TELEFONIA
14283984;;F;55;CHILENO;;Boomers;RENCA                         ;METROPOLITANA;0;0;0;0;0;0;0;0;0;Celular A11 MOVISTAR DIRECTO BLACK;TELEFONIA
12014556;Divorciado;F;47;CHILENO;;X;RENCA                         ;METROPOLITANA;0;0;0;0;0;0;0;0;0;Celular A31 LIB OPEN AZUL;TELEFONIA
14461175;;M;48;CHILENO;;X;MULCHEN                       ;BIO BIO;0;0;0;0;0;0;0;0;0;CELULAR SAMSUNG A21S ROJO OPEN;TELEFONIA
25711354;;M;34;PERUANO;;Extranjero;CONCHALI                      ;METROPOLITANA;0;0;0;0;0;0;0;0;0;CELULAR MOTO ONE FUSION 64GB VERDE 64GB OPEN;TELEFONIA
14057022;;F;40;CHILENO;;X;CAUQUENES                     ;MAULE;0;0;0;0;0;0;0;0;0;Celular A51 128GB LIB OPEN AZUL;TELEFONIA
17712828;;F;31;CHILENO;;Millenial;PROVIDENCIA                   ;METROPOLITANA;0;0;0;0;0;0;0;0;0;Celular Y7P LIB OPEN NEGRO;TELEFONIA
13751790;;F;42;CHILENO;;X;SAN FELIPE                    ;VALPARAISO;0;0;0;0;0;0;0;0;0;Celular Y6P WOM TRIANGULADO NEGRO;TELEFONIA
18681523;Soltero;M;28;CHILENO;;Millenial;PROVIDENCIA                   ;METROPOLITANA;0;0;0;0;0;0;0;0;0;Celular A31 LIB OPEN AZUL;TELEFONIA
7292174;;M;67;CHILENO;;Boomers;COQUIMBO                      ;COQUIMBO;0;0;0;0;0;0;0;0;0;Celular SAMSUNG A01 CORE AZUL ENTEL;TELEFONIA
6036347;;F;73;CHILENO;;Silencioso;SAN FELIPE                    ;VALPARAISO;0;0;0;0;0;0;0;0;0;CELULAR SAMSUNG A21S ROJO OPEN;TELEFONIA
17800450;Soltero;M;31;CHILENO;;Millenial;PROVIDENCIA                   ;METROPOLITANA;0;0;0;0;0;0;0;0;0;CELULAR MOTO ONE FUSION 64GB VERDE 64GB OPEN;TELEFONIA
11983184;;M;50;CHILENO;;X;RENCA                         ;METROPOLITANA;0;0;0;0;0;0;0;0;0;CELULAR SAMSUNG A21S AZUL OPEN;TELEFONIA
9132034;;F;58;CHILENO;;Boomers;LEBU                          ;BIO BIO;0;0;0;0;0;0;0;0;0;Celular A3 LITE ENTEL TRIANGULADO NEGRO;TELEFONIA
16401463;;F;36;CHILENO;;Millenial;RENCA                         ;METROPOLITANA;0;0;0;0;0;0;0;0;0;Celular R340 CLARO DIRECTO NEGRO;TELEFONIA
16896417;;M;34;CHILENO;;Millenial;ANTOFAGASTA                   ;ANTOFAGASTA;0;0;0;0;0;0;0;0;0;Celular A11 LIB OPEN BLUE;TELEFONIA
15948310;;M;36;CHILENO;;Millenial;ALGARROBO                     ;VALPARAISO;0;0;0;0;0;0;0;0;0;Celular A11 LIB OPEN BLACK;TELEFONIA
15263420;Soltero;M;38;CHILENO;;Millenial;PROVIDENCIA                   ;METROPOLITANA;0;0;0;0;0;0;0;0;0;CELULAR HUAWEI Y5 NEO NEGRO WOM;TELEFONIA
13245036;;M;44;CHILENO;;X;RENCA                         ;METROPOLITANA;0;0;0;0;0;0;0;0;0;CELULAR HUAWEI Y8S CLARO DIRECTO BLACK;TELEFONIA
14200352;;F;41;CHILENO;;X;PROVIDENCIA                   ;METROPOLITANA;0;0;0;0;0;0;0;0;0;Celular ZTE A3 2020 WOM DIRECTO NEGRO;TELEFONIA
11790531;;F;50;CHILENO;;X;PENCO                         ;BIO BIO;0;0;0;0;0;0;0;0;0;Celular Y5 NEO ENTEL DIRECTO BLACK;TELEFONIA
15065988;;F;40;CHILENO;;X;PROVIDENCIA                   ;METROPOLITANA;0;0;0;0;0;0;0;0;0;CELULAR SAMSUNG A21S AZUL OPEN;TELEFONIA
16035808;;M;37;CHILENO;;Millenial;N/D;N/D;0;0;0;0;0;0;0;0;0;CELULAR NOTE 20 ULTRA MYSTIC BRONZE 256 GB OPE;TELEFONIA
17241662;Soltero;M;32;CHILENO;;Millenial;PROVIDENCIA                   ;METROPOLITANA;0;0;0;0;0;0;0;0;0;Celular A11 MOVISTAR DIRECTO BLACK;TELEFONIA
9704990;Casado;M;55;CHILENO;;Boomers;PROVIDENCIA                   ;METROPOLITANA;0;0;0;0;0;0;0;0;0;Celular A01 CLARO DIRECTO BLACK;TELEFONIA
18225245;Soltero;M;30;CHILENO;;Millenial;PROVIDENCIA                   ;METROPOLITANA;0;0;0;0;0;0;0;0;0;Celular Y9S LIB OPEN BREATHING CRYSTAL;TELEFONIA
13814510;;F;41;CHILENO;;X;GORBEA                        ;ARAUCANIA;0;0;0;0;0;0;0;0;0;Celular R340 CLARO DIRECTO NEGRO;TELEFONIA
13435629;;F;43;CHILENO;;X;PROVIDENCIA                   ;METROPOLITANA;0;0;0;0;0;0;0;0;0;CELULAR OWN 1026 AZUL ENTEL;TELEFONIA
19368653;;F;25;CHILENO;;Z;N/D;N/D;0;0;0;0;0;0;0;0;0;Celular A51 128GB LIB OPEN BLACK;TELEFONIA
16065339;;M;37;CHILENO;;Millenial;SAN FERNANDO                  ;L.G.B.OÂ´HIGGINS;0;0;0;0;0;0;0;0;0;Celular Y7P LIB OPEN AZUL;TELEFONIA
16266647;;F;36;CHILENO;;Millenial;RENCA                         ;METROPOLITANA;0;0;0;0;0;0;0;0;0;Celular SAMSUNG A21s CLARO DIRECTO BLACK;TELEFONIA
12399163;;M;49;CHILENO;;X;SAN FELIPE                    ;VALPARAISO;0;0;0;0;0;0;0;0;0;Celular A10S LIB OPEN BLUE;TELEFONIA
13903635;Soltero;M;42;CHILENO;;X;PROVIDENCIA                   ;METROPOLITANA;0;0;0;0;0;0;0;0;0;CELULAR XIAOMI REDMI 9C 64GB MIDNIGHT GRAY;TELEFONIA
19783659;;F;24;CHILENO;;Z;PROVIDENCIA                   ;METROPOLITANA;0;0;0;0;0;0;0;0;0;Celular MOTO G8 POWER LITE TURQUESA OPEN;TELEFONIA
9368755;;F;60;CHILENO;;Boomers;N/D;N/D;0;0;0;0;0;0;0;0;0;Celular LG K22 DIRECTO CLARO;TELEFONIA
10762429;;F;52;CHILENO;;X;COPIAPO                       ;ATACAMA;0;0;0;0;0;0;0;0;0;Celular A01 LIB OPEN AZUL;TELEFONIA
10913822;;F;56;CHILENO;;Boomers;CURICO                        ;MAULE;0;0;0;0;0;0;0;0;0;Celular A10S LIB OPEN NEGRO;TELEFONIA
7128187;;F;66;CHILENO;;Boomers;SAN FERNANDO                  ;N/D;0;0;0;0;0;0;0;0;0;Celular R340 CLARO DIRECTO NEGRO;TELEFONIA
8618098;;M;67;CHILENO;;Boomers;ANTOFAGASTA                   ;ANTOFAGASTA;0;0;0;0;0;0;0;0;0;Celular A11 LIB OPEN BLACK;TELEFONIA
17856328;;F;32;CHILENO;;Millenial;"";"";0;0;0;0;0;0;0;0;0;Celular NOKIA 2.3 WOM DIRECTO CHARCOAL;TELEFONIA
7383961;;M;67;CHILENO;;Boomers;ARICA                         ;ARICA Y PARINACOTA;0;0;0;0;0;0;0;0;0;Celular A51 128GB LIB OPEN AZUL;TELEFONIA
14277311;Soltero;F;49;CHILENO;TECNICO EN TURISMO;X;PROVIDENCIA                   ;METROPOLITANA;0;0;0;0;0;0;0;0;0;IPHONE 7 LIB OPEN NEGRO;TELEFONIA
9817730;;F;58;CHILENO;;Boomers;LA LIGUA                      ;VALPARAISO;0;0;0;0;0;0;0;0;0;Celular A11 MOVISTAR DIRECTO BLACK;TELEFONIA
5953072;Soltero;M;75;CHILENO;;Silencioso;PROVIDENCIA                   ;METROPOLITANA;0;0;0;0;0;0;0;0;0;TELEFONO PP BINDU ENTEL;TELEFONIA
6980113;;F;74;CHILENO;;Silencioso;ANTOFAGASTA                   ;ANTOFAGASTA;0;0;0;0;0;0;0;0;0;Celular LG K22 DIRECTO CLARO;TELEFONIA
17523490;Soltero;M;31;CHILENO;;Millenial;PROVIDENCIA                   ;METROPOLITANA;0;0;0;0;0;0;0;0;0;IPHONE X 64GB BLANCO;TELEFONIA
12585234;;F;48;CHILENO;;X;PROVIDENCIA                   ;METROPOLITANA;0;0;0;0;0;0;0;0;0;Celular A10S LIB OPEN RED;TELEFONIA
8580059;;M;64;CHILENO;;Boomers;N/D;N/D;0;0;0;0;0;0;0;0;0;Celular A11 LIB OPEN WHITE;TELEFONIA
11902793;;F;53;CHILENO;;X;RENCA                         ;METROPOLITANA;0;0;0;0;0;0;0;0;0;Celular P40 LITE LIB OPEN GREEN;TELEFONIA
11278383;;F;53;CHILENO;;X;PROVIDENCIA                   ;METROPOLITANA;0;0;0;0;0;0;0;0;0;Celular A3 LITE ENTEL TRIANGULADO NEGRO;TELEFONIA
8140968;Casado;F;64;CHILENO;;Boomers;RENCA                         ;METROPOLITANA;0;0;0;0;0;0;0;0;0;Celular G8 POWER LITE WOM DIRECTO TURQUESA;TELEFONIA
10451853;;F;53;CHILENO;;X;PROVIDENCIA                   ;METROPOLITANA;0;0;0;0;0;0;0;0;0;CELULAR LG K22 TRIANGULADO WOM;TELEFONIA
20662778;;F;21;CHILENO;;Z;SAGRADA FAMILIA;MAULE;0;0;0;0;0;0;0;0;0;Celular A01 LIB OPEN ROJO;TELEFONIA
7929472;;M;64;CHILENO;;Boomers;N/D;N/D;0;0;0;0;0;0;0;0;0;CELULAR SAMSUNG A21S NEGRO OPEN;TELEFONIA
16378873;;F;36;CHILENO;;Millenial;MACUL                         ;METROPOLITANA;0;0;0;0;0;0;0;0;0;Celular ONE FUSION MOVISTAR DIRECTO AZUL;TELEFONIA
13243062;;F;46;CHILENO;;X;PROVIDENCIA                   ;METROPOLITANA;0;0;0;0;0;0;0;0;0;Celular NOKIA 1.3 NEGRO WOM;TELEFONIA
17649546;Soltero;M;31;CHILENO;;Millenial;PROVIDENCIA                   ;METROPOLITANA;0;0;0;0;0;0;0;0;0;Celular SAMSUNG A11 32GB ENTEL DIRECTO NEGRO;TELEFONIA
13930736;;F;41;CHILENO;;X;PROVIDENCIA                   ;METROPOLITANA;0;0;0;0;0;0;0;0;0;Celular AL3 CLARO DIRECTO NEGRO;TELEFONIA
5124337;;F;73;CHILENO;;Silencioso;N/D;N/D;0;0;0;0;0;0;0;0;0;Celular Y6 2019 WOM DIRECTO BLACK;TELEFONIA
15649542;;M;38;CHILENO;;Millenial;PENAFLOR                      ;METROPOLITANA;0;0;0;0;0;0;0;0;0;CELULAR REDMI NOTE 8 64GB NEPTUNE BLUE OPEN;TELEFONIA
18480141;;M;29;CHILENO;;Millenial;SAN JOSE DE MAIPO             ;METROPOLITANA;0;0;0;0;0;0;0;0;0;Celular P40 LITE LIB OPEN BLACK;TELEFONIA
19473213;;M;25;CHILENO;;Z;PUNTA ARENAS                  ;MAGALLANES;0;0;0;0;0;0;0;0;0;Celular S20 FE LIB OPEN Cloud Navy;TELEFONIA
8571275;;F;59;CHILENO;;Boomers;N/D;N/D;0;0;0;0;0;0;0;0;0;Celular A01 CORE MOVISTAR DIRECTO BLACK;TELEFONIA
16800904;;F;34;CHILENO;;Millenial;MAIPU                         ;METROPOLITANA;0;0;0;0;0;0;0;0;0;Celular P30 LITE ENTEL DIRECTO NEGRO;TELEFONIA
18297766;;F;29;CHILENO;;Millenial;CABILDO                       ;VALPARAISO;0;0;0;0;0;0;0;0;0;Celular A10S LIB OPEN RED;TELEFONIA
19131581;Soltero;F;26;CHILENO;;Z;PROVIDENCIA                   ;METROPOLITANA;0;0;0;0;0;0;0;0;0;CELULAR SAMSUNG A21S AZUL OPEN;TELEFONIA
5904723;;M;68;CHILENO;;Boomers;CARTAGENA                     ;VALPARAISO;0;0;0;0;0;0;0;0;0;Celular A10S ENTEL DIRECTO NEGRO;TELEFONIA
18246999;;M;29;CHILENO;;Millenial;PROVIDENCIA                   ;METROPOLITANA;0;0;0;0;0;0;0;0;0;Celular A11 LIB OPEN WHITE;TELEFONIA
8971418;;F;63;CHILENO;;Boomers;CONCEPCION                    ;BIO BIO;0;0;0;0;0;0;0;0;0;CELULAR A11 CLARO DIRECTO BLACK;TELEFONIA
20070488;;F;23;CHILENO;;Z;PROVIDENCIA                   ;METROPOLITANA;0;0;0;0;0;0;0;0;0;CELULAR MOTOROLA G8 POWER LITE AZUL WOM;TELEFONIA
7122528;;F;67;CHILENO;;Boomers;PROVIDENCIA                   ;METROPOLITANA;0;0;0;0;0;0;0;0;0;Celular Y6 2019 WOM DIRECTO AZUL;TELEFONIA
18739344;;M;28;CHILENO;;Millenial;N/D;N/D;0;0;0;0;0;0;0;0;0;Celular A01 LIB OPEN AZUL;TELEFONIA
12960766;;F;45;CHILENO;;X;PAINE                         ;METROPOLITANA;0;0;0;0;0;0;0;0;0;Celular Y6 2019 WOM DIRECTO BLACK;TELEFONIA
10082467;;F;54;CHILENO;;Boomers;RENCA                         ;METROPOLITANA;0;0;0;0;0;0;0;0;0;Celular Y7P LIB OPEN NEGRO;TELEFONIA
25396283;;M;28;ECUATORIANO;;Extranjero;"";"";0;0;0;0;0;0;0;0;0;Celular S20 FE LIB OPEN Cloud Navy;TELEFONIA
10736567;Casado;F;56;CHILENO;;Boomers;RENCA                         ;METROPOLITANA;0;0;0;0;0;0;0;0;0;Celular XIAOMI REDMI 9A 32 GB DIRECTO CLARO;TELEFONIA
8163478;;M;63;CHILENO;;Boomers;PROVIDENCIA                   ;METROPOLITANA;0;0;0;0;0;0;0;0;0;Celular ONE FUSION MOVISTAR DIRECTO AZUL;TELEFONIA
7541675;Viudo;M;64;CHILENO;ADMINISTRACION GASTRONOMICA INTERNACIONAL;Boomers;RENCA                         ;METROPOLITANA;0;0;0;0;0;0;0;0;0;Celular A10S LIB OPEN NEGRO;TELEFONIA
4696728;;F;79;CHILENO;;Silencioso;RENCA                         ;METROPOLITANA;0;0;0;0;0;0;0;0;0;Celular R340 CLARO DIRECTO NEGRO;TELEFONIA
16859071;;M;34;CHILENO;;Millenial;CURICO                        ;MAULE;0;0;0;0;0;0;0;0;0;Celular A11 LIB OPEN BLUE;TELEFONIA
13689505;;F;46;CHILENO;;X;CALAMA                        ;ANTOFAGASTA;0;0;0;0;0;0;0;0;0;Celular A10S LIB OPEN BLUE;TELEFONIA
19595570;;M;25;CHILENO;;Z;PROVIDENCIA                   ;METROPOLITANA;0;0;0;0;0;0;0;0;0;Celular A20S LIB OPEN NEGRO;TELEFONIA
16568103;;M;35;CHILENO;;Millenial;PROVIDENCIA                   ;METROPOLITANA;0;0;0;0;0;0;0;0;0;Celular A20S LIB OPEN ROJO;TELEFONIA
26902777;Soltero;F;31;EXTRANJERO - NO INFORMA NACIONALIDAD;;Millenial;PROVIDENCIA                   ;METROPOLITANA;0;0;0;0;0;0;0;0;0;CELULAR SAMSUNG A21S AZUL OPEN;TELEFONIA
5813442;Casado;M;69;CHILENO;;Silencioso;PROVIDENCIA                   ;METROPOLITANA;0;0;0;0;0;0;0;0;0;Celular 3310 3G MOVISTAR DIRECTO CARBON;TELEFONIA
12427156;;F;49;CHILENO;;X;PROVIDENCIA                   ;METROPOLITANA;0;0;0;0;0;0;0;0;0;Celular A11 LIB OPEN BLACK;TELEFONIA
16513934;;F;35;CHILENO;;Millenial;LOS ANGELES                   ;BIO BIO;0;0;0;0;0;0;0;0;0;CELULAR Y8S MOVISTAR DIRECTO BLACK;TELEFONIA
17007661;;M;33;CHILENO;;Millenial;PROVIDENCIA                   ;METROPOLITANA;0;0;0;0;0;0;0;0;0;Celular A51 128GB LIB OPEN BLACK;TELEFONIA
15625114;;M;37;CHILENO;;Millenial;SAN FERNANDO;O HIGGINS;0;0;0;0;0;0;0;0;0;Celular A3 LITE ENTEL TRIANGULADO NEGRO;TELEFONIA
9494193;Casado;M;59;CHILENO;AUXILIAR PARAMEDICO DE FARMACIA;Boomers;PROVIDENCIA                   ;METROPOLITANA;0;0;0;0;0;0;0;0;0;Celular Y5 NEO ENTEL DIRECTO BLACK;TELEFONIA
16971280;;F;34;CHILENO;;Millenial;VINA DEL MAR                  ;VALPARAISO;0;0;0;0;0;0;0;0;0;Celular Y5 NEO ENTEL DIRECTO BLACK;TELEFONIA
11456670;Casado;M;53;CHILENO;;X;PROVIDENCIA                   ;METROPOLITANA;0;0;0;0;0;0;0;0;0;Celular AL3 CLARO DIRECTO NEGRO;TELEFONIA
8600939;;F;63;CHILENO;;Boomers;LOS ANGELES                   ;BIO BIO;0;0;0;0;0;0;0;0;0;Celular A51 128GB LIB OPEN AZUL;TELEFONIA
12938078;Casado;M;45;CHILENO;;X;RENCA                         ;METROPOLITANA;0;0;0;0;0;0;0;0;0;Celular A01 CORE MOVISTAR DIRECTO BLACK;TELEFONIA
5852735;Viudo;M;75;CHILENO;;Silencioso;PROVIDENCIA                   ;METROPOLITANA;0;0;0;0;0;0;0;0;0;Celular SA3 CLARO DIRECTO BLACK;TELEFONIA
14582643;;F;42;CHILENO;;X;N/D;N/D;0;0;0;0;0;0;0;0;0;IPHONE 8 SPACE GRAY ENT;TELEFONIA
8788972;Casado;F;59;CHILENO;;Boomers;PROVIDENCIA                   ;METROPOLITANA;0;0;0;0;0;0;0;0;0;Celular A20S LIB OPEN ROJO;TELEFONIA
11018258;;F;57;CHILENO;;Boomers;N/D;N/D;0;0;0;0;0;0;0;0;0;CELULAR SAMSUNG A21S AZUL OPEN;TELEFONIA
17196284;;F;32;CHILENO;;Millenial;PROVIDENCIA                   ;METROPOLITANA;0;0;0;0;0;0;0;0;0;Celular A11 LIB OPEN BLUE;TELEFONIA
5822906;;F;70;CHILENO;;Silencioso;RENCA                         ;METROPOLITANA;0;0;0;0;0;0;0;0;0;Celular G8 POWER LITE WOM DIRECTO TURQUESA;TELEFONIA
4232971;;M;83;CHILENO;;Silencioso;TEMUCO                        ;ARAUCANIA;0;0;0;0;0;0;0;0;0;Celular Y5 NEO ENTEL DIRECTO BLACK;TELEFONIA
8159124;Casado;M;62;CHILENO;;Boomers;PROVIDENCIA                   ;METROPOLITANA;0;0;0;0;0;0;0;0;0;CELULAR OWN 1026 AZUL ENTEL;TELEFONIA
16776521;;M;34;CHILENO;;Millenial;LOS ANDES                     ;VALPARAISO;0;0;0;0;0;0;0;0;0;Celular Y9S LIB OPEN BREATHING CRYSTAL;TELEFONIA
17621566;;F;32;CHILENO;;Millenial;TILTIL                        ;METROPOLITANA;0;0;0;0;0;0;0;0;0;CELULAR NOKIA 1.3 CYAN BLUE TRI ENTEL;TELEFONIA
18965950;Soltero;F;26;CHILENO;;Z;PROVIDENCIA                   ;METROPOLITANA;0;0;0;0;0;0;0;0;0;Celular A51 128GB LIB OPEN AZUL;TELEFONIA
6727598;;F;72;CHILENO;;Silencioso;RENCA                         ;METROPOLITANA;0;0;0;0;0;0;0;0;0;Celular NOKIA 4.2 ENTEL DIRECTO NEGRO;TELEFONIA
11728620;;M;50;CHILENO;;X;LA LIGUA                      ;VALPARAISO;0;0;0;0;0;0;0;0;0;Celular A01 LIB OPEN AZUL;TELEFONIA
10924743;;M;54;CHILENO;;Boomers;ISLA DE MAIPO                 ;METROPOLITANA;0;0;0;0;0;0;0;0;0;CELULAR HUAWEI Y5 NEO NEGRO WOM;TELEFONIA
7580535;;F;67;CHILENO;;Boomers;CURICO                        ;MAULE;0;0;0;0;0;0;0;0;0;Celular Y6P WOM TRIANGULADO VERDE;TELEFONIA
18781159;Soltero;M;27;CHILENO;;Z;TALCA;MAULE;0;0;0;0;0;0;0;0;0;Celular A11 LIB OPEN WHITE;TELEFONIA
6555900;;F;67;CHILENO;;Boomers;PROVIDENCIA                   ;METROPOLITANA;0;0;0;0;0;0;0;0;0;Celular A20S LIB OPEN ROJO;TELEFONIA
18442501;;M;29;CHILENO;;Millenial;SAN BERNARDO                  ;METROPOLITANA;0;0;0;0;0;0;0;0;0;Celular A51 128GB LIB OPEN BLACK;TELEFONIA
18332210;Soltero;F;28;CHILENO;;Millenial;PROVIDENCIA                   ;METROPOLITANA;0;0;0;0;0;0;0;0;0;Celular TIGER V SENIOR CLARO DIRECTO NEGRO;TELEFONIA
14098279;;F;41;CHILENO;;X;ANTOFAGASTA                   ;ANTOFAGASTA;0;0;0;0;0;0;0;0;0;Celular AL3 CLARO DIRECTO NEGRO;TELEFONIA
9979368;;M;72;CHILENO;;Silencioso;LO BARNECHEA                  ;METROPOLITANA;0;0;0;0;0;0;0;0;0;CELULAR HUAWEI Y8S BLACK TRI CLARO;TELEFONIA
12887569;Soltero;M;47;CHILENO;;X;PROVIDENCIA                   ;METROPOLITANA;0;0;0;0;0;0;0;0;0;Celular A20S LIB OPEN NEGRO;TELEFONIA
19047961;Casado;F;27;CHILENO;;Z;"";"";0;0;0;0;0;0;0;0;0;Celular A20S LIB OPEN AZUL;TELEFONIA
17830922;;F;31;CHILENO;;Millenial;ARICA                         ;TARAPACA;0;0;0;0;0;0;0;0;0;Celular A20S LIB OPEN ROJO;TELEFONIA
12127985;;F;51;CHILENO;;X;PENALOLEN                     ;METROPOLITANA;0;0;0;0;0;0;0;0;0;Celular A11 LIB OPEN BLUE;TELEFONIA
12390485;;M;48;CHILENO;;X;RENCA                         ;METROPOLITANA;0;0;0;0;0;0;0;0;0;CELULAR SAMSUNG A21S ROJO OPEN;TELEFONIA
16301619;;M;36;CHILENO;;Millenial;"";"";0;0;0;0;0;0;0;0;0;CELULAR SAMSUNG A21S ROJO OPEN;TELEFONIA
19412994;;F;25;CHILENO;;Z;PROVIDENCIA                   ;METROPOLITANA;0;0;0;0;0;0;0;0;0;Celular E6S ENTEL DIRECTO BLUE;TELEFONIA
11276836;;M;54;CHILENO;;Boomers;RENGO                         ;L.G.B.OÂ´HIGGINS;0;0;0;0;0;0;0;0;0;Celular A11 LIB OPEN BLACK;TELEFONIA
12701334;;F;48;CHILENO;;X;COLLIPULLI                    ;ARAUCANIA;0;0;0;0;0;0;0;0;0;Celular A20S LIB OPEN ROJO;TELEFONIA
18587041;;F;28;CHILENO;;Millenial;"";"";0;0;0;0;0;0;0;0;0;CELULAR Y8S MOVISTAR DIRECTO BLACK;TELEFONIA
18891553;Soltero;M;27;CHILENO;;Millenial;PROVIDENCIA                   ;METROPOLITANA;0;0;0;0;0;0;0;0;0;Celular SA3 CLARO DIRECTO BLACK;TELEFONIA
9115991;;M;60;CHILENO;;Boomers;QUILPUE                       ;VALPARAISO;0;0;0;0;0;0;0;0;0;Celular A11 LIB OPEN BLACK;TELEFONIA
9620077;;M;56;CHILENO;;Boomers;RENCA                         ;METROPOLITANA;0;0;0;0;0;0;0;0;0;Celular Y9S LIB OPEN BREATHING CRYSTAL;TELEFONIA
10568605;;M;56;CHILENO;;Boomers;MARCHIHUE                     ;L.G.B.OÂ´HIGGINS;0;0;0;0;0;0;0;0;0;Celular A51 128GB LIB OPEN BLACK;TELEFONIA
17572373;;F;33;CHILENO;;Millenial;PROVIDENCIA                   ;METROPOLITANA;0;0;0;0;0;0;0;0;0;Celular A3 LITE ENTEL TRIANGULADO NEGRO;TELEFONIA
7137818;;M;67;CHILENO;;Boomers;PUTAENDO                      ;VALPARAISO;0;0;0;0;0;0;0;0;0;Celular A10S LIB OPEN BLUE;TELEFONIA
12485674;;F;48;CHILENO;;X;RENCA                         ;METROPOLITANA;0;0;0;0;0;0;0;0;0;Celular A20S LIB OPEN NEGRO;TELEFONIA
16721331;;M;34;CHILENO;;Millenial;NATALES                       ;MAGALLANES;0;0;0;0;0;0;0;0;0;Celular A10S LIB OPEN BLUE;TELEFONIA
10948470;;F;63;ARGENTINO;;Extranjero;SAN ANTONIO                   ;VALPARAISO;0;0;0;0;0;0;0;0;0;Celular S20 LIB OPEN GRIS;TELEFONIA
14901726;;F;40;CHILENO;;X;EL BOSQUE                     ;METROPOLITANA;0;0;0;0;0;0;0;0;0;Celular A20S LIB OPEN NEGRO;TELEFONIA
17986968;Soltero;M;30;CHILENO;;Millenial;PROVIDENCIA                   ;METROPOLITANA;0;0;0;0;0;0;0;0;0;Celular A10S LIB OPEN BLUE;TELEFONIA
13116413;;M;46;CHILENO;;X;RENCA                         ;METROPOLITANA;0;0;0;0;0;0;0;0;0;CELULAR REDMI 9 64GB SUNSET PURPLE TRI WOM;TELEFONIA
13960839;;M;42;CHILENO;;X;CURACAUTIN                    ;ARAUCANIA;0;0;0;0;0;0;0;0;0;Celular A01 LIB OPEN AZUL;TELEFONIA
10414575;;F;53;CHILENO;;X;RENCA                         ;METROPOLITANA;0;0;0;0;0;0;0;0;0;CELULAR MOTOROLA G8 POWER LITE AZUL WOM;TELEFONIA
7765729;;M;66;CHILENO;;Boomers;PUENTE ALTO                   ;METROPOLITANA;0;0;0;0;0;0;0;0;0;Celular SAMSUNG A01 CORE AZUL ENTEL;TELEFONIA
17634022;;M;32;CHILENO;;Millenial;NOGALES                       ;VALPARAISO;0;0;0;0;0;0;0;0;0;Celular S20+ LIB OPEN NEGRO;TELEFONIA
18217534;;F;29;CHILENO;;Millenial;PROVIDENCIA                   ;METROPOLITANA;0;0;0;0;0;0;0;0;0;Celular E6S CLARO DIRECTO RED;TELEFONIA
8387407;;F;66;CHILENO;;Boomers;LOS ANGELES                   ;BIO BIO;0;0;0;0;0;0;0;0;0;Celular A11 LIB OPEN BLACK;TELEFONIA
10111125;;F;61;CHILENO;;Boomers;PROVIDENCIA                   ;METROPOLITANA;0;0;0;0;0;0;0;0;0;Celular SAMSUNG A01 CORE BLACK CLARO;TELEFONIA
11431967;;F;53;CHILENO;;X;CALBUCO                       ;LOS LAGOS;0;0;0;0;0;0;0;0;0;CELULAR Y7 PLUS CLARO DIRECTO BLACK;TELEFONIA
12544028;;M;48;CHILENO;;X;CHANCO                        ;MAULE;0;0;0;0;0;0;0;0;0;Celular A01 LIB OPEN NEGRO;TELEFONIA
10477991;;M;56;CHILENO;;Boomers;LOS ANGELES                   ;BIO BIO;0;0;0;0;0;0;0;0;0;Celular A10S WOM DIRECTO BLUE;TELEFONIA
10148720;Casado;F;58;CHILENO;;Boomers;PROVIDENCIA                   ;METROPOLITANA;0;0;0;0;0;0;0;0;0;Celular J2 CORE CLARO DIRECTO NEGRO;TELEFONIA
8429091;Viudo;F;65;CHILENO;;Boomers;RENCA                         ;METROPOLITANA;0;0;0;0;0;0;0;0;0;Celular TIGER V SENIOR CLARO DIRECTO NEGRO;TELEFONIA
19787199;;F;24;CHILENO;;Z;PROVIDENCIA                   ;METROPOLITANA;0;0;0;0;0;0;0;0;0;Celular Y9S LIB OPEN BREATHING CRYSTAL;TELEFONIA
13579698;;F;43;CHILENO;;X;ANGOL                         ;ARAUCANIA;0;0;0;0;0;0;0;0;0;Celular SAMSUNG A21s CLARO DIRECTO BLACK;TELEFONIA
9045728;;M;58;CHILENO;;Boomers;PROVIDENCIA                   ;METROPOLITANA;0;0;0;0;0;0;0;0;0;Celular A10S LIB OPEN NEGRO;TELEFONIA
7725942;;M;65;CHILENO;;Boomers;IQUIQUE                       ;TARAPACA;0;0;0;0;0;0;0;0;0;Celular R340 CLARO DIRECTO NEGRO;TELEFONIA
18247483;;M;29;CHILENO;;Millenial;PROVIDENCIA                   ;METROPOLITANA;0;0;0;0;0;0;0;0;0;CELULAR MOTOROLA G9 PLAY 64GB SPRING PINK OPEN;TELEFONIA
13621320;;M;43;CHILENO;;X;PROVIDENCIA                   ;METROPOLITANA;0;0;0;0;0;0;0;0;0;Celular A10S LIB OPEN RED;TELEFONIA
7947010;;M;65;CHILENO;;Boomers;ALGARROBO                     ;VALPARAISO;0;0;0;0;0;0;0;0;0;Celular A20S LIB OPEN NEGRO;TELEFONIA
5199356;;M;81;CHILENO;;Silencioso;BUIN                          ;METROPOLITANA;0;0;0;0;0;0;0;0;0;Celular A01 LIB OPEN NEGRO;TELEFONIA
19896446;;F;23;CHILENO;;Z;LINARES                       ;MAULE;0;0;0;0;0;0;0;0;0;CELULAR MOTO ONE FUSION 64GB VERDE 64GB OPEN;TELEFONIA
13507401;;M;43;CHILENO;;X;N/D;N/D;0;0;0;0;0;0;0;0;0;CELULAR MOTOROLA G9 PLAY 64GB ELECTRIC BLUE OPEN;TELEFONIA
14078372;;M;41;CHILENO;;X;CALAMA                        ;ANTOFAGASTA;0;0;0;0;0;0;0;0;0;Celular A20S LIB OPEN AZUL;TELEFONIA
16206565;;F;36;CHILENO;;Millenial;ANCUD                         ;LOS LAGOS;0;0;0;0;0;0;0;0;0;CELULAR Y8S MOVISTAR DIRECTO BLACK;TELEFONIA
5544545;;M;70;CHILENO;;Silencioso;PEDRO AGUIRRE CERDA           ;METROPOLITANA;0;0;0;0;0;0;0;0;0;Celular A20S LIB OPEN NEGRO;TELEFONIA
10106259;Casado;M;44;CHILENO;;X;PROVIDENCIA                   ;METROPOLITANA;0;0;0;0;0;0;0;0;0;Celular S20+ LIB OPEN NEGRO;TELEFONIA
10218785;;M;57;CHILENO;;Boomers;TEMUCO                        ;ARAUCANIA;0;0;0;0;0;0;0;0;0;Celular A20S LIB OPEN AZUL;TELEFONIA
16061297;;F;37;CHILENO;;Millenial;RENCA                         ;METROPOLITANA;0;0;0;0;0;0;0;0;0;CELULAR Y8S MOVISTAR DIRECTO BLACK;TELEFONIA
16542076;;F;35;CHILENO;;Millenial;SAN JAVIER                    ;MAULE;0;0;0;0;0;0;0;0;0;Celular A20S LIB OPEN NEGRO;TELEFONIA
18647079;Soltero;M;28;CHILENO;;Millenial;PROVIDENCIA                   ;METROPOLITANA;0;0;0;0;0;0;0;0;0;Celular A51 128GB LIB OPEN AZUL;TELEFONIA
13836284;;F;42;CHILENO;;X;TILTIL                        ;METROPOLITANA;0;0;0;0;0;0;0;0;0;Celular A20S LIB OPEN ROJO;TELEFONIA
18521068;;F;28;CHILENO;;Millenial;VALLENAR;ATACAMA;0;0;0;0;0;0;0;0;0;Celular A71 LIB OPEN NEGRO;TELEFONIA
8637935;;F;66;CHILENO;;Boomers;MAULE                         ;MAULE;0;0;0;0;0;0;0;0;0;Celular A51 128GB LIB OPEN AZUL;TELEFONIA
16309922;;F;35;CHILENO;;Millenial;PROVIDENCIA                   ;METROPOLITANA;0;0;0;0;0;0;0;0;0;Celular A20S LIB OPEN NEGRO;TELEFONIA
12371418;;M;49;CHILENO;;X;RENCA                         ;METROPOLITANA;0;0;0;0;0;0;0;0;0;Celular Y6P WOM TRIANGULADO NEGRO;TELEFONIA
18366556;;F;29;CHILENO;;Millenial;PROVIDENCIA                   ;METROPOLITANA;0;0;0;0;0;0;0;0;0;Celular G8 POWER LITE WOM DIRECTO TURQUESA;TELEFONIA
18651926;;F;28;CHILENO;;Millenial;NACIMIENTO                    ;BIO BIO;0;0;0;0;0;0;0;0;0;Celular A51 128GB CLARO TRIANGULADO BLACK;TELEFONIA
5965438;;F;76;CHILENO;;Silencioso;QUILLOTA                      ;VALPARAISO;0;0;0;0;0;0;0;0;0;Celular ALCATEL 3X WOM TRIANGULADO BLACK;TELEFONIA
14678428;Soltero;F;32;CHILENO;ANALISTA DE SISTEMAS;Extranjero;RENCA                         ;METROPOLITANA;0;0;0;0;0;0;0;0;0;Celular A20S LIB OPEN NEGRO;TELEFONIA
9243822;;F;65;CHILENO;;Boomers;PROVIDENCIA                   ;METROPOLITANA;0;0;0;0;0;0;0;0;0;Celular SA3 CLARO DIRECTO BLACK;TELEFONIA
9209390;;F;59;CHILENO;;Boomers;RENCA                         ;METROPOLITANA;0;0;0;0;0;0;0;0;0;Celular A01 LIB OPEN AZUL;TELEFONIA
26039167;;F;29;CHILENO;;Extranjero;INDEPENDENCIA                 ;METROPOLITANA;0;0;0;0;0;0;0;0;0;CELULAR MOTOROLA G9 PLUS CHAMPAGNE ROSE OPEN;TELEFONIA
18414324;;M;29;CHILENO;;Millenial;PROVIDENCIA                   ;METROPOLITANA;0;0;0;0;0;0;0;0;0;Celular Y7P LIB OPEN AZUL;TELEFONIA
19970232;;F;24;CHILENO;;Z;ANCUD                         ;LOS LAGOS;0;0;0;0;0;0;0;0;0;Celular P30 LITE LIB OPEN AZUL;TELEFONIA
10050761;;F;62;CHILENO;;Boomers;ANGOL                         ;ARAUCANIA;0;0;0;0;0;0;0;0;0;Celular Y5 NEO CLARO DIRECTO BLACK;TELEFONIA
26641339;Soltero;F;45;COLOMBIANO;;Extranjero;PROVIDENCIA                   ;METROPOLITANA;0;0;0;0;0;0;0;0;0;Celular A11 LIB OPEN BLUE;TELEFONIA
16688407;;M;34;CHILENO;;Millenial;VICUNA                        ;COQUIMBO;0;0;0;0;0;0;0;0;0;Celular A31 LIB OPEN AZUL;TELEFONIA
5792776;;M;76;CHILENO;;Silencioso;NUEVA IMPERIAL                ;ARAUCANIA;0;0;0;0;0;0;0;0;0;Celular A3 LITE ENTEL TRIANGULADO NEGRO;TELEFONIA
7519424;;F;64;CHILENO;;Boomers;TALAGANTE                     ;METROPOLITANA;0;0;0;0;0;0;0;0;0;Celular A01 LIB OPEN ROJO;TELEFONIA
16971445;;F;33;CHILENO;;Millenial;VILLA ALEMANA                 ;VALPARAISO;0;0;0;0;0;0;0;0;0;Celular A11 LIB OPEN BLUE;TELEFONIA
10588071;;M;56;CHILENO;;Boomers;PROVIDENCIA                   ;METROPOLITANA;0;0;0;0;0;0;0;0;0;Celular Y5 NEO CLARO DIRECTO BLACK;TELEFONIA
15363862;Soltero;F;40;CHILENO;;X;PROVIDENCIA                   ;METROPOLITANA;0;0;0;0;0;0;0;0;0;Celular A3 LITE ENTEL TRIANGULADO NEGRO;TELEFONIA
11113478;;M;54;CHILENO;;Boomers;RENCA                         ;METROPOLITANA;0;0;0;0;0;0;0;0;0;Celular A3 LITE ENTEL TRIANGULADO NEGRO;TELEFONIA
11898582;;F;51;CHILENO;;X;RENCA                         ;METROPOLITANA;0;0;0;0;0;0;0;0;0;Celular Y7P LIB OPEN NEGRO;TELEFONIA
12517081;;M;48;CHILENO;;X;RANCAGUA                      ;L.G.B.OÂ´HIGGINS;0;0;0;0;0;0;0;0;0;CELULAR MOTO ONE FUSION 64GB VERDE 64GB OPEN;TELEFONIA
26267585;Soltero;M;33;HAITIANO;;Extranjero;CARTAGENA;VALPARAISO;0;0;0;0;0;0;0;0;0;Celular A11 MOVISTAR DIRECTO BLACK;TELEFONIA
8033952;;M;63;CHILENO;;Boomers;VALDIVIA                      ;LOS RIOS;0;0;0;0;0;0;0;0;0;Celular A10S LIB OPEN RED;TELEFONIA
10621035;;M;44;CHILENO;;X;RENCA                         ;METROPOLITANA;0;0;0;0;0;0;0;0;0;Celular Y6 2019 MOVISTAR DIRECTO BLUE;TELEFONIA
8938458;;M;62;CHILENO;;Boomers;RECOLETA                      ;METROPOLITANA;0;0;0;0;0;0;0;0;0;Celular A20S LIB OPEN ROJO;TELEFONIA
14570184;;F;46;CHILENO;;X;CHILLAN                       ;BIO BIO;0;0;0;0;0;0;0;0;0;CELULAR NOKIA 7.2 GREEN TRI WOM;TELEFONIA
19075353;;F;27;CHILENO;;Z;N/D;N/D;0;0;0;0;0;0;0;0;0;CELULAR MOTO ONE FUSION 64GB VERDE 64GB OPEN;TELEFONIA
18069091;;M;30;CHILENO;;Millenial;CORONEL                       ;BIO BIO;0;0;0;0;0;0;0;0;0;CELULAR NOTE 20 ULTRA MYSTIC BLACK 256GB OPEN;TELEFONIA
9193097;;M;61;CHILENO;;Boomers;QUILLOTA                      ;VALPARAISO;0;0;0;0;0;0;0;0;0;Celular A30S CLARO DIRECTO NEGRO;TELEFONIA
15961117;;F;36;CHILENO;;Millenial;MELIPILLA                     ;METROPOLITANA;0;0;0;0;0;0;0;0;0;Celular A31 LIB OPEN ROJO;TELEFONIA
9721801;;F;60;CHILENO;;Boomers;ANGOL                         ;ARAUCANIA;0;0;0;0;0;0;0;0;0;Celular SA3 CLARO DIRECTO BLACK;TELEFONIA
18016156;;F;31;CHILENO;;Millenial;PROVIDENCIA                   ;METROPOLITANA;0;0;0;0;0;0;0;0;0;Celular Y6P WOM TRIANGULADO VERDE;TELEFONIA
12998820;;F;46;CHILENO;;X;COIHAIQUE                     ;AYSEN;0;0;0;0;0;0;0;0;0;Celular A10S LIB OPEN RED;TELEFONIA
12220958;Soltero;M;49;CHILENO;;X;RENCA                         ;METROPOLITANA;0;0;0;0;0;0;0;0;0;Celular A10S LIB OPEN RED;TELEFONIA
16305361;;F;35;CHILENO;;Millenial;SANTA BARBARA                 ;BIO BIO;0;0;0;0;0;0;0;0;0;Celular AL3 CLARO DIRECTO NEGRO;TELEFONIA
18446662;Soltero;M;28;CHILENO;ENFERMERO;Millenial;PROVIDENCIA                   ;METROPOLITANA;0;0;0;0;0;0;0;0;0;CELULAR MOTO ONE FUSION 64GB VERDE 64GB OPEN;TELEFONIA
8682652;;M;61;CHILENO;;Boomers;RENCA                         ;METROPOLITANA;0;0;0;0;0;0;0;0;0;Celular A10S LIB OPEN NEGRO;TELEFONIA
17031260;;F;33;CHILENO;;Millenial;NUNOA;METROPOLITANA;0;0;0;0;0;0;0;0;0;Celular A51 128GB LIB OPEN AZUL;TELEFONIA
11738289;;F;51;CHILENO;;X;SAN ANTONIO                   ;VALPARAISO;0;0;0;0;0;0;0;0;0;Celular A20S LIB OPEN ROJO;TELEFONIA
10999421;;F;47;CHILENO;;X;PELARCO                       ;MAULE;166066;4;3;0;0;0;4;3;166066;ALISADOR DE PELO SG-3540 MORADO MORADO;PERSONAL CARE
15011291;;F;39;CHILENO;;X;TOCOPILLA                     ;ANTOFAGASTA;356973;3;2;2;1;335980;1;1;20993;SECADOR DE PELO SG-3049 NEGRO;PERSONAL CARE
6646437;;F;69;CHILENO;;Silencioso;EL MONTE                      ;METROPOLITANA;34990;1;1;0;0;0;1;1;34990;ALISADOR AQUA THERAPY LED;PERSONAL CARE
17903964;Soltero;M;30;CHILENO;KINESIOLOGO;Millenial;PROVIDENCIA                   ;METROPOLITANA;14990;1;1;0;0;0;1;1;14990;SECADOR DE PELO SG-3025 SILVER;PERSONAL CARE
6546618;;M;70;CHILENO;;Silencioso;PUENTE ALTO                   ;METROPOLITANA;34990;1;1;0;0;0;1;1;34990;AFEITADORA GAMA GSH986 SPORT;PERSONAL CARE
20361874;;F;22;CHILENO;;Z;PROVIDENCIA                   ;METROPOLITANA;89650;4;3;0;0;0;4;3;89650;ALISADOR SIEGEN SG-4716;PERSONAL CARE
17924116;;M;31;CHILENO;;Millenial;INDEPENDENCIA                 ;METROPOLITANA;39990;1;1;0;0;0;1;1;39990;ALISADOR DE PELO SG-3540 MORADO MORADO;PERSONAL CARE
13631643;;F;43;CHILENO;;X;VICTORIA                      ;ARAUCANIA;50970;3;3;0;0;0;3;3;50970;CORTA PELO SG-8200;PERSONAL CARE
15119111;;F;39;CHILENO;;X;RENGO;O HIGGINS;47980;2;1;0;0;0;2;1;47980;ALISADOR ELEGANCE LED BLOOM OE;PERSONAL CARE
19067321;;F;26;CHILENO;;Z;N/D;N/D;173950;5;2;2;1;93980;3;1;79970;Pack Depiladora BRE255/00 + Recortador HP6389/00;PERSONAL CARE
17771513;Soltero;M;30;CHILENO;;Millenial;PROVIDENCIA                   ;METROPOLITANA;16990;1;1;0;0;0;1;1;16990;CORTA PELO SG-8200;PERSONAL CARE
16119053;;M;36;CHILENO;;Millenial;N/D;N/D;64990;1;1;0;0;0;1;1;64990;ALISADOR DE PELO SG-4651 ROJO;PERSONAL CARE
17711870;;F;32;CHILENO;;Millenial;OVALLE                        ;COQUIMBO;126930;7;3;0;0;0;7;3;126930;ALISADOR MATCHA;PERSONAL CARE
18499428;;F;29;CHILENO;;Millenial;PROVIDENCIA                   ;METROPOLITANA;39840;2;1;0;0;0;2;1;39840;SECADOR TEMPO TITAN KERATIN;PERSONAL CARE
11399265;;F;53;CHILENO;;X;PROVIDENCIA                   ;METROPOLITANA;27700;2;1;0;0;0;2;1;27700;ALISADOR SG-3510C12 BLANCO;PERSONAL CARE
15063220;;F;40;CHILENO;;Millenial;NOGALES                       ;VALPARAISO;246530;7;5;2;1;169980;5;4;76550;SECADOR DIAMOND STD;PERSONAL CARE
13814236;;M;47;CHILENO;;X;VILLARICA                     ;ARAUCANIA;732150;8;4;0;0;0;8;4;732150;SECADOR DE PELO SG-3012C29 MORADO;PERSONAL CARE
15836104;;F;37;CHILENO;;Millenial;SALAMANCA                     ;COQUIMBO;14990;1;1;0;0;0;1;1;14990;SECADOR DIAMOND 3D TITAN KERATIN;PERSONAL CARE
15148115;;F;40;CHILENO;;X;CAUQUENES                     ;MAULE;227665;4;4;0;0;0;4;4;227665;SECADOR DE PELO SIEGEN SG-3035;PERSONAL CARE
15628866;;F;41;CHILENO;;X;LA CISTERNA                   ;METROPOLITANA;12990;1;1;0;0;0;1;1;12990;SECADOR DE PELO SG-3012C29 MORADO;PERSONAL CARE
8377967;;F;64;CHILENO;;Boomers;EL BOSQUE                     ;METROPOLITANA;869400;5;2;0;0;0;5;2;869400;CORTA PELO SG-8200;PERSONAL CARE
17046535;Soltero;F;33;CHILENO;ASISTENTE SOCIAL;Silencioso;PROVIDENCIA                   ;METROPOLITANA;39990;1;1;0;0;0;1;1;39990;TRICOMBO SECADOR+ALISADOR+ONDULAD;PERSONAL CARE
18721956;;F;28;CHILENO;;Millenial;SAN FERNANDO                  ;L.G.B.OÂ´HIGGINS;171303;11;8;0;0;0;11;8;171303;SECADOR DE PELO SG-3043 DC CAFE 2200 WATTS;PERSONAL CARE
15495827;;F;38;CHILENO;;X;N/D;N/D;125460;6;3;0;0;0;6;3;125460;SECADOR DE PELO SE-3049C01 FUCSIA;PERSONAL CARE
16453507;;F;36;CHILENO;;Millenial;PENCAHUE                      ;MAULE;210960;4;3;0;0;0;4;3;210960;ALISADOR DE PELO SG-3540 MORADO MORADO;PERSONAL CARE
16195864;;F;36;CHILENO;;Millenial;PITRUFQUEN;ARAUCANIA;369920;8;4;5;2;206950;3;2;162970;SECADOR DE PELO SG-3049 NEGRO;PERSONAL CARE
19849866;;M;24;CHILENO;;Millenial;N/D;N/D;31980;2;1;2;1;31980;0;0;0;ALISADOR +SECADOR PELO;PERSONAL CARE
18187766;Soltero;F;30;CHILENO;;Millenial;PROVIDENCIA                   ;METROPOLITANA;71960;4;3;0;0;0;4;3;71960;SECADOR DE PELO SG-3049 NEGRO;PERSONAL CARE
15286564;;F;41;CHILENO;;X;CALBUCO                       ;LOS LAGOS;205100;6;3;0;0;0;6;3;205100;AFEITADORA GAMA GSH986 SPORT;PERSONAL CARE
9981466;;M;51;CHILENO;;X;TALAGANTE                     ;METROPOLITANA;13990;1;1;0;0;0;1;1;13990;SECADOR DE PELO SG-3012C23 VERDE;PERSONAL CARE
27187148;;M;32;EXTRANJERO - NO INFORMA NACIONALIDAD;;Extranjero;LINARES                       ;MAULE;96960;4;3;0;0;0;4;3;96960;ALISADOR ELEGANCE W L IT 3D BLUE BVT;PERSONAL CARE
16622869;;F;35;CHILENO;;Millenial;HIJUELAS                      ;VALPARAISO;15240;2;1;0;0;0;2;1;15240;SECADOR DE PELO MISTRAL STD;PERSONAL CARE
11739856;;F;50;CHILENO;;X;PROVIDENCIA                   ;METROPOLITANA;11990;1;1;0;0;0;1;1;11990;CORTA PELO SG-8200;PERSONAL CARE
19068944;Soltero;F;26;CHILENO;;Z;PROVIDENCIA                   ;METROPOLITANA;24990;1;1;0;0;0;1;1;24990;SECADOR DE PELO SE-3049C01 FUCSIA;PERSONAL CARE
17387498;;F;32;CHILENO;;Millenial;"";"";35970;3;2;0;0;0;3;2;35970;SECADOR DE PELO SG-3012C23 VERDE;PERSONAL CARE
16316076;;F;36;CHILENO;;Millenial;PANGUIPULLI                   ;LOS RIOS;1369870;15;10;1;1;149990;14;9;1219880;ALISADOR DE PELO SG-4651 ROJO;PERSONAL CARE
19513089;;F;27;CHILENO;;Millenial;MARIA PINTO;METROPOLITANA;24990;1;1;0;0;0;1;1;24990;ALISADOR MATCHA;PERSONAL CARE
19461011;;F;25;CHILENO;;Z;COIHAIQUE                     ;AYSEN;84440;3;2;0;0;0;3;2;84440;SECADOR DE PELO SG-3043 DC CAFE 2200 WATTS;PERSONAL CARE
16556692;;M;35;CHILENO;;Millenial;SAN BERNARDO;METROPOLITANA;24990;1;1;1;1;24990;0;0;0;ALISADOR DE PELO SG-3512D1 ROSA;PERSONAL CARE
11994131;;F;50;CHILENO;;X;PENALOLEN                     ;METROPOLITANA;11990;1;1;0;0;0;1;1;11990;CORTAPELO GAMA MG 566;PERSONAL CARE
19196711;;M;26;CHILENO;;Z;"";"";32990;1;1;0;0;0;1;1;32990;SECADOR DE PELO SG-3051;PERSONAL CARE
15999487;;F;37;CHILENO;;Millenial;PROVIDENCIA                   ;METROPOLITANA;18990;1;1;0;0;0;1;1;18990;SECADOR GAMA BRILLIAN AQUA;PERSONAL CARE
20634614;;F;21;CHILENO;;Z;CURANILAHUE                   ;BIO BIO;384950;5;3;0;0;0;5;3;384950;ALISADOR DE PELO S12A(220) Shine Therapy PALTA M;PERSONAL CARE
15138401;Casado;F;39;CHILENO;ARQUITECTURA DEL PAISAJE;X;PROVIDENCIA                   ;METROPOLITANA;19990;1;1;0;0;0;1;1;19990;SECADOR GAMA BRILLIAN AQUA;PERSONAL CARE
18352052;;F;29;CHILENO;;Millenial;OVALLE                        ;COQUIMBO;187980;3;2;0;0;0;3;2;187980;SECADOR DE PELO SG-3012C29 MORADO;PERSONAL CARE
6299769;;M;69;CHILENO;;Silencioso;RENCA                         ;METROPOLITANA;34990;1;1;0;0;0;1;1;34990;AFEITADORA SG-7250 NEGRO;PERSONAL CARE
11574087;;F;51;CHILENO;;X;HUALQUI                       ;BIO BIO;1041881;10;10;0;0;0;10;10;1041881;SECADOR DE PELO SG-3025 SILVER;PERSONAL CARE
27098297;;M;24;EXTRANJERO - NO INFORMA NACIONALIDAD ;;Extranjero;"";"";34990;1;1;0;0;0;1;1;34990;DEPILADORA SG-9004EX;PERSONAL CARE
7608267;;F;69;CHILENO;;Silencioso;CURANILAHUE                   ;BIO BIO;180660;3;2;0;0;0;3;2;180660;ALISADOR CP14 Titanio D 4D Bvt.;PERSONAL CARE
25099334;;F;43;CHILENO;;Extranjero;ILLAPEL                       ;COQUIMBO;209970;4;4;0;0;0;4;4;209970;SECADOR DE PELO SIEGEN SG-3035;PERSONAL CARE
13154685;Casado;F;44;CHILENO;;X;PROVIDENCIA                   ;METROPOLITANA;14990;1;1;0;0;0;1;1;14990;SECADOR DE PELO SG-3025 SILVER;PERSONAL CARE
13939926;;F;42;CHILENO;;X;BUIN                          ;METROPOLITANA;19990;1;1;0;0;0;1;1;19990;SECADOR DE PELO SIEGEN SG-3035;PERSONAL CARE
17874583;;F;31;CHILENO;;Extranjero;N/D;N/D;24990;1;1;0;0;0;1;1;24990;SECADOR DE PELO SE-3049C01 FUCSIA;PERSONAL CARE
14474335;;M;46;CHILENO;;X;COLTAUCO                      ;L.G.B.OÂ´HIGGINS;189980;2;2;0;0;0;2;2;189980;CORTAPELOS GM 596;PERSONAL CARE
16904955;;F;33;CHILENO;;Millenial;PARRAL                        ;MAULE;21990;1;1;0;0;0;1;1;21990;SECADOR GAMA BORA KERATION;PERSONAL CARE
15539111;;F;38;CHILENO;;X;PROVIDENCIA                   ;METROPOLITANA;19980;2;1;0;0;0;2;1;19980;SECADOR DE PELO SG-3012C29 MORADO;PERSONAL CARE
21442366;;F;39;CHILENO;;X;N/D;N/D;885783;2;2;0;0;0;2;2;885783;ALISADOR DE PELO SG-3540 MORADO MORADO;PERSONAL CARE
12151938;;F;50;CHILENO;;X;PROVIDENCIA                   ;METROPOLITANA;134940;6;5;0;0;0;6;5;134940;Secador de Pelo 3000 Series Philips BHD340/10;PERSONAL CARE
9060189;Casado;M;61;CHILENO;;Boomers;"";"";74980;2;2;0;0;0;2;2;74980;ALISADOR CP14 Titanio D 4D Bvt.;PERSONAL CARE
25880354;;F;59;VENEZOLANO;;Extranjero;CURICO                        ;MAULE;261960;4;3;0;0;0;4;3;261960;SECADOR DE PELO SG-3049 NEGRO;PERSONAL CARE
10191800;;M;56;CHILENO;;Boomers;VALDIVIA                      ;LOS RIOS;19990;1;1;0;0;0;1;1;19990;SECADOR DE PELO SIEGEN SG-3035;PERSONAL CARE
24066751;;M;28;PERUANO;;Extranjero;N/D;N/D;1256500;16;8;15;7;1246510;1;1;9990;ALISADOR +SECADOR PELO;PERSONAL CARE
8455226;;F;50;CHILENO;;X;NOGALES                       ;VALPARAISO;59970;3;3;0;0;0;3;3;59970;CORTA PELO SG-8520;PERSONAL CARE
14250823;;M;52;CHILENO;;X;RENGO                         ;L.G.B.OÂ´HIGGINS;34990;1;1;0;0;0;1;1;34990;ALISADOR AQUA THERAPY LED;PERSONAL CARE
15581754;;F;38;CHILENO;;Millenial;N/D;N/D;40980;2;2;0;0;0;2;2;40980;CORTAPELO GAMA MG 566;PERSONAL CARE
13793675;;M;42;CHILENO;;X;SAN CARLOS                    ;BIO BIO;31990;1;1;0;0;0;1;1;31990;AFEITADORA SPORT SH 886 BAT;PERSONAL CARE
20219633;;F;23;CHILENO;;Z;PROVIDENCIA                   ;METROPOLITANA;22590;2;1;0;0;0;2;1;22590;CORTAPELO GAMA MG 566;PERSONAL CARE
12499927;;F;49;CHILENO;;X;N/D;N/D;323550;6;4;0;0;0;6;4;323550;ALISADOR DE PELO S6300 GRIS;PERSONAL CARE
17164611;;F;33;CHILENO;;Millenial;CALLE LARGA                   ;VALPARAISO;14990;1;1;0;0;0;1;1;14990;SECADOR DE PELO MISTRAL STD;PERSONAL CARE
19538790;;M;25;CHILENO;;Z;CALAMA;ANTOFAGASTA;16990;1;1;0;0;0;1;1;16990;SECADOR DE PELO MISTRAL STD;PERSONAL CARE
13419483;;M;45;CHILENO;;X;PROVIDENCIA                   ;METROPOLITANA;15990;1;1;0;0;0;1;1;15990;CORTA PELO SG-8200;PERSONAL CARE
14271408;;F;48;CHILENO;;X;TALCAHUANO                    ;BIO BIO;259260;5;3;0;0;0;5;3;259260;SECADOR DE PELO SG-3012C29 MORADO;PERSONAL CARE
20013224;;F;23;CHILENO;;Z;VINA DEL MAR                  ;VALPARAISO;34990;1;1;0;0;0;1;1;34990;TRICOMBO SECADOR+ALISADOR+ONDULADOR;PERSONAL CARE
15152852;;M;40;CHILENO;;X;PROVIDENCIA                   ;METROPOLITANA;25240;2;1;0;0;0;2;1;25240;CORTA PELO SG-8520;PERSONAL CARE
13290186;;M;44;CHILENO;;X;MAIPU;METROPOLITANA;54230;3;3;0;0;0;3;3;54230;ALISADOR +SECADOR PELO;PERSONAL CARE
13122128;;F;46;CHILENO;;X;RENCA                         ;METROPOLITANA;234980;2;4;2;4;234980;0;0;0;CORTA PELO SPORT GCX 623 BVT;PERSONAL CARE
16404912;;F;35;CHILENO;;Millenial;PROVIDENCIA                   ;METROPOLITANA;14990;1;1;0;0;0;1;1;14990;CORTA PELO SG-8200;PERSONAL CARE
16735947;;F;34;CHILENO;;X;CHILLAN                       ;BIO BIO;282820;8;5;1;1;99990;7;4;182830;CORTA PELO SG-8520;PERSONAL CARE
15965167;;F;36;CHILENO;;Millenial;PUERTO MONTT                  ;LOS LAGOS;443950;5;4;2;1;223980;3;3;219970;CORTA PELO SG-8200;PERSONAL CARE
7497229;Casado;M;69;CHILENO;;Silencioso;PROVIDENCIA                   ;METROPOLITANA;23990;1;1;0;0;0;1;1;23990;AFEITADORA SPORT;PERSONAL CARE
7556742;;M;63;CHILENO;;Boomers;SAN JAVIER                    ;MAULE;838950;5;6;0;0;0;5;6;838950;SECADOR DE PELO SE-3049C01 FUCSIA;PERSONAL CARE
15140408;Soltero;F;38;CHILENO;PSICOPEDAGOGO;X;SAN JAVIER                    ;MAULE;19990;1;1;0;0;0;1;1;19990;ALISADOR DE PELO SG-3510 FUCSIA;PERSONAL CARE
16694722;;M;35;CHILENO;;Millenial;SANTIAGO                      ;METROPOLITANA;15000;2;1;0;0;0;2;1;15000;Lapiz recortador para retoques Philips HP6389/00;PERSONAL CARE
12922513;;F;46;CHILENO;;X;N/D;N/D;34990;1;1;0;0;0;1;1;34990;COMBO SIEGEN AFEITADORA + MULTISTYLER SG-8440;PERSONAL CARE
8254209;;F;66;CHILENO;;Boomers;PROVIDENCIA                   ;METROPOLITANA;21240;2;1;0;0;0;2;1;21240;SECADOR DE PELO SIEGEN SG-3035;PERSONAL CARE
16206409;;M;36;CHILENO;;Millenial;PROVIDENCIA                   ;METROPOLITANA;334970;3;3;0;0;0;3;3;334970;Secador de Pelo 3000 Series Philips BHD340/10;PERSONAL CARE
16721273;;F;34;CHILENO;;Millenial;NATALES                       ;MAGALLANES;136690;5;2;0;0;0;5;2;136690;AFEITADORA SG-7250 NEGRO;PERSONAL CARE
19570861;;F;25;CHILENO;;Z;PUENTE ALTO                   ;METROPOLITANA;0;0;2;0;0;0;0;2;0;CORTA PELO SPORT GCX 623 BVT;PERSONAL CARE
15206568;;F;39;CHILENO;;X;LOS ANGELES                   ;BIO BIO;26980;2;1;0;0;0;2;1;26980;ONDULADOR DE PELO SG-2420 33MM;PERSONAL CARE
15734910;;F;38;CHILENO;;X;SAN FELIPE                    ;VALPARAISO;24990;1;1;0;0;0;1;1;24990;SPA PARA PIES SG-1560;PERSONAL CARE
19982604;;F;23;CHILENO;;Z;QUILLOTA                      ;VALPARAISO;21990;1;1;0;0;0;1;1;21990;AFEITADORA SPORT;PERSONAL CARE
10320961;Divorciado;F;44;CHILENO;PSICOLOGO;X;RENCA                         ;METROPOLITANA;13990;1;1;0;0;0;1;1;13990;SECADOR DE PELO SG-3012 NEGRO;PERSONAL CARE
10505141;;F;57;CHILENO;;Boomers;RENCA                         ;METROPOLITANA;39990;1;1;0;0;0;1;1;39990;TRICOMBO SECADOR+ALISADOR+ONDULAD;PERSONAL CARE
16569438;Soltero;F;35;CHILENO;;Millenial;PROVIDENCIA                   ;METROPOLITANA;47980;2;2;1;1;24990;1;1;22990;SECADOR TEMPO TITAN KERATIN;PERSONAL CARE
15792153;;F;37;CHILENO;;Millenial;PADRE HURTADO;METROPOLITANA;19990;1;1;0;0;0;1;1;19990;DEPILADORA SG-9003;PERSONAL CARE
17837331;Soltero;M;31;CHILENO;;Millenial;PROVIDENCIA                   ;METROPOLITANA;48980;2;3;2;3;48980;0;0;0;CORTA PELO HC-5850;PERSONAL CARE
18718002;;F;27;CHILENO;;Millenial;N/D;N/D;64960;4;3;0;0;0;4;3;64960;ALISADOR DE PELO SG-3510 FUCSIA;PERSONAL CARE
12215821;;M;50;CHILENO;;X;LIMACHE                       ;VALPARAISO;1514350;10;6;0;0;0;10;6;1514350;COMBO SIEGEN AFEITADORA + MULTISTYLER SG-8440;PERSONAL CARE
17362082;;F;33;CHILENO;;Millenial;OVALLE                        ;COQUIMBO;34990;1;1;0;0;0;1;1;34990;ALISADOR DE PELO SG-3540 MORADO MORADO;PERSONAL CARE
12045471;;F;53;CHILENO;;X;SAN RAMON                     ;METROPOLITANA;365170;6;3;0;0;0;6;3;365170;SECADOR DE PELO SE-3049C01 FUCSIA;PERSONAL CARE
17646568;;F;31;CHILENO;;Millenial;N/D;N/D;119980;2;2;0;0;0;2;2;119980;AFEITADORA SG-7210 NEGRO;PERSONAL CARE
18718539;;F;27;CHILENO;;Z;BUIN                          ;METROPOLITANA;51923;3;2;0;0;0;3;2;51923;ALISADOR DE PELO SG-3540 MORADO MORADO;PERSONAL CARE
12143177;;M;53;CHILENO;;X;RENCA                         ;METROPOLITANA;60980;2;2;0;0;0;2;2;60980;TRICOMBO SECADOR+ALISADOR+ONDULAD;PERSONAL CARE
18727356;;M;28;CHILENO;;Millenial;PENALOLEN                     ;METROPOLITANA;12990;1;1;1;1;12990;0;0;0;CORTAPELO GAMA MG 566;PERSONAL CARE
13183611;;M;45;CHILENO;;X;PROVIDENCIA                   ;METROPOLITANA;447970;3;2;0;0;0;3;2;447970;DEPILADORA SG-9040;PERSONAL CARE
6657874;Casado;M;70;CHILENO;;Silencioso;RENCA                         ;METROPOLITANA;44990;1;1;0;0;0;1;1;44990;AFEITADORA SH 1525 USB;PERSONAL CARE
18535856;;M;30;CHILENO;;Millenial;MULCHEN                       ;BIO BIO;749630;8;6;7;5;729640;1;1;19990;AFEITADORA S1121/41 ELECTRICA;PERSONAL CARE
18974269;;F;21;CHILENO;;Millenial;"";"";13000;2;1;0;0;0;2;1;13000;SECADOR DE PELO SG-3012C29 MORADO;PERSONAL CARE
19509136;Soltero;F;25;CHILENO;;Z;PROVIDENCIA                   ;METROPOLITANA;29990;1;1;1;1;29990;0;0;0;ALISADOR +SECADOR PELO;PERSONAL CARE
12798937;;F;47;CHILENO;;X;MELIPILLA                     ;METROPOLITANA;2029200;8;3;0;0;0;8;3;2029200;COMBO GAMA SECADOR+ALISADOR+CEPILLO;PERSONAL CARE
18916873;;F;27;CHILENO;;Z;VALPARAISO                    ;VALPARAISO;549930;11;6;0;0;0;11;6;549930;SECADOR DE PELO SE-3049C01 FUCSIA;PERSONAL CARE
13787440;;M;42;CHILENO;;X;SAN JAVIER                    ;MAULE;19990;1;1;0;0;0;1;1;19990;Secador de Pelo 3000 Series Philips BHD340/10;PERSONAL CARE
16275708;Soltero;M;35;CHILENO;TECNICO LABORATORISTA DENTAL;Millenial;PROVIDENCIA                   ;METROPOLITANA;15990;1;1;0;0;0;1;1;15990;CORTAPELO GAMA TITANIUM T827;PERSONAL CARE
6877867;;M;67;CHILENO;;Boomers;TEMUCO                        ;ARAUCANIA;65120;4;3;0;0;0;4;3;65120;ALISADOR DE PELO SG-3510 FUCSIA;PERSONAL CARE
8132126;Casado;F;62;CHILENO;PROFESOR;Boomers;PROVIDENCIA                   ;METROPOLITANA;9990;1;1;0;0;0;1;1;9990;SECADOR DE PELO SG-3012 NEGRO;PERSONAL CARE
18741984;;F;32;CHILENO;;Millenial;PROVIDENCIA                   ;METROPOLITANA;34990;1;1;1;1;34990;0;0;0;COMBO GAMA SECADOR+ALISADOR+CEPILLO;PERSONAL CARE
16407580;;F;36;CHILENO;;Millenial;"";"";18990;1;1;0;0;0;1;1;18990;CORTAPELO GAMA MG 566;PERSONAL CARE
17117481;Soltero;M;33;CHILENO;INGENIERO EN ADMINISTRACION DE EMPRESAS;Silencioso;PROVIDENCIA                   ;METROPOLITANA;16990;1;1;0;0;0;1;1;16990;CORTAPELO GAMA MG 566;PERSONAL CARE
6734522;;M;66;CHILENO;;Boomers;VICTORIA                      ;ARAUCANIA;13000;2;1;0;0;0;2;1;13000;CORTAPELO GAMA MG 566;PERSONAL CARE
5838409;;F;73;CHILENO;;Silencioso;PROVIDENCIA                   ;METROPOLITANA;23290;2;1;0;0;0;2;1;23290;SECADOR DE PELO SG-3012 NEGRO;PERSONAL CARE
9944170;;F;57;CHILENO;;Boomers;IQUIQUE                       ;TARAPACA;14990;1;1;0;0;0;1;1;14990;SECADOR DE PELO SG-3025 SILVER;PERSONAL CARE
18877811;Soltero;F;27;CHILENO;FONOAUDIOLOGO;Z;PROVIDENCIA                   ;METROPOLITANA;74460;4;2;3;1;59470;1;1;14990;ONDULADOR DE PELO SG-2420 33MM;PERSONAL CARE
16915815;;F;33;CHILENO;;Millenial;TALCA                         ;MAULE;39990;1;1;0;0;0;1;1;39990;TRICOMBO SECADOR+ALISADOR+ONDULAD;PERSONAL CARE
10421800;Soltero;F;56;CHILENO;;Boomers;RENCA                         ;METROPOLITANA;16990;1;1;0;0;0;1;1;16990;SECADOR DE PELO MISTRAL STD;PERSONAL CARE
18737378;;F;30;CHILENO;;Millenial;SAN JOAQUIN;METROPOLITANA;16990;1;1;0;0;0;1;1;16990;SECADOR DE PELO MISTRAL STD;PERSONAL CARE
13841851;;F;42;CHILENO;;X;PARRAL                        ;MAULE;55452;5;3;0;0;0;5;3;55452;CORTADOR DE PELO SIEGEN SG-8590;PERSONAL CARE
14016590;;F;41;CHILENO;;X;PROVIDENCIA                   ;METROPOLITANA;12990;1;1;0;0;0;1;1;12990;SECADOR DE PELO SG-3025 SILVER;PERSONAL CARE
20195463;;F;22;CHILENO;;Z;N/D;N/D;29990;1;1;1;1;29990;0;0;0;ALISADOR +SECADOR PELO;PERSONAL CARE
19000045;Soltero;F;27;CHILENO;;Millenial;PROVIDENCIA                   ;METROPOLITANA;27990;1;1;0;0;0;1;1;27990;CORTA PELO SG-8410;PERSONAL CARE
12289696;;M;49;CHILENO;;X;EL TABO                       ;VALPARAISO;39990;1;3;0;0;0;1;3;39990;TRICOMBO SECADOR+ALISADOR+ONDULAD;PERSONAL CARE
16304833;;M;36;CHILENO;;Millenial;ARAUCO                        ;BIO BIO;263960;4;3;0;0;0;4;3;263960;ALISADOR DE PELO S12A(220) Shine Therapy PALTA M;PERSONAL CARE
17354295;;F;37;CHILENO;;Millenial;"";"";25240;2;1;0;0;0;2;1;25240;ALISADOR +SECADOR PELO;PERSONAL CARE
5554898;;M;71;CHILENO;;Silencioso;TALCAHUANO                    ;BIO BIO;19990;1;1;0;0;0;1;1;19990;AFEITADORA SG-7210 NEGRO;PERSONAL CARE
15927910;;F;37;CHILENO;;Millenial;PENCO                         ;BIO BIO;26990;1;1;0;0;0;1;1;26990;SECADOR DE PELO SG-3049 NEGRO;PERSONAL CARE
9456894;;F;62;CHILENO;;Boomers;RENCA                         ;METROPOLITANA;44990;1;1;0;0;0;1;1;44990;ALISADOR X-WIDE DIGITAL KERATION;PERSONAL CARE
10014234;;M;52;CHILENO;;X;SAN PEDRO DE LA PAZ;BIO-BIO;26990;1;1;0;0;0;1;1;26990;SECADOR DE PELO SG-3049 NEGRO;PERSONAL CARE
18554744;;F;28;CHILENO;;Millenial;NATALES                       ;MAGALLANES;21990;1;1;0;0;0;1;1;21990;Secador de Pelo 3000 Series Philips BHD340/10;PERSONAL CARE
16384993;;F;35;CHILENO;;Millenial;ESTACION CENTRAL              ;METROPOLITANA;18990;1;1;0;0;0;1;1;18990;KIT CORTABARBA MG3711;PERSONAL CARE
17130714;;M;33;CHILENO;;Millenial;PROVIDENCIA                   ;METROPOLITANA;16140;2;1;0;0;0;2;1;16140;Lapiz recortador para retoques Philips HP6389/00;PERSONAL CARE
19232215;;F;26;CHILENO;;Z;PEDRO AGUIRRE CERDA           ;METROPOLITANA;196940;6;3;6;3;196940;0;0;0;SECADOR DE PELO MISTRAL STD;PERSONAL CARE
25737614;;F;39;COLOMBIANO;;Extranjero;ANTOFAGASTA                   ;ANTOFAGASTA;786830;6;4;0;0;0;6;4;786830;ALISADOR DE PELO S6300 GRIS;PERSONAL CARE
13471477;;F;44;CHILENO;;X;TEMUCO                        ;ARAUCANIA;60450;2;1;0;0;0;2;1;60450;ALISADOR X-WIDE DIGITAL KERATION;PERSONAL CARE
5320443;;F;77;CHILENO;;Silencioso;CALERA                        ;VALPARAISO;39350;2;1;0;0;0;2;1;39350;AFEITADORA S1121/41 ELECTRICA;PERSONAL CARE
19249435;Soltero;F;26;CHILENO;;Z;PROVIDENCIA                   ;METROPOLITANA;19990;1;1;0;0;0;1;1;19990;SECADOR DE PELO SIEGEN SG-3035;PERSONAL CARE
25658162;Soltero;M;39;BOLIVIANO;;Extranjero;TOCOPILLA                     ;ANTOFAGASTA;243960;4;3;0;0;0;4;3;243960;ALISADOR SG-3510C12 BLANCO;PERSONAL CARE
11746369;;M;51;CHILENO;;X;SAN BERNARDO                  ;METROPOLITANA;24990;1;1;0;0;0;1;1;24990;AFEITADORA SPORT SH 886 BAT;PERSONAL CARE
12932779;;F;49;CHILENO;;X;PUERTO MONTT                  ;LOS LAGOS;25140;2;1;0;0;0;2;1;25140;CORTA PELO SG-8410;PERSONAL CARE
13056657;;M;45;CHILENO;;X;PROVIDENCIA                   ;METROPOLITANA;34990;1;1;0;0;0;1;1;34990;COMBO GAMA SECADOR+ALISADOR+CEPILLO;PERSONAL CARE
11292898;;F;54;CHILENO;;X;VILLA ALEMANA                 ;VALPARAISO;51980;2;2;0;0;0;2;2;51980;SECADOR DE PELO SG-3049 NEGRO;PERSONAL CARE
12964663;;F;45;CHILENO;;X;LINARES                       ;MAULE;24990;1;1;0;0;0;1;1;24990;SECADOR DE PELO SG-3051;PERSONAL CARE
17669572;;F;31;CHILENO;;Millenial;CAUQUENES                     ;MAULE;40990;1;2;0;0;0;1;2;40990;ALISADOR REMIG. WET2 S27A (BV) R;PERSONAL CARE
13219955;;F;44;CHILENO;;X;N/D;N/D;140960;4;3;0;0;0;4;3;140960;AFEITADORA SG-7210 NEGRO;PERSONAL CARE
14126934;;F;41;CHILENO;;X;SANTIAGO                      ;METROPOLITANA;94450;5;3;2;1;93980;3;2;470;DEPILADORA IPL MAGNA PK;PERSONAL CARE
19397400;;F;25;CHILENO;;Z;ANTOFAGASTA                   ;ANTOFAGASTA;222460;4;3;2;1;190480;2;2;31980;SECADOR GAMA BORA KERATION;PERSONAL CARE
18410898;Soltero;F;29;CHILENO;;Millenial;PROVIDENCIA                   ;METROPOLITANA;29990;1;1;1;1;29990;0;0;0;ALISADOR DE PELO SG-3540 MORADO MORADO;PERSONAL CARE
8386465;;F;60;CHILENO;;Boomers;VALLENAR;ATACAMA;21990;1;1;0;0;0;1;1;21990;SECADOR DE PELO SIEGEN SG-3035;PERSONAL CARE
16873509;Soltero;F;34;CHILENO;;Millenial;VICUNA                        ;COQUIMBO;50960;4;2;0;0;0;4;2;50960;ALISADOR +SECADOR PELO;PERSONAL CARE
17241189;;F;32;CHILENO;;Millenial;PUERTO MONTT                  ;LOS LAGOS;32980;2;2;0;0;0;2;2;32980;ALISADOR DE PELO SG-3510 FUCSIA;PERSONAL CARE
15352540;;F;39;CHILENO;;X;SAN BERNARDO                  ;METROPOLITANA;24990;1;1;0;0;0;1;1;24990;CORTA PELO SG-8410;PERSONAL CARE
14018940;;F;41;CHILENO;;X;"";"";106980;2;2;0;0;0;2;2;106980;CORTA PELO SPORT GCX 623 BVT;PERSONAL CARE
18679637;Soltero;F;28;CHILENO;;Millenial;PROVIDENCIA                   ;METROPOLITANA;34990;1;1;0;0;0;1;1;34990;TRICOMBO SECADOR+ALISADOR+ONDULADOR;PERSONAL CARE
12202615;;F;50;CHILENO;;X;ANCUD                         ;LOS LAGOS;21990;1;1;0;0;0;1;1;21990;SECADOR DE PELO SIEGEN SG-3035;PERSONAL CARE
8863618;;F;61;CHILENO;;Boomers;RENCA                         ;METROPOLITANA;19990;1;1;0;0;0;1;1;19990;SECADOR DE PELO SIEGEN SG-3035;PERSONAL CARE
17409702;;M;32;CHILENO;;Millenial;VICUNA                        ;COQUIMBO;161971;4;3;0;0;0;4;3;161971;SECADOR GAMA BORA KERATION;PERSONAL CARE
9548871;;F;59;CHILENO;;Boomers;MAIPU                         ;METROPOLITANA;16990;1;1;0;0;0;1;1;16990;SECADOR DE PELO MISTRAL STD;PERSONAL CARE
15114485;;F;40;CHILENO;;X;N/D;N/D;81960;4;2;0;0;0;4;2;81960;DEPILADORA SG-9004;PERSONAL CARE
14618349;;M;41;CHILENO;;X;VICTORIA                      ;ARAUCANIA;113150;5;1;0;0;0;5;1;113150;ALISADOR DE PELO S12A(220) Shine Therapy PALTA M;PERSONAL CARE
18247133;Soltero;F;30;CHILENO;TECNOLOGO MEDICO;Millenial;PROVIDENCIA                   ;METROPOLITANA;21990;1;1;0;0;0;1;1;21990;SECADOR DE PELO SIEGEN SG-3035;PERSONAL CARE
17972825;Soltero;F;31;CHILENO;;Millenial;PANGUIPULLI                   ;LOS LAGOS;391970;3;3;0;0;0;3;3;391970;Secador de Pelo 3000 Series Philips BHD340/10;PERSONAL CARE
13580067;;M;43;CHILENO;;X;PROVIDENCIA                   ;METROPOLITANA;38990;1;1;0;0;0;1;1;38990;AFEITADORA SG-7250 NEGRO;PERSONAL CARE
8631969;;M;60;CHILENO;;Boomers;VINA DEL MAR                  ;VALPARAISO;185070;9;5;0;0;0;9;5;185070;DEPILADORA SG-9040;PERSONAL CARE
6015939;;F;70;CHILENO;;Silencioso;COPIAPO                       ;ATACAMA;131970;3;3;0;0;0;3;3;131970;CORTA PELO SG-8200;PERSONAL CARE
8161081;;F;64;CHILENO;;Boomers;NUEVA IMPERIAL                ;ARAUCANIA;364460;6;5;0;0;0;6;5;364460;ALISADOR DE PELO SG-3540 MORADO MORADO;PERSONAL CARE
15653148;;F;38;CHILENO;;X;PADRE LAS CASAS               ;ARAUCANIA;89980;2;2;0;0;0;2;2;89980;SECADOR DE PELO SG-3051;PERSONAL CARE
10309670;;M;56;CHILENO;;Boomers;CURICO                        ;MAULE;89990;1;1;0;0;0;1;1;89990;DEPILADORA IPL MAGNA PK;PERSONAL CARE
8420984;;M;64;CHILENO;;Boomers;MELIPILLA                     ;METROPOLITANA;439980;2;2;0;0;0;2;2;439980;DEPILADORA OASIS SENSATION;PERSONAL CARE
9740480;;F;61;CHILENO;;Boomers;OVALLE                        ;COQUIMBO;19990;1;1;0;0;0;1;1;19990;SECADOR GAMA BRILLIAN AQUA;PERSONAL CARE
10325532;;M;53;CHILENO;;X;LOTA                          ;BIO BIO;86390;6;3;0;0;0;6;3;86390;ALISADOR SG-3510C11 VERDE;PERSONAL CARE
19683718;;M;25;CHILENO;;Z;PROVIDENCIA                   ;METROPOLITANA;18990;1;1;0;0;0;1;1;18990;SECADOR DE VIAJE REMINGTON D2400;PERSONAL CARE
9320812;;M;60;CHILENO;;Boomers;CHILLAN                       ;BIO BIO;234710;9;2;0;0;0;9;2;234710;ALISADOR CP14 Titanio D 4D Bvt.;PERSONAL CARE
10520074;;F;50;CHILENO;;X;OVALLE                        ;COQUIMBO;74970;3;3;0;0;0;3;3;74970;CORTA PELO HC3520;PERSONAL CARE
15418381;;M;39;CHILENO;;X;PUENTE ALTO                   ;METROPOLITANA;48980;2;1;0;0;0;2;1;48980;CORTAPELOS GM 596;PERSONAL CARE
11986672;;M;49;CHILENO;;X;PUNTA ARENAS;MAGALLANES;39990;1;1;0;0;0;1;1;39990;AFEITADORA S1323/41 ELECTRICA;PERSONAL CARE
18734650;;F;28;CHILENO;;Millenial;N/D;N/D;17990;1;1;0;0;0;1;1;17990;SECADOR DE PELO SG-3043 DC CAFE 2200 WATTS;PERSONAL CARE
7644272;;F;64;CHILENO;;Boomers;SAN VICENTE                   ;L.G.B.OÂ´HIGGINS;22990;1;1;0;0;0;1;1;22990;AFEITADORA SG-7210 NEGRO;PERSONAL CARE
12760137;;M;47;CHILENO;;X;CASTRO                        ;LOS LAGOS;14990;1;1;0;0;0;1;1;14990;CORTA PELO SPORT GC 542 BVT;PERSONAL CARE
20144164;;F;23;CHILENO;;Z;PROVIDENCIA                   ;METROPOLITANA;29990;1;1;1;1;29990;0;0;0;DEPILADORA BRE255/00;PERSONAL CARE
17839696;Soltero;F;30;CHILENO;MATRONA;Millenial;PROVIDENCIA                   ;METROPOLITANA;26980;2;1;0;0;0;2;1;26980;Secador de Pelo 3000 Series Philips BHD302/00;PERSONAL CARE
13387632;;F;43;CHILENO;;X;LOS ANGELES                   ;BIO BIO;154980;2;2;0;0;0;2;2;154980;ALISADOR AQUA THERAPY LED;PERSONAL CARE
11544238;;M;51;CHILENO;;X;N/D;N/D;37980;2;1;0;0;0;2;1;37980;ALISADOR DE PELO SG-3510 FUCSIA;PERSONAL CARE
18120246;;F;30;CHILENO;;Millenial;PROVIDENCIA                   ;METROPOLITANA;38980;2;1;2;1;38980;0;0;0;TRICOMBO SECADOR+ALISADOR+ONDULADOR;PERSONAL CARE
19088924;;M;27;CHILENO;;Z;HUALPEN;BIO-BIO;205830;3;2;2;1;155840;1;1;49990;COMBO SIEGEN AFEITADORA + MULTISTYLER SG-8440;PERSONAL CARE
19554539;;F;25;CHILENO;;Z;VALDIVIA                      ;LOS RIOS;16990;1;1;0;0;0;1;1;16990;CORTAPELO GAMA MG 566;PERSONAL CARE
16400257;;F;36;CHILENO;;Millenial;HIJUELAS                      ;VALPARAISO;19990;1;1;0;0;0;1;1;19990;DEPILADORA BRE225/00;PERSONAL CARE
9887217;;M;59;CHILENO;;Boomers;VALLENAR;ATACAMA;49990;1;1;0;0;0;1;1;49990;COMBO SIEGEN AFEITADORA + MULTISTYLER SG-8440;PERSONAL CARE
18082965;;F;29;CHILENO;;Millenial;N/D;N/D;37980;2;1;2;1;37980;0;0;0;TRICOMBO SECADOR+ALISADOR+ONDULADOR;PERSONAL CARE
20114741;;M;23;CHILENO;;Z;N/D;N/D;29990;1;1;0;0;0;1;1;29990;TRICOMBO SECADOR+ALISADOR+ONDULADOR;PERSONAL CARE
5822319;;M;69;CHILENO;;Silencioso;LLAILLAY                      ;VALPARAISO;21990;1;1;0;0;0;1;1;21990;SECADOR DE PELO DIVA NEGRO;PERSONAL CARE
12824916;;F;47;CHILENO;;X;VINA DEL MAR                  ;VALPARAISO;204980;2;3;0;0;0;2;3;204980;CORTAPELOS GM 596;PERSONAL CARE
16454783;;M;35;CHILENO;;Millenial;TALCA;MAULE;60970;3;1;3;1;60970;0;0;0;ALISADOR DE PELO SG-3540 MORADO MORADO;PERSONAL CARE
14396718;;M;43;CHILENO;;X;SAN BERNARDO                  ;METROPOLITANA;22990;1;1;0;0;0;1;1;22990;AFEITADORA SG-7210 NEGRO;PERSONAL CARE
15917983;;M;37;CHILENO;;Millenial;N/D;N/D;59980;2;2;0;0;0;2;2;59980;DEPILADORA BRE700/00 MID-END CLOSED BOX;PERSONAL CARE
18965915;Soltero;F;29;CHILENO;;Millenial;RENCA                         ;METROPOLITANA;12990;1;1;0;0;0;1;1;12990;SECADOR DE PELO SG-3012 NEGRO;PERSONAL CARE
14091924;;F;41;CHILENO;;X;N/D;N/D;9990;1;1;0;0;0;1;1;9990;SECADOR PHILIPS BHC010;PERSONAL CARE
6466332;;F;71;CHILENO;;Silencioso;ANTOFAGASTA                   ;ANTOFAGASTA;24990;1;1;0;0;0;1;1;24990;CORTA PELO SPORT GCX 623 BVT;PERSONAL CARE
19848408;;F;24;CHILENO;;Z;N/D;N/D;19990;1;1;0;0;0;1;1;19990;DEPILADORA BRE225/00;PERSONAL CARE
18180922;;F;30;CHILENO;;Millenial;PROVIDENCIA                   ;METROPOLITANA;34990;1;1;0;0;0;1;1;34990;COMBO GAMA SECADOR+ALISADOR+CEPILLO;PERSONAL CARE
11395795;;F;52;CHILENO;;X;RENCA                         ;METROPOLITANA;57970;6;2;0;0;0;6;2;57970;AFEITADORA S1121/41 ELECTRICA;PERSONAL CARE
17119872;;F;33;CHILENO;;Millenial;LA LIGUA                      ;VALPARAISO;160970;3;2;2;1;144980;1;1;15990;CORTAPELO GAMA TITANIUM T827;PERSONAL CARE
7033271;;F;66;CHILENO;;Boomers;"";"";23990;1;1;0;0;0;1;1;23990;DEPILADORA GAMA ESSENCIAL;PERSONAL CARE
6278086;Soltero;F;68;CHILENO;PROFESOR;Boomers;PROVIDENCIA                   ;METROPOLITANA;18990;1;1;0;0;0;1;1;18990;SECADOR DE VIAJE REMINGTON D2400;PERSONAL CARE
9316568;;F;58;CHILENO;;Boomers;CALERA                        ;VALPARAISO;76980;4;2;0;0;0;4;2;76980;Lapiz recortador para retoques Philips HP6389/00;PERSONAL CARE
15651410;;F;39;CHILENO;;X;TEMUCO                        ;ARAUCANIA;12990;1;1;0;0;0;1;1;12990;SECADOR DE PELO SG-3012 NEGRO;PERSONAL CARE
6512646;;M;72;CHILENO;;Silencioso;RENCA                         ;METROPOLITANA;32990;1;1;0;0;0;1;1;32990;AFEITADORA S1223/41 ELECTRICA;PERSONAL CARE
19512416;;F;24;CHILENO;;Z;CURANILAHUE                   ;BIO BIO;49990;1;1;0;0;0;1;1;49990;ALISADOR DE PELO S12A(220) Shine Therapy PALTA M;PERSONAL CARE
17165874;;F;33;CHILENO;;Millenial;PROVIDENCIA                   ;METROPOLITANA;24990;1;1;0;0;0;1;1;24990;ALISADOR ELEGANCE LED BLOOM VT;PERSONAL CARE
10656620;;F;57;CHILENO;;Boomers;MELIPILLA                     ;METROPOLITANA;14990;1;1;0;0;0;1;1;14990;CORTAPELO GAMA MG 566;PERSONAL CARE
20574993;;M;21;CHILENO;;Z;PANGUIPULLI                   ;LOS RIOS;15980;2;1;0;0;0;2;1;15980;SECADOR GAMA EOLIC MINI TRAVEL;PERSONAL CARE
16220165;;M;37;CHILENO;;Millenial;"";"";59980;2;1;0;0;0;2;1;59980;DEPILADORA BRE700/00 MID-END CLOSED BOX;PERSONAL CARE
19653305;;F;24;CHILENO;;Z;PROVIDENCIA                   ;METROPOLITANA;36990;1;1;1;1;36990;0;0;0;Pack depiladoras HP6306/00 + BRE225/00;PERSONAL CARE
16310900;;M;34;CHILENO;;Millenial;SAN FERNANDO                  ;L.G.B.OÂ´HIGGINS;79980;2;2;0;0;0;2;2;79980;CORTA PELO SG-8410;PERSONAL CARE
9163379;Casado;F;60;CHILENO;;Boomers;RENCA                         ;METROPOLITANA;9990;1;1;0;0;0;1;1;9990;SECADOR GAMA EOLIC MINI TRAVEL;PERSONAL CARE
18199411;;F;30;CHILENO;;Millenial;BULNES                        ;BIO BIO;181470;3;2;0;0;0;3;2;181470;Pack depiladoras HP6306/00 + BRE225/00;PERSONAL CARE
17510430;;M;33;CHILENO;;Millenial;N/D;N/D;46980;2;2;0;0;0;2;2;46980;SECADOR DE PELO SE-3049C01 FUCSIA;PERSONAL CARE
10517727;;M;55;CHILENO;;Boomers;PAINE                         ;METROPOLITANA;34980;2;3;0;0;0;2;3;34980;CORTA PELO SG-8410;PERSONAL CARE
11693109;;F;51;CHILENO;;X;RENCA                         ;METROPOLITANA;49990;1;1;0;0;0;1;1;49990;ALISADOR DE PELO S12A(220) Shine Therapy PALTA M;PERSONAL CARE
19579406;;M;24;CHILENO;;Z;CANETE                        ;BIO BIO;1515420;8;3;0;0;0;8;3;1515420;AFEITADORA SG-7250 NEGRO;PERSONAL CARE
15647186;;F;38;CHILENO;;X;PROVIDENCIA                   ;METROPOLITANA;69230;3;2;0;0;0;3;2;69230;DEPILADORA BRE285/00 CONVENCIONAL;PERSONAL CARE
15086743;;M;41;CHILENO;;X;RENCA                         ;METROPOLITANA;1417970;5;2;0;0;0;5;2;1417970;AFEITADORA GAMA SH 860;PERSONAL CARE
26663717;;F;33;VENEZOLANO;;Extranjero;SAN PEDRO DE LA PAZ           ;BIO BIO;39990;1;1;1;1;39990;0;0;0;ALISADOR DE PELO S12A(220) Shine Therapy PALTA M;PERSONAL CARE
8781670;;F;62;CHILENO;;Boomers;CURANILAHUE                   ;BIO BIO;38990;1;2;0;0;0;1;2;38990;ALISADOR REMIG. WET2 S27A (BV) R;PERSONAL CARE
9293407;;F;55;CHILENO;;Boomers;RENCA                         ;METROPOLITANA;23990;1;1;0;0;0;1;1;23990;SECADOR TEMPO TITAN KERATIN;PERSONAL CARE
13206991;;F;44;CHILENO;;X;CAUQUENES                     ;MAULE;146970;5;3;0;0;0;5;3;146970;CORTA PELO SG-8200;PERSONAL CARE
14555688;;F;47;CHILENO;;Boomers;RECOLETA                      ;METROPOLITANA;149980;2;1;0;0;0;2;1;149980;DEPILADORA IPL MAGNA PK;PERSONAL CARE
20061613;;F;22;CHILENO;;Z;PROVIDENCIA                   ;METROPOLITANA;16990;1;1;0;0;0;1;1;16990;CORTA PELO SPORT GC 542 BVT;PERSONAL CARE
13921647;;F;42;CHILENO;;X;PUENTE ALTO                   ;METROPOLITANA;44990;1;1;0;0;0;1;1;44990;COMBO SIEGEN AFEITADORA + MULTISTYLER SG-8440;PERSONAL CARE
11929791;;F;49;CHILENO;;X;RENCA                         ;METROPOLITANA;24990;1;1;0;0;0;1;1;24990;COMBO GAMA DEPILADORA+SET MANICURE;PERSONAL CARE
11990397;;F;50;CHILENO;;X;VILLA ALEMANA                 ;VALPARAISO;49990;1;1;0;0;0;1;1;49990;ALISADOR DE PELO SG-4651 ROJO;PERSONAL CARE
17995099;;F;30;CHILENO;;Millenial;VINA DEL MAR                  ;VALPARAISO;34990;1;1;0;0;0;1;1;34990;DEPILADORA BRE285/00 CONVENCIONAL;PERSONAL CARE
6195013;;M;69;CHILENO;;Silencioso;LA LIGUA                      ;VALPARAISO;175970;3;2;0;0;0;3;2;175970;CORTAPELO GAMA TITANIUM T827;PERSONAL CARE
13771464;;M;41;CHILENO;;X;RENCA                         ;METROPOLITANA;21990;1;1;0;0;0;1;1;21990;ALISADOR GAMA BELLA SHINE;PERSONAL CARE
10270762;;F;57;CHILENO;;Boomers;DALCAHUE                      ;LOS LAGOS;36990;1;1;0;0;0;1;1;36990;AFEITADORA SH 887 WD BAT;PERSONAL CARE
13000631;;M;45;CHILENO;;X;PUNTA ARENAS                  ;MAGALLANES;34990;1;1;0;0;0;1;1;34990;ALISADOR DE PELO S12A(220) Shine Therapy PALTA M;PERSONAL CARE
18559806;;F;28;CHILENO;;Millenial;N/D;N/D;45782;2;2;0;0;0;2;2;45782;CORTAPELO GAMA MG 566;PERSONAL CARE
19373323;Soltero;F;26;CHILENO;;Z;PROVIDENCIA                   ;METROPOLITANA;25980;2;1;2;1;25980;0;0;0;SECADOR PHILIPS BHD272;PERSONAL CARE
20198388;;M;23;CHILENO;;Z;PROVIDENCIA                   ;METROPOLITANA;19990;1;1;1;1;19990;0;0;0;DEPILADORA BRE225/00;PERSONAL CARE
17293613;;F;33;CHILENO;;Millenial;LA SERENA                     ;COQUIMBO;29990;1;1;0;0;0;1;1;29990;ALISADOR AQUA THERAPY LED;PERSONAL CARE
15730071;Soltero;F;38;CHILENO;;Millenial;N/D;N/D;99990;1;1;0;0;0;1;1;99990;DEPILADORA IPL MAGNA PK;PERSONAL CARE
19601155;;M;25;CHILENO;;Z;RANCAGUA                      ;L.G.B.OÂ´HIGGINS;634590;11;4;7;1;291040;4;3;343550;KIT CORTABARBA MG3731;PERSONAL CARE
15818208;;F;37;CHILENO;;Z;PROVIDENCIA                   ;METROPOLITANA;29990;1;1;0;0;0;1;1;29990;DEPILADORA SG-9004EX;PERSONAL CARE
10713436;Soltero;F;53;CHILENO;CONTADOR AUDITOR;X;RENCA                         ;METROPOLITANA;62980;2;2;0;0;0;2;2;62980;AFEITADORA S1223/41 ELECTRICA;PERSONAL CARE
19973024;;M;23;CHILENO;;Z;AISEN                         ;AYSEN;38980;2;1;0;0;0;2;1;38980;DEPILADORA GAMA ESSENCIAL;PERSONAL CARE
6222639;;M;69;CHILENO;;Silencioso;N/D;N/D;0;0;2;0;0;0;0;2;0;AFEITADORA S1121/41 ELECTRICA;PERSONAL CARE
18456017;;M;29;CHILENO;;Extranjero;MELIPILLA                     ;METROPOLITANA;53980;2;1;0;0;0;2;1;53980;ALISADOR DE PELO S12A(220) Shine Therapy PALTA M;PERSONAL CARE
27169023;;F;35;EXTRANJERO - NO INFORMA NACIONALIDAD;;Extranjero;N/D;N/D;40840;2;1;2;1;40840;0;0;0;TRICOMBO SECADOR+ALISADOR+ONDULADOR;PERSONAL CARE
14006133;;M;42;CHILENO;;X;LA CISTERNA                   ;METROPOLITANA;127960;3;1;3;1;127960;0;0;0;DEPILADORA IPL Verina Bvt;PERSONAL CARE
12451130;;M;49;CHILENO;;X;N/D;N/D;1178930;7;5;0;0;0;7;5;1178930;TRICOMBO SECADOR+ALISADOR+ONDULADOR;PERSONAL CARE
4355412;;M;80;CHILENO;;Silencioso;TALCAHUANO                    ;BIO BIO;17990;1;1;0;0;0;1;1;17990;AFEITADORA SPORT;PERSONAL CARE
19997813;;F;23;CHILENO;;Z;CURICO;MAULE;11990;1;1;0;0;0;1;1;11990;SECADOR DE PELO SIEGEN SG-3012C08;PERSONAL CARE
18321196;;F;30;CHILENO;;Millenial;MOLINA                        ;MAULE;44980;2;2;0;0;0;2;2;44980;SPA PARA PIES SG-1560;PERSONAL CARE
14540970;;F;43;CHILENO;;X;"";"";14990;1;1;0;0;0;1;1;14990;CORTA PELO SG-8200;PERSONAL CARE
15650966;;M;42;CHILENO;;X;PUERTO MONTT                  ;LOS LAGOS;106952;5;1;0;0;0;5;1;106952;COMBO SIEGEN AFEITADORA + MULTISTYLER SG-8440;PERSONAL CARE
19507891;;F;25;CHILENO;;Z;PROVIDENCIA                   ;METROPOLITANA;34990;1;1;1;1;34990;0;0;0;Pack depiladoras HP6306/00 + BRE225/00;PERSONAL CARE
17925601;;F;30;CHILENO;;Millenial;N/D;N/D;69980;2;1;2;1;69980;0;0;0;ALISADOR DE PELO S12A(220) Shine Therapy PALTA M;PERSONAL CARE
13497682;;F;43;CHILENO;;X;N/D;N/D;45140;2;1;0;0;0;2;1;45140;ALISADOR DE PELO S12A(220) Shine Therapy PALTA M;PERSONAL CARE
17235535;Soltero;F;32;CHILENO;;Millenial;PROVIDENCIA                   ;METROPOLITANA;12990;1;1;1;1;12990;0;0;0;Trimmer Gama GT 527;PERSONAL CARE
13489158;;F;44;CHILENO;;X;LA GRANJA                     ;METROPOLITANA;159920;8;4;0;0;0;8;4;159920;DEPILADORA BRE225/00;PERSONAL CARE
18992540;;M;27;CHILENO;;Extranjero;PROVIDENCIA                   ;METROPOLITANA;29990;1;1;0;0;0;1;1;29990;TRICOMBO SECADOR+ALISADOR+ONDULADOR;PERSONAL CARE
20093663;;F;23;CHILENO;;Z;PROVIDENCIA                   ;METROPOLITANA;14990;1;1;1;1;14990;0;0;0;DEPILADORA SG-9003;PERSONAL CARE
12939749;;F;46;CHILENO;;X;PROVIDENCIA                   ;METROPOLITANA;34990;1;1;0;0;0;1;1;34990;CORTADOR DE PELO SIEGEN SG-8590;PERSONAL CARE
16226429;;F;36;CHILENO;;Millenial;SAN ANTONIO                   ;VALPARAISO;30140;2;1;0;0;0;2;1;30140;DEPILADORA OASIS LOOK BVT;PERSONAL CARE
11401635;;F;52;CHILENO;;X;QUILPUE                       ;VALPARAISO;26990;1;1;0;0;0;1;1;26990;DEPILADORA SG-9004;PERSONAL CARE
11422491;;F;53;CHILENO;;X;OVALLE                        ;COQUIMBO;21990;1;1;0;0;0;1;1;21990;ALISADOR GAMA BELLA SHINE;PERSONAL CARE
17387034;;M;32;CHILENO;;Millenial;N/D;N/D;20990;1;1;0;0;0;1;1;20990;Secador de Pelo 3000 Series Philips BHD340/10;PERSONAL CARE
14140618;;F;40;CHILENO;;X;N/D;N/D;39990;1;1;1;1;39990;0;0;0;DEPILADORA OASIS SENSATION;PERSONAL CARE
17991037;;F;32;CHILENO;;Extranjero;VICTORIA                      ;ARAUCANIA;14990;1;1;0;0;0;1;1;14990;ONDULADOR GAMA 33MM TURMALINA;PERSONAL CARE
20231691;;F;23;CHILENO;;Millenial;N/D;N/D;13980;2;2;0;0;0;2;2;13980;SECADOR GAMA EOLIC MINI TRAVEL;PERSONAL CARE
18154544;;F;30;CHILENO;;Millenial;PORTEZUELO                    ;BIO BIO;23990;1;1;0;0;0;1;1;23990;SECADOR DE PELO SE-3049C01 FUCSIA;PERSONAL CARE
18008939;;F;30;CHILENO;;Millenial;PROVIDENCIA                   ;METROPOLITANA;21990;1;1;0;0;0;1;1;21990;DEPILADORA SG-9003;PERSONAL CARE
12508382;;F;49;CHILENO;;X;COLINA                        ;METROPOLITANA;79960;4;2;0;0;0;4;2;79960;DEPILADORA BRE225/00;PERSONAL CARE
20316056;;F;21;CHILENO;;Z;N/D;N/D;45540;2;1;2;1;45540;0;0;0;ALISADOR ELEGANCE W L IT 3D BLUE BVT;PERSONAL CARE
18591108;Soltero;M;28;CHILENO;;Millenial;PROVIDENCIA                   ;METROPOLITANA;658970;3;2;2;1;636980;1;1;21990;SECADOR TEMPO TITAN KERATIN;PERSONAL CARE
11966036;Casado;F;50;CHILENO;;X;RENCA                         ;METROPOLITANA;46980;2;3;0;0;0;2;3;46980;DEPILADORA SG-9004;PERSONAL CARE
10999247;;M;52;CHILENO;;X;QUILPUE                       ;VALPARAISO;34990;1;1;0;0;0;1;1;34990;DEPILADORA BRE255/00;PERSONAL CARE
16807540;;F;34;CHILENO;;Millenial;SANTIAGO                      ;METROPOLITANA;38980;2;1;0;0;0;2;1;38980;COMBO GAMA DEPILADORA+SET MANICURE;PERSONAL CARE
19833758;;M;23;CHILENO;;Z;N/D;N/D;47980;2;1;0;0;0;2;1;47980;ALISADOR DE PELO SG-3540 MORADO MORADO;PERSONAL CARE
25051366;;F;28;COLOMBIANO;;Extranjero;PROVIDENCIA                   ;METROPOLITANA;198980;3;2;0;0;0;3;2;198980;SECADOR GAMA BORA KERATION;PERSONAL CARE
11745909;;F;51;CHILENO;;X;LINARES                       ;MAULE;9990;1;1;0;0;0;1;1;9990;ONDULADOR DE PELO SG-2411 25MM;PERSONAL CARE
16447856;;F;35;CHILENO;;Millenial;CHILLAN;BIO-BIO;205830;3;2;3;2;205830;0;0;0;ALISADOR DE PELO S12A(220) Shine Therapy PALTA M;PERSONAL CARE
19758732;;M;25;CHILENO;;Z;PUERTO MONTT                  ;LOS LAGOS;29990;1;1;0;0;0;1;1;29990;AFEITADORA SG-7250 NEGRO;PERSONAL CARE
6990012;;F;71;CHILENO;;Silencioso;EL BOSQUE                     ;METROPOLITANA;44990;1;1;0;0;0;1;1;44990;ALISADOR SIEGEN SG-4716;PERSONAL CARE
13731130;;M;43;CHILENO;;X;SAN VICENTE                   ;L.G.B.OÂ´HIGGINS;24990;1;1;0;0;0;1;1;24990;CORTA PELO SG-8520;PERSONAL CARE
12081001;;M;47;CHILENO;;X;CONSTITUCION                  ;MAULE;34990;1;1;0;0;0;1;1;34990;COMBO SIEGEN AFEITADORA + MULTISTYLER SG-8440;PERSONAL CARE
15703638;;F;38;CHILENO;;X;N/D;N/D;36980;2;1;0;0;0;2;1;36980;SECADOR DE PELO SE-3049C01 FUCSIA;PERSONAL CARE
11535614;;M;52;CHILENO;;X;RENCA                         ;METROPOLITANA;24990;1;1;0;0;0;1;1;24990;ALISADOR +SECADOR PELO;PERSONAL CARE
13684351;;M;42;CHILENO;;X;PROVIDENCIA                   ;METROPOLITANA;38980;2;1;2;1;38980;0;0;0;Pack depiladoras HP6306/00 + BRE225/00;PERSONAL CARE
20414867;;M;22;CHILENO;;Z;ANTOFAGASTA;ANTOFAGASTA;45982;2;3;0;0;0;2;3;45982;ALISADOR DE PELO SG-3512D1 ROSA;PERSONAL CARE
26819062;;M;30;VENEZOLANO;;Extranjero;PROVIDENCIA                   ;METROPOLITANA;39990;1;1;0;0;0;1;1;39990;ALISADOR DE PELO S12A(220) Shine Therapy PALTA M;PERSONAL CARE
13626405;;F;43;CHILENO;;X;PROVIDENCIA                   ;METROPOLITANA;19990;1;1;0;0;0;1;1;19990;AFEITADORA SG-7210 NEGRO;PERSONAL CARE
13988617;;F;40;CHILENO;;X;PROVIDENCIA                   ;METROPOLITANA;-63000;0;2;0;2;-63000;0;0;0;CORTADOR DE PELO PACL GC 542 Sport Bat GT 527;PERSONAL CARE
7942699;;M;64;CHILENO;;Boomers;RENCA                         ;METROPOLITANA;12990;1;1;0;0;0;1;1;12990;CORTA PELO SG-8200;PERSONAL CARE
20063256;;F;23;CHILENO;;Z;PUDAHUEL                      ;METROPOLITANA;19990;1;1;0;0;0;1;1;19990;ALISADOR DE PELO S6300 GRIS;PERSONAL CARE
16192598;;F;36;CHILENO;;Millenial;MAIPU                         ;METROPOLITANA;91950;5;2;5;2;91950;0;0;0;COMBO GAMA DEPILADORA+SET MANICURE;PERSONAL CARE
17809824;Soltero;F;31;CHILENO;TECNICO DE NIVEL SUPERIOR EN ENFERMERIA;Millenial;PROVIDENCIA                   ;METROPOLITANA;15990;1;1;1;1;15990;0;0;0;SECADOR GAMA BRILLIAN AQUA;PERSONAL CARE
19242272;Soltero;F;26;CHILENO;TECNICO EN PREVENCION DE RIESGOS;Z;PROVIDENCIA                   ;METROPOLITANA;23990;1;1;0;0;0;1;1;23990;SECADOR DE PELO SE-3049C01 FUCSIA;PERSONAL CARE
20170237;;F;22;CHILENO;;Z;PROVIDENCIA                   ;METROPOLITANA;36990;1;1;1;1;36990;0;0;0;ALISADOR DE PELO I X-WIDE ST TITAN KERATIN GRIS;PERSONAL CARE
18951691;;F;27;CHILENO;;Z;N/D;N/D;14990;1;1;0;0;0;1;1;14990;ONDULADOR DE PELO SG-2411 25MM;PERSONAL CARE
12756879;;M;46;CHILENO;;X;N/D;N/D;73980;2;1;0;0;0;2;1;73980;ALISADOR DE PELO SG-4651 ROJO;PERSONAL CARE
11697340;Casado;M;51;CHILENO;;X;RENCA                         ;METROPOLITANA;57980;2;2;0;0;0;2;2;57980;KIT CORTABARBA MG3711;PERSONAL CARE
26611035;;F;41;VENEZOLANO;;Extranjero;N/D;N/D;24990;1;1;0;0;0;1;1;24990;ALISADOR DE PELO S6300 GRIS;PERSONAL CARE
16686563;Soltero;M;34;CHILENO;;Silencioso;PROVIDENCIA                   ;METROPOLITANA;12990;1;1;1;1;12990;0;0;0;SECADOR DE PELO MISTRAL STD;PERSONAL CARE
17991136;;F;30;CHILENO;;Millenial;PROVIDENCIA                   ;METROPOLITANA;68640;2;1;2;1;68640;0;0;0;DEPILADORA IPL Verina Bvt;PERSONAL CARE
16303701;Soltero;F;35;CHILENO;;Silencioso;PROVIDENCIA                   ;METROPOLITANA;23980;2;1;2;1;23980;0;0;0;HUAWEI Scale 3;PERSONAL CARE
7684101;;M;63;CHILENO;;Boomers;MAIPU                         ;METROPOLITANA;29990;1;1;0;0;0;1;1;29990;AFEITADORA SG-7250 NEGRO;PERSONAL CARE
19543304;;F;25;CHILENO;;Z;PANGUIPULLI                   ;LOS LAGOS;30970;3;2;0;0;0;3;2;30970;DEPILADORA BRE225/00;PERSONAL CARE
14299155;;F;47;CHILENO;;X;N/D;N/D;28990;1;1;0;0;0;1;1;28990;CORTA PELO GC-615;PERSONAL CARE
18850480;Soltero;F;27;CHILENO;;Millenial;PROVIDENCIA                   ;METROPOLITANA;23980;2;1;2;1;23980;0;0;0;ALISADOR +SECADOR PELO;PERSONAL CARE
18790654;;F;28;CHILENO;;Millenial;N/D;N/D;229970;3;2;3;2;229970;0;0;0;COMBO SIEGEN AFEITADORA + MULTISTYLER SG-8440;PERSONAL CARE
5984078;;M;75;CHILENO;;Silencioso;PARRAL;MAULE;12990;1;1;0;0;0;1;1;12990;CORTA PELO SG-8200;PERSONAL CARE
11165910;;F;55;CHILENO;;Boomers;RENCA                         ;METROPOLITANA;24990;1;1;0;0;0;1;1;24990;ALISADOR ELEGANCE LED BLOOM VT;PERSONAL CARE
19787862;;F;24;CHILENO;;Z;N/D;N/D;44980;2;1;2;1;44980;0;0;0;DEPILADORA OASIS SENSATION;PERSONAL CARE
9850415;;M;57;CHILENO;;Boomers;CHONCHI                       ;LOS LAGOS;24570;2;1;0;0;0;2;1;24570;CORTA PELO GM 562;PERSONAL CARE
17154460;;M;33;CHILENO;;Millenial;N/D;N/D;21990;1;1;1;1;21990;0;0;0;ALISADOR ELEGANCE LED KER;PERSONAL CARE
15868514;;M;37;CHILENO;;Millenial;RENCA                         ;METROPOLITANA;35980;2;1;0;0;0;2;1;35980;CORTAPELO GAMA MG 566;PERSONAL CARE
20077567;;F;23;CHILENO;;Z;PROVIDENCIA                   ;METROPOLITANA;19990;1;1;0;0;0;1;1;19990;ALISADOR GAMA BELLA SHINE;PERSONAL CARE
17870393;;F;31;CHILENO;;Millenial;LOS ANGELES                   ;BIO BIO;15393;1;1;0;0;0;1;1;15393;SECADOR DE PELO SE-3049C01 FUCSIA;PERSONAL CARE
19927669;;F;24;CHILENO;;Silencioso;PROVIDENCIA                   ;METROPOLITANA;21990;1;1;1;1;21990;0;0;0;DEPILADORA GAMA ESSENCIAL;PERSONAL CARE
11947157;;F;50;CHILENO;;X;RENCA                         ;METROPOLITANA;25990;1;1;0;0;0;1;1;25990;CORTA PELO SPORT GCX 623 BVT;PERSONAL CARE
19582223;;F;25;CHILENO;;Z;PROVIDENCIA                   ;METROPOLITANA;19990;1;1;1;1;19990;0;0;0;ALISADOR +SECADOR PELO;PERSONAL CARE
22109140;;F;24;CHILENO;;Extranjero;PROVIDENCIA                   ;METROPOLITANA;18570;2;1;0;0;0;2;1;18570;SECADOR GAMA EOLIC MINI TRAVEL;PERSONAL CARE
9286733;;M;58;CHILENO;;Boomers;CURICO                        ;MAULE;24990;1;1;0;0;0;1;1;24990;AFEITADORA S1121/41 ELECTRICA;PERSONAL CARE
13790478;;F;44;CHILENO;;X;PROVIDENCIA                   ;METROPOLITANA;54990;1;1;0;0;0;1;1;54990;ALISADOR DE PELO SG-4651 ROJO;PERSONAL CARE
6687217;;F;68;CHILENO;;Silencioso;NUEVA IMPERIAL                ;ARAUCANIA;49990;1;1;0;0;0;1;1;49990;ALISADOR DE PELO SG-4651 ROJO;PERSONAL CARE
7098104;;M;68;CHILENO;;Silencioso;PROVIDENCIA                   ;METROPOLITANA;19990;1;1;0;0;0;1;1;19990;AFEITADORA SG-7210 NEGRO;PERSONAL CARE
12210906;;M;49;CHILENO;;X;RENCA                         ;METROPOLITANA;36990;1;1;0;0;0;1;1;36990;TRICOMBO SECADOR+ALISADOR+ONDULADOR;PERSONAL CARE
24077088;;F;53;ECUATORIANO;;Extranjero;IQUIQUE                       ;TARAPACA;38673;2;1;0;0;0;2;1;38673;ALISADOR DE PELO S12A(220) Shine Therapy PALTA M;PERSONAL CARE
17479249;;F;32;CHILENO;;Millenial;PROVIDENCIA                   ;METROPOLITANA;19990;1;1;0;0;0;1;1;19990;ALISADOR PELO FINA CP1;PERSONAL CARE
7825986;;F;67;CHILENO;;Boomers;RENCA                         ;METROPOLITANA;26990;1;1;0;0;0;1;1;26990;ALISADOR +SECADOR PELO;PERSONAL CARE
16831792;Soltero;F;34;CHILENO;;Millenial;PROVIDENCIA                   ;METROPOLITANA;23990;1;1;0;0;0;1;1;23990;SECADOR DE PELO SIEGEN SG-3049C02;PERSONAL CARE
9331755;Viudo;F;61;CHILENO;;Boomers;RENCA                         ;METROPOLITANA;17990;1;1;0;0;0;1;1;17990;SECADOR DE PELO HP8204/10 THERMOPROTECT 2100W FR;PERSONAL CARE
16344013;;F;35;CHILENO;;Millenial;"";"";85970;3;2;0;0;0;3;2;85970;DEPILADORA OASIS SENSATION;PERSONAL CARE
7169211;Divorciado;F;65;CHILENO;PROFESOR;Boomers;TALCAHUANO                    ;BIO BIO;20990;1;1;0;0;0;1;1;20990;AFEITADORA SG-7210 NEGRO;PERSONAL CARE
15939179;;F;37;CHILENO;;Silencioso;PROVIDENCIA                   ;METROPOLITANA;44990;1;1;0;0;0;1;1;44990;DEPILADORA OASIS SENSATION;PERSONAL CARE
18208734;;F;30;CHILENO;;Millenial;PROVIDENCIA                   ;METROPOLITANA;24990;1;1;0;0;0;1;1;24990;ALISADOR DE PELO S6300 GRIS;PERSONAL CARE
8679475;;M;62;CHILENO;;Boomers;ARICA                         ;ARICA Y PARINACOTA;39990;1;1;0;0;0;1;1;39990;ALISADOR DE PELO S12A(220) Shine Therapy PALTA M;PERSONAL CARE
14223848;;F;41;CHILENO;;X;PROVIDENCIA                   ;METROPOLITANA;21990;1;1;0;0;0;1;1;21990;SECADOR DE PELO SG-3043 DC CAFE 2200 WATTS;PERSONAL CARE
14033844;;F;44;CHILENO;;X;TIRUA                         ;BIO BIO;25980;2;1;0;0;0;2;1;25980;SECADOR DIAMOND STD;PERSONAL CARE
19861400;;M;22;CHILENO;;Z;N/D;N/D;20980;2;1;0;0;0;2;1;20980;Trimmer Gama GT 527;PERSONAL CARE
17369852;;M;32;CHILENO;;Millenial;ARICA                         ;ARICA Y PARINACOTA;24990;1;1;0;0;0;1;1;24990;ALISADORA SIEGEN SG-3512D2;PERSONAL CARE
17682681;;F;31;CHILENO;;Millenial;PROVIDENCIA                   ;METROPOLITANA;44990;1;1;0;0;0;1;1;44990;DEPILADORA OASIS SENSATION;PERSONAL CARE
10178317;;F;54;CHILENO;;Boomers;RENCA                         ;METROPOLITANA;23990;1;1;0;0;0;1;1;23990;SECADOR DE PELO SG-3049 NEGRO;PERSONAL CARE
7091860;;M;69;CHILENO;;Silencioso;CARAHUE                       ;ARAUCANIA;29990;1;1;0;0;0;1;1;29990;SECADOR DE PELO SG-3051;PERSONAL CARE
19970627;;M;23;CHILENO;;Z;N/D;N/D;26990;1;1;0;0;0;1;1;26990;SECADOR DE PELO SE-3049C01 FUCSIA;PERSONAL CARE
12237436;;M;49;CHILENO;;X;PAINE                         ;METROPOLITANA;19990;1;1;0;0;0;1;1;19990;AFEITADORA SG-7210 NEGRO;PERSONAL CARE
19721768;;F;24;CHILENO;;Z;N/D;N/D;-315980;-3;2;0;0;0;-3;2;-315980;ALISADOR ELEGANCE LED QUINOA BVT;PERSONAL CARE
20059382;;F;23;CHILENO;;Z;N/D;N/D;25980;2;1;0;0;0;2;1;25980;SECADOR DE PELO MISTRAL STD;PERSONAL CARE
13099673;;F;46;CHILENO;;Silencioso;PROVIDENCIA                   ;METROPOLITANA;26990;1;1;0;0;0;1;1;26990;SECADOR DE PELO SG-3051;PERSONAL CARE
16935610;;F;34;CHILENO;;Silencioso;PROVIDENCIA                   ;METROPOLITANA;32990;1;1;0;0;0;1;1;32990;ALISADOR ELEGANCE LED KER;PERSONAL CARE
10130717;;M;53;CHILENO;;X;PROVIDENCIA                   ;METROPOLITANA;14990;1;1;0;0;0;1;1;14990;SECADOR DIAMOND STD;PERSONAL CARE
18478519;;F;29;CHILENO;;Silencioso;PROVIDENCIA                   ;METROPOLITANA;19990;1;1;0;0;0;1;1;19990;SECADOR DE PELO SG-3043 DC CAFE 2200 WATTS;PERSONAL CARE
10104786;;F;56;CHILENO;;Boomers;RENCA                         ;METROPOLITANA;54990;1;1;0;0;0;1;1;54990;ALISADOR DE PELO SG-4651 ROJO;PERSONAL CARE
18296329;;F;29;CHILENO;;Millenial;PROVIDENCIA                   ;METROPOLITANA;36990;1;1;0;0;0;1;1;36990;ALISADOR DE PELO SG-3540 MORADO MORADO;PERSONAL CARE
13667653;;M;43;CHILENO;;X;RENCA                         ;METROPOLITANA;87960;4;3;0;0;0;4;3;87960;ALISADOR +SECADOR PELO;PERSONAL CARE
7996527;;F;64;CHILENO;;Boomers;RENCA                         ;METROPOLITANA;12990;1;1;0;0;0;1;1;12990;SECADOR PELO SG-3012C19;PERSONAL CARE
12913549;;F;47;CHILENO;;X;PROVIDENCIA                   ;METROPOLITANA;21990;1;1;0;0;0;1;1;21990;SECADOR DE PELO D3019 PRO TITANIO;PERSONAL CARE
18147685;Soltero;M;30;CHILENO;INGENIERO EN MAQUINARIA;Millenial;PROVIDENCIA                   ;METROPOLITANA;24990;1;1;0;0;0;1;1;24990;SECADOR DE PELO SG-3043 DC CAFE 2200 WATTS;PERSONAL CARE
13206936;;F;44;CHILENO;;X;CAUQUENES                     ;MAULE;25990;1;1;0;0;0;1;1;25990;SECADOR DE PELO SE-3049C01 FUCSIA;PERSONAL CARE
15538628;;F;39;CHILENO;;X;LO ESPEJO                     ;METROPOLITANA;0;0;0;0;0;0;0;0;0;ALISADOR DE PELO S12A(220) Shine Therapy PALTA M;PERSONAL CARE
16435730;;M;36;CHILENO;;Millenial;PROVIDENCIA                   ;METROPOLITANA;0;0;0;0;0;0;0;0;0;SECADOR DE PELO SG-3012 NEGRO;PERSONAL CARE
15667881;;F;38;CHILENO;;Silencioso;PROVIDENCIA                   ;METROPOLITANA;0;0;0;0;0;0;0;0;0;SECADOR DE PELO MISTRAL STD;PERSONAL CARE
19509649;;F;25;CHILENO;;Millenial;PROVIDENCIA                   ;METROPOLITANA;0;0;0;0;0;0;0;0;0;SECADOR DE PELO SG-3049 NEGRO;PERSONAL CARE
19262466;;F;26;CHILENO;;Z;PROVIDENCIA                   ;METROPOLITANA;0;0;0;0;0;0;0;0;0;SECADOR DE PELO MISTRAL STD;PERSONAL CARE
19817143;;M;24;CHILENO;;Z;PROVIDENCIA                   ;METROPOLITANA;0;0;0;0;0;0;0;0;0;CORTA PELO MGK3220 BLACK BOX MN;PERSONAL CARE
18981364;;M;27;CHILENO;;Millenial;MAULE                         ;MAULE;0;0;0;0;0;0;0;0;0;CORTA PELO SPORT GCX 623 BVT;PERSONAL CARE
19278928;;F;26;CHILENO;;Extranjero;PROVIDENCIA                   ;METROPOLITANA;0;0;0;0;0;0;0;0;0;SECADOR DE PELO SG-3043 DC CAFE 2200 WATTS;PERSONAL CARE
7765687;;F;67;CHILENO;;Boomers;ARICA                         ;ARICA Y PARINACOTA;0;0;0;0;0;0;0;0;0;ALISADOR DE PELO S12A(220) Shine Therapy PALTA M;PERSONAL CARE
11492253;;M;53;CHILENO;;X;PROVIDENCIA                   ;METROPOLITANA;0;0;0;0;0;0;0;0;0;ALISADOR DE PELO S12A(220) Shine Therapy PALTA M;PERSONAL CARE
13969757;;M;42;CHILENO;;X;COIHAIQUE                     ;AYSEN;0;0;0;0;0;0;0;0;0;CORTA PELO GM 562;PERSONAL CARE
18099033;;F;29;CHILENO;;Millenial;PEUMO                         ;L.G.B.OÂ´HIGGINS;0;0;0;0;0;0;0;0;0;SECADOR DIAMOND STD;PERSONAL CARE
5382221;;F;76;CHILENO;;Silencioso;LOS ANGELES                   ;BIO BIO;0;0;0;0;0;0;0;0;0;CORTAPELOS GM 596;PERSONAL CARE
12984431;;M;46;CHILENO;;X;SAN RAMON                     ;METROPOLITANA;0;0;0;0;0;0;0;0;0;KIT CORTABARBA MG3731;PERSONAL CARE
15135255;;F;40;CHILENO;;Silencioso;PROVIDENCIA                   ;METROPOLITANA;0;0;0;0;0;0;0;0;0;SECADOR DE PELO SG-3051;PERSONAL CARE
18511240;;F;28;CHILENO;;Millenial;CABILDO                       ;VALPARAISO;0;0;0;0;0;0;0;0;0;SECADOR DE PELO SIEGEN SG-3049C02;PERSONAL CARE
17714741;;F;31;CHILENO;;Millenial;CALBUCO                       ;LOS LAGOS;0;0;0;0;0;0;0;0;0;SECADOR GAMA EOLIC MINI TRAVEL;PERSONAL CARE
19271593;;F;26;CHILENO;;Z;RENCA                         ;METROPOLITANA;0;0;0;0;0;0;0;0;0;ALISADOR DE PELO SG-4651 ROJO;PERSONAL CARE
18908802;;F;27;CHILENO;;Z;N/D;N/D;0;0;0;0;0;0;0;0;0;ALISADOR DE PELO SG-3540 MORADO MORADO;PERSONAL CARE
13575140;;M;43;CHILENO;;X;CONSTITUCION                  ;MAULE;0;0;0;0;0;0;0;0;0;AFEITADORA SG-7250 NEGRO;PERSONAL CARE
19623563;;F;25;CHILENO;;Z;PROVIDENCIA                   ;METROPOLITANA;0;0;0;0;0;0;0;0;0;SECADOR DE PELO SG-3049 NEGRO;PERSONAL CARE
12990104;Soltero;M;45;CHILENO;TECNOLOGIA EN PRODUCCION GANADERA;X;PROVIDENCIA                   ;METROPOLITANA;0;0;0;0;0;0;0;0;0;CORTADOR DE PELO SIEGEN SG-8590;PERSONAL CARE
5580214;;F;71;CHILENO;;Silencioso;SAN CARLOS                    ;BIO BIO;0;0;0;0;0;0;0;0;0;SECADOR DIAMOND STD;PERSONAL CARE
8780831;;F;62;CHILENO;;Boomers;LONGAVI                       ;MAULE;0;0;0;0;0;0;0;0;0;ALISADORA SG-4751;PERSONAL CARE
7840545;;M;64;CHILENO;;Boomers;COLINA                        ;METROPOLITANA;0;0;0;0;0;0;0;0;0;KIT CORTABARBA MG3711;PERSONAL CARE
18517366;;F;28;CHILENO;;Millenial;LA LIGUA                      ;VALPARAISO;0;0;0;0;0;0;0;0;0;SECADOR PELO SG-3012C19;PERSONAL CARE
10982535;;M;42;CHILENO;;X;PROVIDENCIA                   ;METROPOLITANA;0;0;0;0;0;0;0;0;0;CORTA PELO SPORT GCX 623 BVT;PERSONAL CARE
15246723;;F;36;CHILENO;;Millenial;N/D;N/D;0;0;0;0;0;0;0;0;0;DEPILADORA SG-9004;PERSONAL CARE
16494995;;F;35;CHILENO;;Millenial;PROVIDENCIA                   ;METROPOLITANA;0;0;0;0;0;0;0;0;0;ALISADOR SIEGEN SG-4716;PERSONAL CARE
16522321;;M;35;CHILENO;;Millenial;SAN VICENTE                   ;L.G.B.OÂ´HIGGINS;0;0;0;0;0;0;0;0;0;CORTAPELOS GM 596;PERSONAL CARE
18890161;Soltero;F;27;CHILENO;;Millenial;PROVIDENCIA                   ;METROPOLITANA;0;0;0;0;0;0;0;0;0;SECADOR PELO SG-3012C19;PERSONAL CARE
12751180;;F;47;CHILENO;;X;SAN PEDRO DE LA PAZ           ;BIO BIO;0;0;0;0;0;0;0;0;0;SECADOR DE PELO SG-3049 NEGRO;PERSONAL CARE
9636673;;F;59;CHILENO;;Boomers;PROVIDENCIA                   ;METROPOLITANA;0;0;0;0;0;0;0;0;0;SECADOR DE PELO SG-3025 SILVER;PERSONAL CARE
17381643;;M;32;CHILENO;;Silencioso;PROVIDENCIA                   ;METROPOLITANA;0;0;0;0;0;0;0;0;0;Trimmer Gama GT 527;PERSONAL CARE
12971969;;F;45;CHILENO;;X;RENCA                         ;METROPOLITANA;0;0;0;0;0;0;0;0;0;SECADOR DE PELO SE-3049C01 FUCSIA;PERSONAL CARE
16535317;;M;36;CHILENO;;Millenial;SAN CARLOS                    ;BIO BIO;0;0;0;0;0;0;0;0;0;DEPILADORA OASIS SENSATION;PERSONAL CARE
12243485;;F;50;CHILENO;;X;PROVIDENCIA                   ;METROPOLITANA;0;0;0;0;0;0;0;0;0;AFEITADORA S1121/41 ELECTRICA;PERSONAL CARE
21955923;;F;49;PERUANO;;Extranjero;MACUL                         ;METROPOLITANA;0;0;0;0;0;0;0;0;0;SECADOR PELO SG-3012C19;PERSONAL CARE
15770273;;M;36;CHILENO;;Millenial;PROVIDENCIA                   ;METROPOLITANA;0;0;0;0;0;0;0;0;0;Trimmer Gama GT 527;PERSONAL CARE
15260034;;F;40;CHILENO;;X;PROVIDENCIA                   ;METROPOLITANA;0;0;0;0;0;0;0;0;0;SECADOR PELO SG-3012C19;PERSONAL CARE
15147429;;M;40;CHILENO;;X;PROVIDENCIA                   ;METROPOLITANA;0;0;0;0;0;0;0;0;0;AFEITADORA QP2521/50 ONE BLADE GRAFITO;PERSONAL CARE
15018910;;F;40;CHILENO;;X;"";"";0;0;0;0;0;0;0;0;0;Trimmer Gama GT 527;PERSONAL CARE
15644846;;M;39;CHILENO;;X;RENCA                         ;METROPOLITANA;0;0;0;0;0;0;0;0;0;CORTABARBA BT3206;PERSONAL CARE
20064715;;M;23;CHILENO;;Z;N/D;N/D;0;0;0;0;0;0;0;0;0;CORTA PELO GC-625;PERSONAL CARE
18500283;Soltero;F;30;CHILENO;KINESIOLOGA;Millenial;PROVIDENCIA                   ;METROPOLITANA;0;0;0;0;0;0;0;0;0;SECADOR GAMA EOLIC MINI TRAVEL;PERSONAL CARE
18944734;;F;27;CHILENO;;Silencioso;COQUIMBO                      ;COQUIMBO;0;0;0;0;0;0;0;0;0;ALISADOR PHILIPS BHS376;PERSONAL CARE
11882181;;M;51;CHILENO;;Millenial;LAS CONDES                    ;METROPOLITANA;0;0;0;0;0;0;0;0;0;RECORTADOR DE VELLO NT3160/15 PHILIPS;PERSONAL CARE
7157100;;M;61;CHILENO;;Boomers;SAN FELIPE                    ;VALPARAISO;0;0;0;0;0;0;0;0;0;CORTA PELO GC-615;PERSONAL CARE
7356313;;F;61;CHILENO;;Boomers;N/D;N/D;0;0;0;0;0;0;0;0;0;SECADOR DE PELO BHD00410;PERSONAL CARE
19357636;Soltero;F;26;CHILENO;;Silencioso;PROVIDENCIA                   ;METROPOLITANA;0;0;0;0;0;0;0;0;0;SECADOR PELO SG-3012C19;PERSONAL CARE
17303856;Soltero;F;33;CHILENO;PROFESOR;Millenial;PROVIDENCIA                   ;METROPOLITANA;0;0;0;0;0;0;0;0;0;ALISADOR GAMA ELEGANCE LED TITANIO;PERSONAL CARE
11182820;;M;55;CHILENO;;Boomers;RENCA                         ;METROPOLITANA;0;0;0;0;0;0;0;0;0;SECADOR DE PELO SIEGEN SG-3035;PERSONAL CARE
19865878;;F;23;CHILENO;;Silencioso;NANCAGUA                      ;L.G.B.OÂ´HIGGINS;0;0;0;0;0;0;0;0;0;SECADOR DIAMOND 3D TITAN KERATIN;PERSONAL CARE
16791491;;F;34;CHILENO;;Millenial;PROVIDENCIA                   ;METROPOLITANA;0;0;0;0;0;0;0;0;0;AFEITADORA QP2521/50 ONE BLADE GRAFITO;PERSONAL CARE
17376685;;F;31;CHILENO;;Millenial;PROVIDENCIA                   ;METROPOLITANA;0;0;0;0;0;0;0;0;0;SECADOR DE PELO SE-3049C01 FUCSIA;PERSONAL CARE
10773957;;F;58;CHILENO;;Boomers;PENALOLEN                     ;METROPOLITANA;0;0;0;0;0;0;0;0;0;ALISADOR DE PELO SG-3540 MORADO MORADO;PERSONAL CARE
13814407;;M;41;CHILENO;;X;RENCA                         ;METROPOLITANA;0;0;0;0;0;0;0;0;0;ALISADOR DE PELO SG-3512D1 ROSA;PERSONAL CARE
6533906;;M;68;CHILENO;;Silencioso;ZAPALLAR                      ;VALPARAISO;0;0;0;0;0;0;0;0;0;SECADOR DE PELO SE-3049C01 FUCSIA;PERSONAL CARE
14017544;;F;40;CHILENO;;X;MAULE                         ;MAULE;0;0;0;0;0;0;0;0;0;DEPILADORA BRE285/00 CONVENCIONAL;PERSONAL CARE
13012911;;M;45;CHILENO;;X;ANTOFAGASTA                   ;ANTOFAGASTA;0;0;0;0;0;0;0;0;0;SECADOR DE PELO SG-3012 NEGRO;PERSONAL CARE
4933535;;F;81;CHILENO;;Silencioso;SANTO DOMINGO                 ;VALPARAISO;0;0;0;0;0;0;0;0;0;ALISADOR DE PELO SG-4651 ROJO;PERSONAL CARE
17654133;Soltero;F;27;CHILENO;TECNICO DE NIVEL SUPERIOR EN ENFERMERIA;Silencioso;PROVIDENCIA                   ;METROPOLITANA;0;0;0;0;0;0;0;0;0;ALISADOR DE PELO SG-3540 MORADO MORADO;PERSONAL CARE
9824291;;F;59;CHILENO;;Boomers;N/D;N/D;0;0;0;0;0;0;0;0;0;CORTA PELO SG-8520;PERSONAL CARE
17139727;;F;33;CHILENO;;Millenial;LIMACHE                       ;VALPARAISO;0;0;0;0;0;0;0;0;0;CORTA PELO SG-8520;PERSONAL CARE
11962063;;F;50;CHILENO;;X;LOS ANGELES                   ;BIO BIO;0;0;0;0;0;0;0;0;0;SECADOR DE PELO SIEGEN SG-3035;PERSONAL CARE
14134345;;F;42;CHILENO;;X;PROVIDENCIA                   ;METROPOLITANA;0;0;0;0;0;0;0;0;0;ALISADOR DE PELO HP8321;PERSONAL CARE
12977012;;F;47;CHILENO;;X;CHILLAN                       ;NUBLE;0;0;0;0;0;0;0;0;0;CORTA PELO SG-8200;PERSONAL CARE
10829219;;M;55;CHILENO;;Boomers;MELIPILLA                     ;METROPOLITANA;0;0;0;0;0;0;0;0;0;KIT CORTABARBA MG3731;PERSONAL CARE
11636064;;F;51;CHILENO;;X;PROVIDENCIA                   ;METROPOLITANA;0;0;0;0;0;0;0;0;0;SECADOR GAMA EOLIC MINI TRAVEL;PERSONAL CARE
9605620;;F;58;CHILENO;;Boomers;LA PINTANA                    ;METROPOLITANA;0;0;0;0;0;0;0;0;0;DEPILADORA BRE255/00;PERSONAL CARE
17261992;;F;32;CHILENO;;Millenial;TEMUCO                        ;ARAUCANIA;0;0;0;0;0;0;0;0;0;ALISADOR DE PELO SG-3540 MORADO MORADO;PERSONAL CARE
12203800;Casado;F;51;CHILENO;;X;RENCA                         ;METROPOLITANA;0;0;0;0;0;0;0;0;0;SECADOR DE PELO SG-3043 DC CAFE 2200 WATTS;PERSONAL CARE
24389658;;M;46;COLOMBIANO;;Extranjero;PUERTO MONTT                  ;LOS LAGOS;0;0;0;0;0;0;0;0;0;CORTA PELO SG-8520;PERSONAL CARE
15909513;;M;37;CHILENO;;Millenial;PROVIDENCIA                   ;METROPOLITANA;0;0;0;0;0;0;0;0;0;TRICOMBO SECADOR+ALISADOR+ONDULADOR;PERSONAL CARE
9988526;;F;52;CHILENO;;X;PROVIDENCIA                   ;METROPOLITANA;0;0;0;0;0;0;0;0;0;SECADOR DE PELO SIEGEN SG-3035;PERSONAL CARE
15463812;;F;39;CHILENO;;X;OSORNO                        ;LOS LAGOS;0;0;0;0;0;0;0;0;0;DEPILADORA BRE285/00 CONVENCIONAL;PERSONAL CARE
20766939;;F;20;CHILENO;;Silencioso;PROVIDENCIA                   ;METROPOLITANA;0;0;0;0;0;0;0;0;0;SECADOR PELO SG-3012C19;PERSONAL CARE
9937416;;M;54;CHILENO;;Boomers;"";"";0;0;0;0;0;0;0;0;0;AFEITADORA SH 887 WD BAT;PERSONAL CARE
7097428;;F;66;CHILENO;;Boomers;SALAMANCA                     ;COQUIMBO;0;0;0;0;0;0;0;0;0;CORTA PELO SG-8520;PERSONAL CARE
11444521;;F;53;CHILENO;;X;PROVIDENCIA                   ;METROPOLITANA;0;0;0;0;0;0;0;0;0;ALISADOR SIEGEN SG-4716;PERSONAL CARE
9849686;;M;58;CHILENO;;Boomers;OVALLE                        ;COQUIMBO;0;0;0;0;0;0;0;0;0;SECADOR TEMPO TITAN KERATIN;PERSONAL CARE
13853007;;M;45;CHILENO;;X;N/D;N/D;0;0;0;0;0;0;0;0;0;AFEITADORA SPORT SH 886 BAT;PERSONAL CARE
10537634;Soltero;M;53;CHILENO;;Silencioso;PROVIDENCIA                   ;METROPOLITANA;0;0;0;0;0;0;0;0;0;KIT CORTABARBA MG3711;PERSONAL CARE
16787491;;F;34;CHILENO;;Millenial;N/D;N/D;0;0;0;0;0;0;0;0;0;SECADOR DE PELO SE-3049C01 FUCSIA;PERSONAL CARE
18112358;;F;30;CHILENO;;Millenial;PROVIDENCIA                   ;METROPOLITANA;0;0;0;0;0;0;0;0;0;ALISADOR DE PELO SG-3540 MORADO MORADO;PERSONAL CARE
18574169;;M;28;CHILENO;;Millenial;N/D;N/D;0;0;0;0;0;0;0;0;0;AFEITADORA S1323/41 ELECTRICA;PERSONAL CARE
20020600;;M;23;CHILENO;;Millenial;"";"";0;0;0;0;0;0;0;0;0;AFEITADORA S1223/41 ELECTRICA;PERSONAL CARE
17968036;;F;30;CHILENO;;Millenial;PEUMO                         ;L.G.B.OÂ´HIGGINS;0;0;0;0;0;0;0;0;0;SECADOR PELO SG-3012C20;PERSONAL CARE
18197060;;M;29;CHILENO;;Silencioso;PROVIDENCIA                   ;METROPOLITANA;0;0;0;0;0;0;0;0;0;CORTA PELO SG-8200;PERSONAL CARE
16315806;Soltero;F;36;CHILENO;TECNICO DE NIVEL SUPERIOR EN ENFERMERIA;Millenial;PROVIDENCIA                   ;METROPOLITANA;0;0;0;0;0;0;0;0;0;ALISADOR DE PELO SG-4651 ROJO;PERSONAL CARE
12673571;;F;48;CHILENO;;Silencioso;PROVIDENCIA                   ;METROPOLITANA;0;0;0;0;0;0;0;0;0;SECADOR DE PELO STD TITAN KERATIN PLATA;PERSONAL CARE
15045328;;F;40;CHILENO;;X;VILLA ALEMANA                 ;VALPARAISO;0;0;0;0;0;0;0;0;0;COMBO SIEGEN AFEITADORA + MULTISTYLER SG-8440;PERSONAL CARE
20092171;;F;23;CHILENO;;Silencioso;PROVIDENCIA                   ;METROPOLITANA;0;0;0;0;0;0;0;0;0;CORTA PELO HC3505;PERSONAL CARE
9151727;;M;60;CHILENO;;Silencioso;PROVIDENCIA                   ;METROPOLITANA;0;0;0;0;0;0;0;0;0;DEPILADORA BRE225/00;PERSONAL CARE
17433689;Soltero;M;32;CHILENO;INGENIERO CIVIL MECANICO;Millenial;PROVIDENCIA                   ;METROPOLITANA;0;0;0;0;0;0;0;0;0;CORTA PELO GC-625;PERSONAL CARE
17612461;;F;31;CHILENO;;Millenial;LA PINTANA                    ;METROPOLITANA;0;0;0;0;0;0;0;0;0;ALISADOR SIEGEN SG-4716;PERSONAL CARE
11932529;;M;50;CHILENO;;X;PROVIDENCIA                   ;METROPOLITANA;0;0;0;0;0;0;0;0;0;MULTIGROOM MG5730 SERIE 5000;PERSONAL CARE
16999597;;F;33;CHILENO;;Millenial;CORONEL                       ;BIO BIO;0;0;0;0;0;0;0;0;0;COMBO SIEGEN AFEITADORA + MULTISTYLER SG-8440;PERSONAL CARE
17627218;;F;31;CHILENO;;Millenial;PROVIDENCIA                   ;METROPOLITANA;0;0;0;0;0;0;0;0;0;SECADOR PELO SG-3012C20;PERSONAL CARE
20240202;;F;23;CHILENO;;Z;PROVIDENCIA                   ;METROPOLITANA;0;0;0;0;0;0;0;0;0;CORTA PELO GC-625;PERSONAL CARE
10054050;;F;57;CHILENO;;Boomers;RENCA                         ;METROPOLITANA;0;0;0;0;0;0;0;0;0;CORTADOR DE PELO PACL GC 542 Sport Bat GT 527;PERSONAL CARE
9608145;;F;54;CHILENO;;Boomers;TEMUCO                        ;ARAUCANIA;0;0;0;0;0;0;0;0;0;PACK AFEITADORA S1223/41+CORTA PELO HC3505/15;PERSONAL CARE
16771906;Soltero;M;34;CHILENO;;Millenial;PROVIDENCIA                   ;METROPOLITANA;0;0;0;0;0;0;0;0;0;CORTA PELO GM 562;PERSONAL CARE
10029056;;F;55;CHILENO;;Boomers;RENCA                         ;METROPOLITANA;0;0;0;0;0;0;0;0;0;ALISADOR DE PELO SG-3512D1 ROSA;PERSONAL CARE
11009976;Casado;F;56;CHILENO;;Silencioso;PROVIDENCIA                   ;METROPOLITANA;0;0;0;0;0;0;0;0;0;AFEITADORA S1323/41 ELECTRICA;PERSONAL CARE
16477552;;F;35;CHILENO;;Millenial;SANTIAGO                      ;METROPOLITANA;0;0;0;0;0;0;0;0;0;OLLA SG-1100 CALENTADORA DE CERA;PERSONAL CARE
13201428;;M;45;CHILENO;;X;RENCA                         ;METROPOLITANA;0;0;0;0;0;0;0;0;0;KIT CORTABARBA MG3711;PERSONAL CARE
6238994;Casado;M;75;CHILENO;AGRONOMO;Silencioso;RENCA                         ;METROPOLITANA;0;0;0;0;0;0;0;0;0;CORTAPELOS GM 596;PERSONAL CARE
17332971;;F;32;CHILENO;;Millenial;PROVIDENCIA                   ;METROPOLITANA;0;0;0;0;0;0;0;0;0;SECADOR DE PELO SG-3025 SILVER;PERSONAL CARE
19029991;Soltero;M;27;CHILENO;;Silencioso;PROVIDENCIA                   ;METROPOLITANA;0;0;0;0;0;0;0;0;0;ALISADOR DE PELO SG-3540 MORADO MORADO;PERSONAL CARE
20035949;;F;23;CHILENO;;Silencioso;PROVIDENCIA                   ;METROPOLITANA;0;0;0;0;0;0;0;0;0;CORTA PELO SG-8200;PERSONAL CARE
5022229;;M;76;CHILENO;;Silencioso;PROVIDENCIA                   ;METROPOLITANA;0;0;0;0;0;0;0;0;0;SECADOR DE PELO SG-3049 NEGRO;PERSONAL CARE
16751329;;M;34;CHILENO;;Millenial;MAIPU                         ;METROPOLITANA;0;0;0;0;0;0;0;0;0;DEPILADORA BRI920/00 IPL LUMEA ADVANCE;PERSONAL CARE
15875186;Casado;F;38;CHILENO;;Millenial;PROVIDENCIA                   ;METROPOLITANA;0;0;0;0;0;0;0;0;0;DEPILADORA IPL MAGNA PK;PERSONAL CARE
20179968;;M;22;CHILENO;;Z;PROVIDENCIA                   ;METROPOLITANA;0;0;0;0;0;0;0;0;0;ALISADOR AQUA THERAPY LED;PERSONAL CARE
20304387;;F;22;CHILENO;;Z;N/D;N/D;0;0;0;0;0;0;0;0;0;SECADOR DE PELO SG-3049 NEGRO;PERSONAL CARE
15947060;;F;36;CHILENO;;Millenial;RENCA                         ;METROPOLITANA;0;0;0;0;0;0;0;0;0;ALISADOR DE PELO SG-3540 MORADO MORADO;PERSONAL CARE
12982656;;F;46;CHILENO;;X;CORONEL                       ;BIO BIO;0;0;0;0;0;0;0;0;0;AFEITADORA S1223/41 ELECTRICA;PERSONAL CARE
17135917;;F;33;CHILENO;;Millenial;PROVIDENCIA                   ;METROPOLITANA;0;0;0;0;0;0;0;0;0;SECADOR DE PELO SG-3012 NEGRO;PERSONAL CARE
9267910;Casado;F;60;CHILENO;;Boomers;PROVIDENCIA                   ;METROPOLITANA;0;0;0;0;0;0;0;0;0;AFEITADORA SG-7250 NEGRO;PERSONAL CARE
12532081;Soltero;M;48;CHILENO;;X;RENCA                         ;METROPOLITANA;0;0;0;0;0;0;0;0;0;AFEITADORA S1223/41 ELECTRICA;PERSONAL CARE
10697405;;F;54;CHILENO;;Boomers;QUINTERO                      ;VALPARAISO;0;0;0;0;0;0;0;0;0;SECADOR DE PELO STD TITAN KERATIN PLATA;PERSONAL CARE
11268003;;M;53;CHILENO;;X;PUENTE ALTO                   ;METROPOLITANA;0;0;0;0;0;0;0;0;0;ALISADOR SG3510C09 MORADO PLACAS DE CERAMICA 21;PERSONAL CARE
15511893;;M;40;CHILENO;;X;ANGOL                         ;ARAUCANIA;0;0;0;0;0;0;0;0;0;SECADOR DE PELO SG-3051;PERSONAL CARE
12518445;;F;49;CHILENO;;X;CHILLAN                       ;BIO BIO;0;0;0;0;0;0;0;0;0;ALISADOR DE PELO SG-3540 MORADO MORADO;PERSONAL CARE
18285693;Soltero;F;29;CHILENO;;Millenial;PROVIDENCIA                   ;METROPOLITANA;0;0;0;0;0;0;0;0;0;AFEITADORA SPORT;PERSONAL CARE
17457141;;F;32;CHILENO;;Millenial;N/D;N/D;0;0;0;0;0;0;0;0;0;CORTA PELO GM 562;PERSONAL CARE
16947770;Soltero;F;34;CHILENO;;Millenial;PROVIDENCIA                   ;METROPOLITANA;0;0;0;0;0;0;0;0;0;CORTA PELO HC3520;PERSONAL CARE
19117797;;F;26;CHILENO;;Z;PUENTE ALTO                   ;METROPOLITANA;0;0;0;0;0;0;0;0;0;SPA PARA PIES SG-1560;PERSONAL CARE
16997339;;M;33;CHILENO;;Millenial;PROVIDENCIA                   ;METROPOLITANA;0;0;0;0;0;0;0;0;0;CORTA PELO MGK3220 BLACK BOX MN;PERSONAL CARE
16060287;;F;37;CHILENO;;Millenial;CODEGUA                       ;L.G.B.OÂ´HIGGINS;0;0;0;0;0;0;0;0;0;AFEITADORA XR1430 NEGRO;PERSONAL CARE
19712231;;F;24;CHILENO;;Z;N/D;N/D;0;0;0;0;0;0;0;0;0;SECADOR DE PELO SG-3012 NEGRO;PERSONAL CARE
9990032;;F;58;CHILENO;;Boomers;N/D;N/D;0;0;0;0;0;0;0;0;0;COMBO SIEGEN AFEITADORA + MULTISTYLER SG-8440;PERSONAL CARE
13321199;;M;44;CHILENO;;Silencioso;PROVIDENCIA                   ;METROPOLITANA;0;0;0;0;0;0;0;0;0;CORTA PELO GM 562;PERSONAL CARE
20425973;;F;22;CHILENO;;Z;"";"";0;0;0;0;0;0;0;0;0;SECADOR GAMA EOLIC MINI TRAVEL;PERSONAL CARE
26333401;;M;24;VENEZOLANO;;Extranjero;N/D;N/D;0;0;0;0;0;0;0;0;0;CORTA PELO SG-8200;PERSONAL CARE
9550342;;F;57;CHILENO;;Boomers;COIHAIQUE                     ;AYSEN;0;0;0;0;0;0;0;0;0;ONDULADOR SIEGEN SG-2352;PERSONAL CARE
18132282;;M;30;CHILENO;;Millenial;PROVIDENCIA                   ;METROPOLITANA;0;0;0;0;0;0;0;0;0;CORTAPELOS GM 596;PERSONAL CARE
19118482;Soltero;F;26;CHILENO;;Silencioso;PROVIDENCIA                   ;METROPOLITANA;0;0;0;0;0;0;0;0;0;DEPILADORA CYBELE IPL GOLD 200 MIL PULSACIONES;PERSONAL CARE
10693917;Casado;F;54;CHILENO;;X;RENCA                         ;METROPOLITANA;0;0;0;0;0;0;0;0;0;SECADOR DIAMOND STD;PERSONAL CARE
17962688;;M;31;CHILENO;;Millenial;CABILDO                       ;VALPARAISO;0;0;0;0;0;0;0;0;0;KIT CORTABARBA MG3711;PERSONAL CARE
14349724;;F;43;CHILENO;;X;PROVIDENCIA                   ;METROPOLITANA;0;0;0;0;0;0;0;0;0;SPA PARA PIES SG-1560;PERSONAL CARE
13324864;;F;49;CHILENO;;X;RENCA                         ;METROPOLITANA;0;0;0;0;0;0;0;0;0;ALISADOR +SECADOR PELO;PERSONAL CARE
9068305;;F;61;CHILENO;;Boomers;CHONCHI                       ;LOS LAGOS;0;0;0;0;0;0;0;0;0;ALISADOR DE PELO SG-4651 ROJO;PERSONAL CARE
16645179;;M;34;CHILENO;;Millenial;N/D;N/D;0;0;0;0;0;0;0;0;0;SECADOR DE PELO SIEGEN SG-3035;PERSONAL CARE
13701061;;F;43;CHILENO;;X;EL BOSQUE                     ;METROPOLITANA;0;0;0;0;0;0;0;0;0;CORTA PELO SG-8200;PERSONAL CARE
17734908;Soltero;F;31;CHILENO;;Silencioso;PROVIDENCIA                   ;METROPOLITANA;0;0;0;0;0;0;0;0;0;ALISADOR SIEGEN SG-4716;PERSONAL CARE
13763724;;F;42;CHILENO;;X;RENCA                         ;METROPOLITANA;0;0;0;0;0;0;0;0;0;DEPILADORA BRE255/00;PERSONAL CARE
15457725;;F;39;CHILENO;;X;PROVIDENCIA                   ;METROPOLITANA;0;0;0;0;0;0;0;0;0;DEPILADORA BRE225/00;PERSONAL CARE
13026418;;F;46;CHILENO;;X;RENCA                         ;METROPOLITANA;0;0;0;0;0;0;0;0;0;CORTAPELOS GM 596;PERSONAL CARE
18525794;;F;28;CHILENO;;Millenial;PROVIDENCIA                   ;METROPOLITANA;0;0;0;0;0;0;0;0;0;DEPILADORA SG-9003;PERSONAL CARE
19502669;Soltero;F;25;CHILENO;;Z;PROVIDENCIA                   ;METROPOLITANA;0;0;0;0;0;0;0;0;0;DEPILADORA BRE225/00;PERSONAL CARE
9988412;;F;60;CHILENO;;Boomers;PROVIDENCIA                   ;METROPOLITANA;0;0;0;0;0;0;0;0;0;ALISADOR DE PELO SG-3540 MORADO MORADO;PERSONAL CARE
13744339;;F;42;CHILENO;;X;VALLENAR;ATACAMA;0;0;0;0;0;0;0;0;0;SECADOR DE PELO SG-3049 NEGRO;PERSONAL CARE
25900658;;M;28;VENEZOLANO;;Extranjero;PUERTO MONTT                  ;LOS LAGOS;0;0;0;0;0;0;0;0;0;CORTA PELO HC3505;PERSONAL CARE
12359179;;F;49;CHILENO;;X;PROVIDENCIA                   ;METROPOLITANA;0;0;0;0;0;0;0;0;0;DEPILADORA OASIS SENSATION;PERSONAL CARE
16825804;;M;34;CHILENO;;Millenial;N/D;N/D;0;0;0;0;0;0;0;0;0;COMBO SIEGEN AFEITADORA + MULTISTYLER SG-8440;PERSONAL CARE
12251101;;F;49;CHILENO;;X;SAN BERNARDO                  ;METROPOLITANA;0;0;0;0;0;0;0;0;0;COMBO SECADOR+ALISADOR+ONDULADOR DE PELO;PERSONAL CARE
11294334;;M;54;CHILENO;;X;RENCA                         ;METROPOLITANA;0;0;0;0;0;0;0;0;0;SECADOR DE PELO SE-3049C01 FUCSIA;PERSONAL CARE
11203549;;F;55;CHILENO;;Boomers;VALLENAR;ATACAMA;0;0;0;0;0;0;0;0;0;DEPILADORA LASER SIEGEN SG-9302;PERSONAL CARE
12869932;;F;47;CHILENO;;X;PROVIDENCIA                   ;METROPOLITANA;0;0;0;0;0;0;0;0;0;DEPILADORA BRE225/00;PERSONAL CARE
10090765;Casado;F;55;CHILENO;PROFESOR;Boomers;RENCA                         ;METROPOLITANA;0;0;0;0;0;0;0;0;0;DEPILADORA SG-9040;PERSONAL CARE
10587110;;F;57;CHILENO;;Boomers;RENCA                         ;METROPOLITANA;0;0;0;0;0;0;0;0;0;SECADOR GAMA EOLIC MINI TRAVEL;PERSONAL CARE
18986246;;F;26;CHILENO;;Z;PROVIDENCIA                   ;METROPOLITANA;0;0;0;0;0;0;0;0;0;ALISADOR ELEGANCE LED KER;PERSONAL CARE
15454051;Divorciado;F;40;CHILENO;TECNICO DE NIVEL SUPERIOR EN PODOLOGIA CLINICA;X;RENCA                         ;METROPOLITANA;0;0;0;0;0;0;0;0;0;SECADOR PHILIPS HP8230;PERSONAL CARE
10720472;;M;56;CHILENO;;Boomers;CONSTITUCION                  ;MAULE;0;0;0;0;0;0;0;0;0;SECADOR DE PELO PEGABLE D1500 NEGRO;PERSONAL CARE
9161945;;F;60;CHILENO;;Boomers;SAN ANTONIO                   ;VALPARAISO;0;0;0;0;0;0;0;0;0;SECADOR PELO SG-3012C19;PERSONAL CARE
12300364;;F;50;CHILENO;;X;TALCAHUANO                    ;BIO BIO;0;0;0;0;0;0;0;0;0;SECADOR DIAMOND STD;PERSONAL CARE
5627844;;F;72;CHILENO;;Silencioso;EL BOSQUE                     ;METROPOLITANA;0;0;0;0;0;0;0;0;0;AFEITADORA S1121/41 ELECTRICA;PERSONAL CARE
16321599;;F;36;CHILENO;;Millenial;PADRE HURTADO                 ;METROPOLITANA;0;0;0;0;0;0;0;0;0;DEPILADORA GAMA ESSENCIAL;PERSONAL CARE
18633455;Soltero;F;28;CHILENO;ENFERMERA;Millenial;PROVIDENCIA                   ;METROPOLITANA;0;0;0;0;0;0;0;0;0;SECADOR DE PELO SE-3049C01 FUCSIA;PERSONAL CARE
17854717;;F;30;CHILENO;;Millenial;LINARES                       ;MAULE;0;0;0;0;0;0;0;0;0;ALISADOR DE PELO SG-3540 MORADO MORADO;PERSONAL CARE
26712955;;F;28;VENEZOLANO;;Extranjero;CONCEPCION                    ;BIO BIO;0;0;0;0;0;0;0;0;0;ONDULADOR DE PELO SG-2411 25MM;PERSONAL CARE
13604997;;M;43;CHILENO;;X;CABRERO                       ;BIO BIO;0;0;0;0;0;0;0;0;0;CORTABARBA BT3206;PERSONAL CARE
14271412;;F;48;CHILENO;;X;PROVIDENCIA                   ;METROPOLITANA;0;0;0;0;0;0;0;0;0;CORTA PELO SG-8520;PERSONAL CARE
19460928;;M;26;CHILENO;;Z;PROVIDENCIA                   ;METROPOLITANA;0;0;0;0;0;0;0;0;0;OLLA CERA DEPILACION 500CC;PERSONAL CARE
13541107;;M;42;CHILENO;;X;SAN ANTONIO                   ;VALPARAISO;0;0;0;0;0;0;0;0;0;DEPILADORA BRE225/00;PERSONAL CARE
10715296;;F;56;CHILENO;;Boomers;VINA DEL MAR                  ;VALPARAISO;0;0;0;0;0;0;0;0;0;ALISADOR DE PELO ERGOSTYLER ION DUO ROJO;PERSONAL CARE
13495816;;F;44;CHILENO;;X;RENCA                         ;METROPOLITANA;0;0;0;0;0;0;0;0;0;ALISADOR ELEGANCE LED BLOOM VT;PERSONAL CARE
9279048;;M;56;CHILENO;;Boomers;SAN FELIPE                    ;VALPARAISO;0;0;0;0;0;0;0;0;0;DEPILADORA SKIN Pro Go 2;PERSONAL CARE
17884606;Soltero;F;30;CHILENO;KINESIOLOGO;Millenial;PROVIDENCIA                   ;METROPOLITANA;0;0;0;0;0;0;0;0;0;DEPILADORA SG-9004;PERSONAL CARE
11886837;Casado;F;51;CHILENO;;X;PROVIDENCIA                   ;METROPOLITANA;0;0;0;0;0;0;0;0;0;Secador Potenza Keration;PERSONAL CARE
19496901;;F;25;CHILENO;;Z;TOCOPILLA                     ;ANTOFAGASTA;0;0;0;0;0;0;0;0;0;ALISADOR +SECADOR PELO;PERSONAL CARE
19962759;;F;24;CHILENO;;Z;PROVIDENCIA                   ;METROPOLITANA;0;0;0;0;0;0;0;0;0;DEPILADORA SG-9003;PERSONAL CARE
9913635;Soltero;M;57;CHILENO;PROFESOR;Boomers;PROVIDENCIA                   ;METROPOLITANA;0;0;0;0;0;0;0;0;0;CORTA PELO SG-8200;PERSONAL CARE
17873541;;F;30;CHILENO;;Millenial;TENO                          ;MAULE;0;0;0;0;0;0;0;0;0;DEPILADORA OASIS LOOK BVT;PERSONAL CARE
13223393;;F;45;CHILENO;;X;OVALLE                        ;COQUIMBO;0;0;0;0;0;0;0;0;0;AFEITADORA S1323/41 ELECTRICA;PERSONAL CARE
25818758;;M;31;COLOMBIANO;;Extranjero;ANTOFAGASTA                   ;ANTOFAGASTA;0;0;0;0;0;0;0;0;0;SECADOR DE PELO SG-3012 NEGRO;PERSONAL CARE
18625581;Soltero;F;28;CHILENO;;Millenial;PROVIDENCIA                   ;METROPOLITANA;0;0;0;0;0;0;0;0;0;ALISADOR DE PELO SG-3512D1 ROSA;PERSONAL CARE
15818732;;F;38;CHILENO;;Millenial;CALLE LARGA;VALPARAISO;0;0;0;0;0;0;0;0;0;ALISADOR ELEGANCE LED QUINOA BVT;PERSONAL CARE
15371348;;F;39;CHILENO;;X;BUIN                          ;METROPOLITANA;0;0;0;0;0;0;0;0;0;CORTA PELO GC-615;PERSONAL CARE
7264767;;F;68;CHILENO;;Silencioso;VILLARICA                     ;ARAUCANIA;0;0;0;0;0;0;0;0;0;DEPILADORA SG-9004EX;PERSONAL CARE
13975849;Casado;F;41;CHILENO;;X;OVALLE                        ;COQUIMBO;0;0;0;0;0;0;0;0;0;CORTA PELO SG-8200;PERSONAL CARE
7422355;;M;66;CHILENO;;Boomers;CALAMA                        ;ANTOFAGASTA;0;0;0;0;0;0;0;0;0;KIT PG181;PERSONAL CARE
8007173;;F;63;CHILENO;;Boomers;RENCA                         ;METROPOLITANA;0;0;0;0;0;0;0;0;0;AFEITADORA GAMA 900;PERSONAL CARE
13295526;;M;45;CHILENO;;X;MAIPU                         ;METROPOLITANA;0;0;0;0;0;0;0;0;0;ALISADOR +SECADOR PELO;PERSONAL CARE
13262980;;F;44;CHILENO;;X;RENCA                         ;METROPOLITANA;0;0;0;0;0;0;0;0;0;DEPILADORA GAMA ESSENCIAL;PERSONAL CARE
7055011;;M;69;CHILENO;;Silencioso;SAN CARLOS                    ;BIO BIO;0;0;0;0;0;0;0;0;0;ALISADOR ELEGANCE LED KER;PERSONAL CARE
14552939;;F;40;CHILENO;;Millenial;"";"";0;0;0;0;0;0;0;0;0;KIT PG181;PERSONAL CARE
16116114;;M;37;CHILENO;;Millenial;PROVIDENCIA                   ;METROPOLITANA;0;0;0;0;0;0;0;0;0;SECADOR DE PELO TEMPO 3D 220 BLACK;PERSONAL CARE
15005996;;M;40;CHILENO;;X;ARICA                         ;ARICA Y PARINACOTA;0;0;0;0;0;0;0;0;0;AFEITADORA QP2521/50 ONE BLADE GRAFITO;PERSONAL CARE
18723854;;F;28;CHILENO;;Millenial;PROVIDENCIA                   ;METROPOLITANA;0;0;0;0;0;0;0;0;0;ALISADOR ELEGANCE LED BLOOM VT;PERSONAL CARE
16440892;;F;36;CHILENO;;Millenial;PROVIDENCIA                   ;METROPOLITANA;0;0;0;0;0;0;0;0;0;AFEITADORA SPORT;PERSONAL CARE
13791678;Casado;F;42;CHILENO;;X;PROVIDENCIA                   ;METROPOLITANA;0;0;0;0;0;0;0;0;0;CORTADOR DE PELO REMIGTON HC1095;PERSONAL CARE
14656248;;F;54;ECUATORIANO;;Extranjero;LA LIGUA                      ;VALPARAISO;0;0;0;0;0;0;0;0;0;ALISADORA SG-4653;PERSONAL CARE
12703098;;M;47;CHILENO;;X;MEJILLONES                    ;ANTOFAGASTA;0;0;0;0;0;0;0;0;0;DEPILADORA OASIS NEXT BVT;PERSONAL CARE
18606741;;F;28;CHILENO;;Millenial;"";"";0;0;0;0;0;0;0;0;0;TRICOMBO SECADOR+ALISADOR+ONDULAD;PERSONAL CARE
12736247;;F;47;CHILENO;;X;PUENTE ALTO                   ;METROPOLITANA;0;0;0;0;0;0;0;0;0;ALISADOR DE PELO HP8321 + ESTUCHE + CEPILLO;PERSONAL CARE
14140737;;F;40;CHILENO;;X;TALAGANTE                     ;METROPOLITANA;0;0;0;0;0;0;0;0;0;DEPILADORA OASIS NEXT BVT;PERSONAL CARE
17447037;;M;32;CHILENO;;Millenial;PROVIDENCIA                   ;METROPOLITANA;0;0;0;0;0;0;0;0;0;ALISADOR SIEGEN SG-4716;PERSONAL CARE
13896891;Soltero;F;42;CHILENO;;X;PENALOLEN                     ;METROPOLITANA;0;0;0;0;0;0;0;0;0;OLLA SG-1100 CALENTADORA DE CERA;PERSONAL CARE
16767238;;F;34;CHILENO;;Millenial;PROVIDENCIA                   ;METROPOLITANA;0;0;0;0;0;0;0;0;0;DEPILADORA CYBELE IPL GOLD 200 MIL PULSACIONES;PERSONAL CARE
15540553;;M;38;CHILENO;;X;PROVIDENCIA                   ;METROPOLITANA;0;0;0;0;0;0;0;0;0;ALISADOR DE PELO S12A(220) Shine Therapy PALTA M;PERSONAL CARE
26010068;;M;50;VENEZOLANO;;Extranjero;QUILPUE                       ;VALPARAISO;0;0;0;0;0;0;0;0;0;CORTA PELO SPORT GCX 623 BVT;PERSONAL CARE
15161623;Casado;F;40;CHILENO;ENFERMERA;X;PROVIDENCIA                   ;METROPOLITANA;0;0;0;0;0;0;0;0;0;SECADOR DIAMOND STD;PERSONAL CARE
9987093;;F;47;CHILENO;;X;COIHAIQUE                     ;AYSEN;0;0;0;0;0;0;0;0;0;ALISADOR DE PELO ELEGANCE TITAN KERATIN LED GRIS;PERSONAL CARE
15612298;;F;38;CHILENO;;X;TALCA                         ;MAULE;0;0;0;0;0;0;0;0;0;AFEITADORA SG-7210 NEGRO;PERSONAL CARE
12290998;;F;50;CHILENO;;X;PROVIDENCIA                   ;METROPOLITANA;0;0;0;0;0;0;0;0;0;SECADOR DE PELO SG-3025 SILVER;PERSONAL CARE
7879245;;M;64;CHILENO;;Boomers;RENCA                         ;METROPOLITANA;0;0;0;0;0;0;0;0;0;CORTA PELO SG-8520;PERSONAL CARE
6880239;;F;68;CHILENO;;Silencioso;ANTOFAGASTA                   ;ANTOFAGASTA;0;0;0;0;0;0;0;0;0;ALISADOR DE PELO SG-3540 MORADO MORADO;PERSONAL CARE
10838102;;M;53;CHILENO;;X;RENCA                         ;METROPOLITANA;0;0;0;0;0;0;0;0;0;SECADOR DE PELO SG-3012 NEGRO;PERSONAL CARE
16272888;;M;36;CHILENO;;Millenial;PROVIDENCIA                   ;METROPOLITANA;0;0;0;0;0;0;0;0;0;DEPILADORA OASIS NEXT BVT;PERSONAL CARE
14432067;Casado;F;47;CHILENO;;X;LA UNION                      ;LOS RIOS;0;0;0;0;0;0;0;0;0;DEPILADORA SE1170 BRAUN;PERSONAL CARE
19721302;;F;24;CHILENO;;Z;BUIN                          ;METROPOLITANA;0;0;0;0;0;0;0;0;0;AFEITADORA GAMA 890;PERSONAL CARE
8219257;;F;62;CHILENO;;Boomers;RANCAGUA                      ;L.G.B.OÂ´HIGGINS;0;0;0;0;0;0;0;0;0;SECADOR DE PELO TEMPO MORADO;PERSONAL CARE
12968807;;M;46;CHILENO;;X;"";"";0;0;0;0;0;0;0;0;0;DEPILADORA SG-9004EX;PERSONAL CARE
11962597;;F;50;CHILENO;;X;PROVIDENCIA                   ;METROPOLITANA;0;0;0;0;0;0;0;0;0;AFEITADORA SG-7210 NEGRO;PERSONAL CARE
16629750;;F;34;CHILENO;;Millenial;N/D;N/D;0;0;0;0;0;0;0;0;0;BALANZA FIT ULTRA;PERSONAL CARE
16194804;;M;36;CHILENO;;Millenial;PROVIDENCIA                   ;METROPOLITANA;0;0;0;0;0;0;0;0;0;AFEITADORA PR1342 ROTATIVA RECARGABLE;PERSONAL CARE
17720295;Soltero;F;28;CHILENO;TERAPEUTA OCUPACIONAL;Millenial;PROVIDENCIA                   ;METROPOLITANA;0;0;0;0;0;0;0;0;0;ALISADOR DE PELO SG-3512D1 ROSA;PERSONAL CARE
14526035;;F;48;CHILENO;;X;N/D;N/D;0;0;0;0;0;0;0;0;0;TOMA PRESION BP-309 BAT MUNECA;PERSONAL CARE
19848447;;F;24;CHILENO;;Silencioso;N/D;N/D;0;0;0;0;0;0;0;0;0;CORTA PELO GM 562;PERSONAL CARE
17802675;;F;31;CHILENO;;Millenial;PROVIDENCIA                   ;METROPOLITANA;0;0;0;0;0;0;0;0;0;DEPILADORA HP-6543;PERSONAL CARE
16537237;;M;35;CHILENO;;Millenial;SAN JAVIER                    ;MAULE;0;0;0;0;0;0;0;0;0;SECADOR DE PELO SG-3035 NEGRO;PERSONAL CARE
19145460;;F;26;CHILENO;;Z;VALLENAR;ATACAMA;0;0;0;0;0;0;0;0;0;ALISADOR DE PELO S7740 TRIPLE INFUSION;PERSONAL CARE
17760625;Soltero;M;30;CHILENO;TECNOLOGO MEDICO;Millenial;PROVIDENCIA                   ;METROPOLITANA;0;0;0;0;0;0;0;0;0;COMBO BALANZA NEGRA+SECADOR DIAMOND ST NEGRO;PERSONAL CARE
18759254;;F;27;CHILENO;;Millenial;PROVIDENCIA                   ;METROPOLITANA;0;0;0;0;0;0;0;0;0;CORTA PELO SG-8520;PERSONAL CARE
7112087;;M;67;CHILENO;;Boomers;CURICO                        ;MAULE;0;0;0;0;0;0;0;0;0;CORTA PELO HC1080 ACERO;PERSONAL CARE
5215835;;M;74;CHILENO;;Silencioso;CALAMA                        ;ANTOFAGASTA;0;0;0;0;0;0;0;0;0;AFEITADORA PR1342 ROTATIVA RECARGABLE;PERSONAL CARE
10302038;;M;54;CHILENO;;X;RECOLETA                      ;METROPOLITANA;0;0;0;0;0;0;0;0;0;CORTA PELO GM 562;PERSONAL CARE
13360144;;F;44;CHILENO;;X;CANELA                        ;COQUIMBO;0;0;0;0;0;0;0;0;0;ALISADOR DE PELO S1520 CERAMIC COLORS-AZUL;PERSONAL CARE
17387378;;F;32;CHILENO;;Millenial;PROVIDENCIA                   ;METROPOLITANA;0;0;0;0;0;0;0;0;0;ONDULADOR DE PELO TURMALINA 25MM;PERSONAL CARE
16078082;;M;36;CHILENO;;Millenial;SAN FELIPE                    ;VALPARAISO;0;0;0;0;0;0;0;0;0;AFEITADORA S-5050;PERSONAL CARE
12196088;;M;49;CHILENO;;X;PITRUFQUEN                    ;ARAUCANIA;0;0;0;0;0;0;0;0;0;ALISADOR DE PELO SG-3510 FUCSIA;PERSONAL CARE
15740231;Casado;F;38;CHILENO;;X;VILLA ALEMANA                 ;VALPARAISO;1299990;2;1;0;0;0;2;1;1299990;SCOOTER TAKASAKI SY150T-28 COLOR BLANCO;MOTOCICLETAS
18214913;;F;30;CHILENO;;Millenial;PROVIDENCIA                   ;METROPOLITANA;37970;3;1;3;1;37970;0;0;0;ESTACION DE POLICIA;MERCADO ABC
18011895;;F;30;CHILENO;;Millenial;LA SERENA                     ;COQUIMBO;39980;2;1;2;1;39980;0;0;0;MESA DE CENTRO LUZ PEROLA - CARAMELO FVTX;MERCADO ABC
18297864;Casado;F;29;CHILENO;CHEF;Millenial;VINA DEL MAR;VALPARAISO;25183;2;1;2;1;25183;0;0;0;CORREPASILLOS MOTONETA C SONIDO Y LUCES AZUL;MERCADO ABC
11696148;;F;50;CHILENO;;X;CANETE                        ;BIO BIO;385960;4;3;2;1;325980;2;2;59980;Seccional Derecho Isabella Terracota;MERCADO ABC
17799885;;M;31;CHILENO;;Silencioso;PROVIDENCIA                   ;METROPOLITANA;468970;3;2;3;2;468970;0;0;0;Parrilla Michigan 3Quemadores + Quem. Lateral;MERCADO ABC
11630413;;F;52;CHILENO;;X;N/D;N/D;1496920;16;9;0;0;0;16;9;1496920;Seccional Derecho Isabella Chocolate;MERCADO ABC
15364696;Casado;F;40;CHILENO;DISENADOR INDUSTRIAL;X;PROVIDENCIA                   ;METROPOLITANA;56980;2;1;2;1;56980;0;0;0;Alfombra Frise Manhattan 3D 160x230 Farum;MERCADO ABC
20131891;;M;23;CHILENO;;Silencioso;PROVIDENCIA                   ;METROPOLITANA;754940;8;3;8;3;754940;0;0;0;Trotadora Electrica Spirig 1,5HP;MERCADO ABC
15893288;Soltero;M;37;CHILENO;;Extranjero;PROVIDENCIA                   ;METROPOLITANA;23970;3;1;3;1;23970;0;0;0;SENSOR PUERTAS Y VENTANAS APP TUYA HYUNDAI;MERCADO ABC
19800062;;M;23;CHILENO;;Z;PROVIDENCIA                   ;METROPOLITANA;360980;2;1;2;1;360980;0;0;0;LIVING 3.1.1 AMAPOLA CAFE;MERCADO ABC
14238960;;M;49;CHILENO;;X;N/D;N/D;797460;4;2;4;2;797460;0;0;0;Comedor Cruz Vidrio Negro con 6 sillas Joli Marr;MERCADO ABC
17114437;;M;33;CHILENO;;Millenial;RENCA                         ;METROPOLITANA;81980;2;1;2;1;81980;0;0;0;S.AUTO ORBIT 1029 NEGRA;MERCADO ABC
7380538;;M;68;CHILENO;;Boomers;PROVIDENCIA                   ;METROPOLITANA;84980;2;1;2;1;84980;0;0;0;MESA DE COCINA KITCHEN - BLANCO NEVADO MBD 5800;MERCADO ABC
18011974;;F;30;CHILENO;;Millenial;PROVIDENCIA                   ;METROPOLITANA;93980;2;1;2;1;93980;0;0;0;Rack Montreal Pino Marfil 150x38.5x69cm;MERCADO ABC
16013987;;M;37;CHILENO;;Millenial;MAIPU;METROPOLITANA;71940;4;1;4;1;71940;0;0;0;Sabana Bord. 180 Hilos 1.5 P Ramas Celeste;MERCADO ABC
19702804;;M;23;CHILENO;;Z;PUENTE ALTO                   ;METROPOLITANA;116940;6;3;6;3;116940;0;0;0;Pesa Digital Balanza Bano Bluetooth Negra Inteli;MERCADO ABC
11650668;;F;52;CHILENO;;X;N/D;N/D;125960;4;2;4;2;125960;0;0;0;BATERIA 8 PIEZAS CORDILLERA;MERCADO ABC
26348154;;F;51;VENEZOLANO;;Extranjero;PROVIDENCIA                   ;METROPOLITANA;166440;5;2;5;2;166440;0;0;0;Plumon 1,5P Dragon Ball Z Vegeta;MERCADO ABC
24787783;;F;28;COLOMBIANO;;Extranjero;PROVIDENCIA                   ;METROPOLITANA;32980;2;1;2;1;32980;0;0;0;OLLA A PRESION ALUMAX 8 LTS;MERCADO ABC
18630331;;M;28;CHILENO;;Millenial;PROVIDENCIA                   ;METROPOLITANA;25970;3;1;3;1;25970;0;0;0;Frazada Termica 2 P Cuadros Verde O/Amarillo;MERCADO ABC
26465607;;F;28;VENEZOLANO;;Extranjero;SANTIAGO                      ;METROPOLITANA;248970;3;2;3;2;248970;0;0;0;SET DE UKELELE;MERCADO ABC
18470677;Soltero;M;31;CHILENO;PROFESOR;Millenial;PROVIDENCIA                   ;METROPOLITANA;226960;4;3;4;3;226960;0;0;0;BAR ESQUINERO KAVA BEIJING CONAC BLC 4457;MERCADO ABC
15162477;;F;42;CHILENO;;X;RENCA                         ;METROPOLITANA;117980;2;1;2;1;117980;0;0;0;ESCRITORIO MOD S975 - NOGAL;MERCADO ABC
26882005;;F;33;EXTRANJERO - NO INFORMA NACIONALIDAD;;Extranjero;PROVIDENCIA                   ;METROPOLITANA;747600;6;3;4;2;627620;2;1;119980;COMEDOR ROMA VIDRIO- 6 SILLAS MARRON;MERCADO ABC
17712460;;F;31;CHILENO;;Millenial;CALDERA                       ;ATACAMA;795910;11;5;2;1;88980;9;4;706930;KIT COCINA 120 BOTA CAFE - CREMA FVTX;MERCADO ABC
6049822;;M;69;CHILENO;;Silencioso;PEDRO AGUIRRE CERDA           ;METROPOLITANA;63980;2;1;0;0;0;2;1;63980;Casa Para Perro Pequena Coolpets 755966Cms;MERCADO ABC
14059680;;F;41;CHILENO;;X;PENCO                         ;BIO BIO;32980;2;1;2;1;32980;0;0;0;TABLA DE PLANCHAR ROB BLANCO FVTX;MERCADO ABC
18092928;;F;29;CHILENO;;Millenial;RAUCO;MAULE;217930;7;3;7;3;217930;0;0;0;MESA PARA TV BENGALA(1C) WG MLW 3888;MERCADO ABC
19664689;;F;23;CHILENO;;Z;"";"";31980;2;1;2;1;31980;0;0;0;Rodado Con Pedales 3 Ruedas;MERCADO ABC
17613955;Casado;M;31;CHILENO;MEDICO CIRUJANO;Silencioso;PROVIDENCIA                   ;METROPOLITANA;709980;2;1;2;1;709980;0;0;0;SOFA CAMA LOUISE TELA ARENA;MERCADO ABC
14609412;;M;41;CHILENO;;X;VILLARICA                     ;ARAUCANIA;714950;5;2;5;2;714950;0;0;0;Seccional Intercambiable Matheus Cafe;MERCADO ABC
13184874;;F;45;CHILENO;;X;SAN ESTEBAN                   ;VALPARAISO;286890;9;3;9;3;286890;0;0;0;BANCO CARPINTERO;MERCADO ABC
19086787;;F;26;CHILENO;;Z;N/D;N/D;167500;5;2;5;2;167500;0;0;0;CASA PARA PERRO RIMAX PEQUENA TECHO AZUL;MERCADO ABC
17811502;;F;30;CHILENO;;Millenial;N/D;N/D;76960;3;1;3;1;76960;0;0;0;Sabanas Isidora 180 hilos con Bolillo 2 plazas;MERCADO ABC
18311988;;M;29;CHILENO;;Millenial;PROVIDENCIA                   ;METROPOLITANA;105480;2;1;2;1;105480;0;0;0;RACK R400 3 PUERTAS BLANCO;MERCADO ABC
7299247;;M;67;CHILENO;;Boomers;PUERTO MONTT                  ;LOS LAGOS;418980;2;3;0;0;0;2;3;418980;SOFA MIRA 3 CPO CUE BITONO RSN;MERCADO ABC
19498881;;F;25;CHILENO;;Z;PROVIDENCIA                   ;METROPOLITANA;207960;4;2;4;2;207960;0;0;0;Cajonero Rimax Rattan 4G Mocca;MERCADO ABC
20219905;;F;23;CHILENO;;Z;LA FLORIDA;METROPOLITANA;52960;4;1;4;1;52960;0;0;0;Set Mancuernas Con Barra Ajustable 20Kg K-FIT;MERCADO ABC
16938595;;F;34;CHILENO;;Millenial;PROVIDENCIA                   ;METROPOLITANA;486980;2;1;2;1;486980;0;0;0;COMEDOR 1.16 JULIEN+4S TAI;MERCADO ABC
13456278;Soltero;F;44;CHILENO;;X;RENCA                         ;METROPOLITANA;36980;2;1;2;1;36980;0;0;0;CAJONERO RATTAN 3 CAJONES RIMAX MOCA;MERCADO ABC
17281352;Soltero;F;32;CHILENO;ENFERMERA;Millenial;PROVIDENCIA                   ;METROPOLITANA;80980;2;1;2;1;80980;0;0;0;MUEBLE DE LAVAMANOS MADRID - CONAC MLC 4493;MERCADO ABC
17775773;Soltero;M;31;CHILENO;;Millenial;RENCA                         ;METROPOLITANA;459460;4;2;4;2;459460;0;0;0;ESCRITORIO 2L BILBAO - MIEL / WENGUE EMW 4295;MERCADO ABC
5902682;;M;68;CHILENO;;Silencioso;PROVIDENCIA                   ;METROPOLITANA;39540;2;1;2;1;39540;0;0;0;Set Mancuernas Con Barra Ajustable 30Kg K-FIT;MERCADO ABC
17906828;;M;30;CHILENO;;Millenial;PROVIDENCIA                   ;METROPOLITANA;39990;1;1;1;1;39990;0;0;0;GUITARRA CLASICA MS139 39 NATURAL;MERCADO ABC
19144506;;F;25;CHILENO;;Z;PROVIDENCIA                   ;METROPOLITANA;36980;2;1;2;1;36980;0;0;0;COLCHON CON ALMOHADA MASCOTA T/M;MERCADO ABC
18728849;;F;34;CHILENO;;Millenial;PROVIDENCIA                   ;METROPOLITANA;27980;2;1;2;1;27980;0;0;0;CORREPASILLOS C SONIDO AMARILLO;MERCADO ABC
8072585;;F;69;CHILENO;;Silencioso;PUERTO MONTT                  ;LOS LAGOS;1502920;7;1;0;0;0;7;1;1502920;SOFA FLORIDA 3 CUERPOS CAFE CLARO;MERCADO ABC
18596338;Soltero;F;28;CHILENO;;Millenial;PROVIDENCIA                   ;METROPOLITANA;53980;2;1;2;1;53980;0;0;0;CAMA ACOLCHADA MASCOTA T/M;MERCADO ABC
16886482;;F;34;CHILENO;;Millenial;CONCON;VALPARAISO;177960;4;2;4;2;177960;0;0;0;Bicicleta De Spinning Strong Pro-Fit K-FIT;MERCADO ABC
19600397;;F;33;CHILENO;;Millenial;N/D;N/D;31840;2;1;2;1;31840;0;0;0;CORREPASILLOS MOTONETA C SONIDO Y LUCES AZUL;MERCADO ABC
19558460;;M;25;CHILENO;;Silencioso;PROVIDENCIA                   ;METROPOLITANA;36980;2;1;2;1;36980;0;0;0;Set Mancuernas Con Barra Ajustable 15Kg K-FIT;MERCADO ABC
13789936;;M;42;CHILENO;;X;N/D;N/D;80940;6;1;6;1;80940;0;0;0;TRANSFORMER CON 15 BLOQUES Y SONIDOS;MERCADO ABC
14551814;;M;46;CHILENO;;X;TALCA;MAULE;66480;2;1;2;1;66480;0;0;0;S.AUTO ORBIT 1029 ROSA;MERCADO ABC
9853731;;F;58;CHILENO;;Boomers;CHIGUAYANTE                   ;BIO BIO;74990;1;1;0;0;0;1;1;74990;GUITARRA ELECTROACUSTICA MEAN1 NEGRA;MERCADO ABC
17184091;;F;33;CHILENO;;Millenial;RENCA                         ;METROPOLITANA;85480;2;1;2;1;85480;0;0;0;GUITARRA ELECTROACUSTICA 41 FD-EAG10;MERCADO ABC
19771166;;M;24;CHILENO;;Z;PROVIDENCIA                   ;METROPOLITANA;238520;4;2;4;2;238520;0;0;0;Set Mancuernas Con Barra Ajustable 15Kg K-FIT;MERCADO ABC
9068822;;M;60;CHILENO;;Silencioso;PROVIDENCIA                   ;METROPOLITANA;29840;2;1;2;1;29840;0;0;0;TIENDA DE JUEGO ROSADA GAMEPOWER;MERCADO ABC
20124670;;F;23;CHILENO;;Z;PROVIDENCIA                   ;METROPOLITANA;389980;2;1;2;1;389980;0;0;0;Trotadora RUNNER 300 Negro;MERCADO ABC
8198127;Soltero;F;62;CHILENO;ENFERMERA;Boomers;RENCA                         ;METROPOLITANA;68980;2;1;0;0;0;2;1;68980;GUITARRA CLASICA MS139 39 NEGRO;MERCADO ABC
9903187;;F;56;CHILENO;;Boomers;PUENTE ALTO;METROPOLITANA;67960;3;1;3;1;67960;0;0;0;MESA LATERAL TAO CANELA FAVATEX;MERCADO ABC
11544672;;M;52;CHILENO;;X;DALCAHUE                      ;LOS LAGOS;59990;1;1;0;0;0;1;1;59990;TECLADO NU003 61 TECLAS NEGRO POLIFONICO;MERCADO ABC
20263290;;M;22;CHILENO;;Z;N/D;N/D;31980;2;1;2;1;31980;0;0;0;Andador Moby 7106 Amari;MERCADO ABC
8990463;;F;63;CHILENO;;Boomers;MELIPILLA                     ;METROPOLITANA;0;0;0;0;0;0;0;0;0;PARRILLA CARBON CON 5 PISICIONES DE ALTURA;MERCADO ABC
16100105;;M;36;CHILENO;;Silencioso;PROVIDENCIA                   ;METROPOLITANA;0;0;0;0;0;0;0;0;0;Rack modelo lis tv hasta 70 color blanco/coral;MERCADO ABC
19477720;;F;25;CHILENO;;Z;PROVIDENCIA                   ;METROPOLITANA;0;0;0;0;0;0;0;0;0;JUEGO COMEDOR ANGELMO 4 SILLAS;MERCADO ABC
15012148;;F;38;CHILENO;;Millenial;QUILPUE                       ;VALPARAISO;0;0;0;0;0;0;0;0;0;JUEGO CLASICOS PACMAN 85C ANS;MERCADO ABC
17321375;;F;32;CHILENO;;Millenial;N/D;N/D;0;0;0;0;0;0;0;0;0;BERGERE SAVERNE TELA CHEX GRIS;MERCADO ABC
13158394;;M;45;CHILENO;;X;RENCA                         ;METROPOLITANA;0;0;0;0;0;0;0;0;0;MINI TRAMPOLIN 38;MERCADO ABC
15117512;;M;40;CHILENO;;X;PROVIDENCIA                   ;METROPOLITANA;0;0;0;0;0;0;0;0;0;SET 2 JUEGOS SABANAS POLAR BLUE 2P M M;MERCADO ABC
16799578;;F;34;CHILENO;;Silencioso;PROVIDENCIA                   ;METROPOLITANA;0;0;0;0;0;0;0;0;0;UKELELE SOPRANO CON FUNDA SEMIACOLCHADA;MERCADO ABC
8198332;;M;49;CHILENO;;X;N/D;N/D;0;0;0;0;0;0;0;0;0;BERGERE T101 NEGRO RSN;MERCADO ABC
17476156;;F;32;CHILENO;;Millenial;PROVIDENCIA                   ;METROPOLITANA;0;0;0;0;0;0;0;0;0;Set Terraza Mesa + 2 Sillas Plegables Rimax;MERCADO ABC
20410028;;F;22;CHILENO;;Silencioso;PROVIDENCIA                   ;METROPOLITANA;0;0;0;0;0;0;0;0;0;TIRO AL BLANCO PEDESTAL;MERCADO ABC
16592418;;F;35;CHILENO;;Millenial;RENCA                         ;METROPOLITANA;0;0;0;0;0;0;0;0;0;CORREPASILLO CARITA PINK;MERCADO ABC
11861988;Divorciado;F;51;CHILENO;SECRETARIA;X;PROVIDENCIA                   ;METROPOLITANA;0;0;0;0;0;0;0;0;0;SILLA COMEDOR TERRAZA;MERCADO ABC
13746631;;F;42;CHILENO;;X;OVALLE                        ;COQUIMBO;0;0;0;0;0;0;0;0;0;DOMINO ANIMAL;MERCADO ABC
16758566;Soltero;F;34;CHILENO;AUXILIAR DE FARMACIA PRIVADA;Millenial;SAN ANTONIO                   ;VALPARAISO;0;0;0;0;0;0;0;0;0;31654 CRANIUM AL INSTANTE;MERCADO ABC
18719865;;M;28;CHILENO;;Millenial;N/D;N/D;0;0;0;0;0;0;0;0;0;CORREPASILLO CON TOLDO;MERCADO ABC
12177098;;F;50;CHILENO;;X;RENCA                         ;METROPOLITANA;0;0;0;0;0;0;0;0;0;BATMAN REALIDAD VIRTUAL 765 FYF;MERCADO ABC
14543789;;M;42;CHILENO;;X;PROVIDENCIA                   ;METROPOLITANA;0;0;0;0;0;0;0;0;0;CORREPASILLO CON TOLDO ROJO;MERCADO ABC
16726450;Soltero;M;34;CHILENO;CIRUJANO DENTISTA;Millenial;PROVIDENCIA                   ;METROPOLITANA;0;0;0;0;0;0;0;0;0;SILLA COMEDOR TERRAZA;MERCADO ABC
15383598;;F;39;CHILENO;;X;LA FLORIDA                    ;METROPOLITANA;0;0;0;0;0;0;0;0;0;SILLA COMEDOR TERRAZA;MERCADO ABC
19537197;;F;24;CHILENO;;Z;N/D;N/D;0;0;0;0;0;0;0;0;0;CUCHILLERIA 24P ACERO AUSTRIA;MERCADO ABC
9344325;Casado;F;59;CHILENO;;Boomers;RENCA                         ;METROPOLITANA;0;0;0;0;0;0;0;0;0;AUTO R/C GIRA360;MERCADO ABC
11738245;;M;50;CHILENO;;X;PROVIDENCIA                   ;METROPOLITANA;0;0;0;0;0;0;0;0;0;SET DINOSAURIO AUTO HELICOPTERO Y FIGURAS;MERCADO ABC
9812093;;M;59;CHILENO;;Boomers;SALAMANCA                     ;COQUIMBO;0;0;0;0;0;0;0;0;0;PLUMON BICOLOR BLUE 1,5P;MERCADO ABC
21871427;;F;29;CHILENO;;Millenial;VINA DEL MAR                  ;VALPARAISO;0;0;0;0;0;0;0;0;0;QUILT REVERSIBLE ONDAS C/ FLECOS 2P;MERCADO ABC
8783906;Casado;M;56;CHILENO;;Boomers;RENCA                         ;METROPOLITANA;0;0;0;0;0;0;0;0;0;QUITASOL LATERAL 3X3MTSxH265CM;MERCADO ABC
9809608;;F;57;CHILENO;;Boomers;LLAILLAY                      ;VALPARAISO;0;0;0;0;0;0;0;0;0;TETERA 3,6L;MERCADO ABC
16687334;;F;34;CHILENO;;Millenial;PUNTA ARENAS                  ;MAGALLANES;0;0;0;0;0;0;0;0;0;COLADOR PLASTICO 10CM - CLASICA;MERCADO ABC
24948914;;F;37;BOLIVIANO;;Extranjero;CALAMA                        ;ANTOFAGASTA;0;0;0;0;0;0;0;0;0;BATERIA DE COCINA NEGRA 9 PCS;MERCADO ABC
5442589;;F;83;CHILENO;;Silencioso;VINA DEL MAR                  ;VALPARAISO;0;0;0;0;0;0;0;0;0;BATERIA DE COCINA 12 PZS ALUMINIO;MERCADO ABC
7489666;;F;66;CHILENO;;Boomers;ILLAPEL                       ;COQUIMBO;0;0;0;0;0;0;0;0;0;PLUMON MICROFIBRA ROUGE 1,5P;MERCADO ABC
15814259;;M;37;CHILENO;;Millenial;CURACO DE VELEZ               ;LOS LAGOS;0;0;0;0;0;0;0;0;0;CUCHILLERIA 24P ACERO AUSTRIA;MERCADO ABC
14556345;;M;46;CHILENO;;X;N/D;N/D;0;0;0;0;0;0;0;0;0;PLUMON BICOLOR BLUE 1,5P;MERCADO ABC
10072991;;F;59;CHILENO;;Boomers;SAN RAMON                     ;METROPOLITANA;0;0;0;0;0;0;0;0;0;SABANAS 144H EST 1,5P OCRE;MERCADO ABC
25895996;;F;43;VENEZOLANO;;Extranjero;SANTIAGO                      ;METROPOLITANA;0;0;0;0;0;0;0;0;0;PISO BANO OVALADO 40X60;MERCADO ABC
16842418;Soltero;M;33;CHILENO;;Millenial;PROVIDENCIA                   ;METROPOLITANA;0;0;0;0;0;0;0;0;0;PACK SABANAS 2P OCRE LINEAS;MERCADO ABC
